configuration,question_id,n_candidates,prefiltered,pool_size,K,lam,gamma_effective,selected_count,selected_ranks,gold_ranks,gold_in_pool,gold_selected,gold_pool_count,gold_selected_count,quality_sum_selected,quality_mean_selected,pair_count_selected,b_pair_sum_selected,w_pair_sum_selected,residual_pair_sum_selected,objective_without_constant,qubo_energy_recomputed,recorded_energy,recorded_terms_total,exact_optimal_under_w,best_objective_under_w,objective_regret,combination_count,a_pool_mean,a_pool_std,a_pool_min,a_pool_q10,a_pool_q50,a_pool_q90,a_pool_max,a_selected_mean,a_selected_std,a_selected_min,a_selected_q10,a_selected_q50,a_selected_q90,a_selected_max,b_pool_mean,b_pool_std,b_pool_min,b_pool_q10,b_pool_q50,b_pool_q90,b_pool_max,b_selected_mean,b_selected_std,b_selected_min,b_selected_q10,b_selected_q50,b_selected_q90,b_selected_max,w_pool_mean,w_pool_std,w_pool_min,w_pool_q10,w_pool_q50,w_pool_q90,w_pool_max,w_selected_mean,w_selected_std,w_selected_min,w_selected_q10,w_selected_q50,w_selected_q90,w_selected_max,residual_pool_mean,residual_pool_std,residual_pool_min,residual_pool_q10,residual_pool_q50,residual_pool_q90,residual_pool_max,residual_selected_mean,residual_selected_std,residual_selected_min,residual_selected_q10,residual_selected_q50,residual_selected_q90,residual_selected_max
qore_as_control,nq_0,50,True,15,5,2.0,0.5,5,0;1;25;32;37,0;1;4;38,1,1,3,2,4.651345229987886,0.9302690459975771,10,8.54112862304598,4.27056431152299,0.0,-0.3807809184648958,-50.38078091846489,-50.3807809184649,-50.38078091846489,True,-0.3807809184648958,0.0,3003,0.6954076668625202,0.22858955068262507,0.2905352114913259,0.3477799280138798,0.7782883320883904,0.9707335292412549,1.0,0.9302690459975771,0.06258803143681826,0.8392681420813102,0.8565923480079869,0.9348276468194453,0.9978683136756512,1.0,0.84504695520103,0.05480203067357499,0.7315275149424315,0.7803308574414901,0.8371791211299134,0.9182245904344735,0.9546248272224303,0.8541128623045979,0.05306950606707552,0.7935596433002927,0.7957951283410465,0.849582073861139,0.932401675562219,0.9339137450017412,0.422523477600515,0.027401015336787495,0.36576375747121576,0.39016542872074506,0.4185895605649567,0.45911229521723673,0.4773124136112151,0.42705643115229897,0.02653475303353776,0.39677982165014636,0.39789756417052324,0.4247910369305695,0.4662008377811095,0.4669568725008706,0.0,0.0,0.0,0.0,0.0,0.0,0.0,0.0,0.0,0.0,0.0,0.0,0.0,0.0
qore_as_control,nq_1,50,True,15,5,2.0,0.5,5,1;12;30;43;48,0;1;7;9;14;30,1,1,5,2,4.953911101777492,0.9907822203554983,10,7.231898500225278,3.615949250112639,0.0,-1.3379618516648528,-51.33796185166485,-51.33796185166486,-51.33796185166485,True,-1.3379618516648528,0.0,3003,0.8639052672390833,0.16388658889443072,0.5558162086154392,0.6006478350684598,0.975722234362328,0.9990451281563338,1.0,0.9907822203554983,0.008221658782613026,0.975722234362328,0.981531145366935,0.9923038044660316,0.9982562204301149,1.0,0.8002189231544901,0.07068623992456836,0.5748703822428153,0.6940824859924525,0.8198892321751923,0.8661154586975607,0.9804006111199353,0.7231898500225278,0.0720891293767687,0.5748703822428153,0.6449385270722676,0.727373102895465,0.8035481954222434,0.8305628905463935,0.40010946157724503,0.03534311996228418,0.28743519112140764,0.34704124299622624,0.40994461608759614,0.43305772934878034,0.49020030555996763,0.3615949250112639,0.03604456468838435,0.28743519112140764,0.3224692635361338,0.3636865514477325,0.4017740977111217,0.41528144527319677,0.0,0.0,0.0,0.0,0.0,0.0,0.0,0.0,0.0,0.0,0.0,0.0,0.0,0.0
qore_as_control,nq_2,50,True,15,5,2.0,0.5,5,0;1;32;37;47,0;1;6;7;16;19;22;23;32;33;35;38;45,1,1,5,3,2.577519988485161,0.5155039976970321,10,6.9611088309995095,3.4805544154997548,0.0,0.9030344270145938,-49.096965572985404,-49.096965572985404,-49.096965572985404,True,0.9030344270145938,0.0,3003,0.22484116569570436,0.28837841613678655,0.03044310099209357,0.03299282421648798,0.12450390732661144,0.6398982811870063,1.0,0.5155039976970321,0.34003029074323676,0.1675297902923603,0.19365374683071473,0.33196014372863014,0.9380761491303696,1.0,0.6836549450417442,0.07819619538884955,0.5294433976582195,0.5848300682742998,0.6826258850143849,0.7601253642533016,0.9914678296876349,0.696110883099951,0.1290005241152224,0.5294433976582195,0.5450017873505875,0.6982608293433419,0.7979585093999697,0.9914678296876349,0.3418274725208721,0.03909809769442477,0.26472169882910973,0.2924150341371499,0.34131294250719246,0.3800626821266508,0.49573391484381746,0.3480554415499755,0.0645002620576112,0.26472169882910973,0.27250089367529373,0.34913041467167094,0.39897925469998485,0.49573391484381746,0.0,0.0,0.0,0.0,0.0,0.0,0.0,0.0,0.0,0.0,0.0,0.0,0.0,0.0
qore_as_control,nq_3,50,True,15,5,2.0,0.5,5,4;29;37;45;49,4;6;24;29;37;45;47;49,1,1,8,5,4.886831560180945,0.9773663120361891,10,8.856787463091608,4.428393731545804,0.0,-0.45843782863514093,-50.45843782863514,-50.45843782863514,-50.45843782863514,True,-0.45843782863514093,0.0,3003,0.6488217968144936,0.373874638717219,0.11628361549214983,0.1269956989650969,0.8773408311169042,0.9959425045269324,1.0,0.9773663120361891,0.031190666060200142,0.9166791270391447,0.9417499170367502,0.9926764706912634,0.9992479441669514,1.0,0.8770839478405789,0.05203005428390668,0.7335027086765308,0.7959126644359245,0.885940961482407,0.9362356605323047,0.9648015792053208,0.8856787463091609,0.03960406417755598,0.8235275241142893,0.8388334778521304,0.8875584679418291,0.9213332469499077,0.9587757464696431,0.43854197392028943,0.02601502714195334,0.3667513543382654,0.3979563322179622,0.4429704807412035,0.46811783026615233,0.4824007896026604,0.44283937315458044,0.01980203208877799,0.41176376205714466,0.4194167389260652,0.44377923397091457,0.46066662347495385,0.47938787323482157,0.0,0.0,0.0,0.0,0.0,0.0,0.0,0.0,0.0,0.0,0.0,0.0,0.0,0.0
qore_as_control,nq_4,50,True,15,5,2.0,0.5,5,0;16;26;29;40,0;3;7;16;24;26;27;33;40;47,1,1,10,4,4.92330446547078,0.984660893094156,10,8.538989055969182,4.269494527984591,0.0,-0.653809937486189,-50.65380993748619,-50.65380993748619,-50.65380993748619,True,-0.653809937486189,0.0,3003,0.9113224950959051,0.11993890459505818,0.565046861290938,0.7578513971947919,0.9536035261757196,0.9934595014659637,1.0,0.984660893094156,0.015235231736811027,0.9573064170726214,0.9666835562601132,0.9884488427406037,0.9987199762464815,1.0,0.8621608599217513,0.049494517849883235,0.7828573157131418,0.801528309997786,0.8540748480942886,0.9390994381775845,0.9961978873983273,0.8538989055969182,0.037165515244139136,0.7936334192159885,0.8048739331658882,0.8576456948968794,0.8991801478727514,0.9274032216896974,0.43108042996087564,0.024747258924941617,0.3914286578565709,0.400764154998893,0.4270374240471443,0.46954971908879223,0.49809894369916363,0.4269494527984591,0.018582757622069568,0.39681670960799426,0.4024369665829441,0.4288228474484397,0.4495900739363757,0.4637016108448487,0.0,0.0,0.0,0.0,0.0,0.0,0.0,0.0,0.0,0.0,0.0,0.0,0.0,0.0
qore_as_control,nq_5,50,True,15,5,2.0,0.5,5,0;5;8;10;21,19;44,1,0,2,0,3.6462572718587354,0.7292514543717471,10,8.888063393982742,4.444031696991371,0.0,0.7977744251326357,-49.20222557486736,-49.20222557486737,-49.20222557486736,True,0.7977744251326357,0.0,3003,0.34472967078393685,0.2965196778300248,0.041979128378639076,0.05062070202353751,0.24670706198671444,0.727691902733077,1.0,0.7292514543717471,0.14812555477582529,0.5748247679972405,0.5971748237321418,0.6837382759156182,0.9027977282445532,1.0,0.8577232414320025,0.041658605204728735,0.7706363317502762,0.8021359459682343,0.8579986361669506,0.9151032761107717,0.9498130575018967,0.8888063393982742,0.03318003622246618,0.8253358999437135,0.8515022859569994,0.8908637194271076,0.9205579341626748,0.9401880407050404,0.42886162071600126,0.020829302602364368,0.3853181658751381,0.40106797298411717,0.4289993180834753,0.45755163805538585,0.47490652875094835,0.4444031696991371,0.01659001811123309,0.41266794997185674,0.4257511429784997,0.4454318597135538,0.4602789670813374,0.4700940203525202,0.0,0.0,0.0,0.0,0.0,0.0,0.0,0.0,0.0,0.0,0.0,0.0,0.0,0.0
qore_as_control,nq_6,50,True,15,5,2.0,0.5,5,0;3;5;11;12,9;33,0,0,0,0,2.7910423166953375,0.5582084633390675,10,9.058967500802558,4.529483750401279,0.0,1.7384414337059413,-48.261558566294056,-48.261558566294056,-48.261558566294056,True,1.7384414337059413,0.0,3003,0.21775347078789625,0.31845045485524226,0.005132950259452377,0.006384980184301503,0.09252569900760393,0.7228593233951532,1.0,0.5582084633390675,0.35597235486470297,0.21179516982965602,0.23256200892837317,0.33230802089193057,0.9932907433589209,1.0,0.8869005734734968,0.02964309003678438,0.8264856550994403,0.8536430423449258,0.8836788156540736,0.9312960414607308,0.9912544258246628,0.9058967500802557,0.04134476421715397,0.8531181538474404,0.8598464136018997,0.911144196796386,0.9409752679965673,0.9912544258246628,0.4434502867367484,0.01482154501839219,0.41324282754972014,0.4268215211724629,0.4418394078270368,0.4656480207303654,0.4956272129123314,0.45294837504012786,0.020672382108576984,0.4265590769237202,0.42992320680094986,0.455572098398193,0.47048763399828364,0.4956272129123314,0.0,0.0,0.0,0.0,0.0,0.0,0.0,0.0,0.0,0.0,0.0,0.0,0.0,0.0
qore_as_control,nq_7,50,True,15,5,2.0,0.5,5,4;9;34;42;49,,0,0,0,0,3.3993854674387642,0.6798770934877528,10,9.030805196519799,4.515402598259899,0.0,1.116017130821135,-48.883982869178865,-48.883982869178865,-48.883982869178865,True,1.116017130821135,0.0,3003,0.37533909442970875,0.25002774033927777,0.06976390871041713,0.13510334288819043,0.2966788368158298,0.6985045602699089,1.0,0.6798770934877528,0.1826660828696685,0.48682121177011095,0.49903119798057294,0.6931314337676172,0.8808346578419081,1.0,0.9020283108241354,0.03857569694231769,0.7943326014718397,0.8287368790182269,0.9121759359718671,0.9400704756533181,0.959833036820289,0.9030805196519799,0.01592805632759846,0.8821516395633218,0.8840157506795449,0.9023486741241026,0.9118164221402961,0.9442512721648904,0.4510141554120677,0.019287848471158844,0.39716630073591985,0.41436843950911345,0.45608796798593354,0.47003523782665907,0.4799165184101445,0.45154025982598994,0.00796402816379923,0.4410758197816609,0.4420078753397724,0.4511743370620513,0.45590821107014806,0.4721256360824452,0.0,0.0,0.0,0.0,0.0,0.0,0.0,0.0,0.0,0.0,0.0,0.0,0.0,0.0
qore_as_control,nq_8,50,True,15,5,2.0,0.5,5,1;7;18;39;43,,0,0,0,0,1.2787881284364273,0.25575762568728544,10,6.252202546025151,3.1261012730125755,0.0,1.8473131445761481,-48.15268685542385,-48.15268685542385,-48.15268685542385,True,1.8473131445761481,0.0,3003,0.09689845531934176,0.25037917961685063,0.00034149855185878434,0.0008316570927742562,0.006410640469217219,0.19640369503060384,1.0,0.25575762568728544,0.385773928015619,0.0004610734896623171,0.0017763511059218015,0.007950803993801277,0.7066507933690611,1.0,0.715233094885228,0.11432537797623439,0.5358401563699648,0.583190048811033,0.6845679582897632,0.8778782067085884,0.9284828564623164,0.625220254602515,0.06038739575687314,0.5651599426267471,0.5654177413784884,0.6057908877249436,0.6930863682380601,0.7697520577727326,0.357616547442614,0.057162688988117195,0.2679200781849824,0.2915950244055165,0.3422839791448816,0.4389391033542942,0.4642414282311582,0.3126101273012575,0.03019369787843657,0.28257997131337353,0.2827088706892442,0.3028954438624718,0.34654318411903007,0.3848760288863663,0.0,0.0,0.0,0.0,0.0,0.0,0.0,0.0,0.0,0.0,0.0,0.0,0.0,0.0
qore_as_control,nq_9,50,True,15,5,2.0,0.5,5,15;19;34;43;48,,0,0,0,0,3.542308456279136,0.7084616912558273,10,8.074523201595353,4.0372616007976765,0.0,0.49495314451854044,-49.50504685548146,-49.50504685548147,-49.50504685548146,True,0.49495314451854044,0.0,3003,0.2952912138872416,0.3257321819617548,0.02290870881484414,0.024692597946344895,0.10531192533353927,0.8165687886656544,1.0,0.7084616912558273,0.215318398674323,0.42146111880574033,0.45649252618733793,0.7525791573127115,0.9436914171603799,1.0,0.8028197967143825,0.0548417584516134,0.6917062878500331,0.7443901373438356,0.7936123731953348,0.8789932896632668,0.9715507705767298,0.8074523201595352,0.041995619384851,0.7442550252681914,0.7524255337177295,0.8068066099764211,0.8657810959879659,0.8703895572696649,0.40140989835719126,0.0274208792258067,0.34585314392501654,0.3721950686719178,0.3968061865976674,0.4394966448316334,0.4857753852883649,0.4037261600797676,0.0209978096924255,0.3721275126340957,0.37621276685886473,0.40340330498821053,0.43289054799398297,0.43519477863483247,0.0,0.0,0.0,0.0,0.0,0.0,0.0,0.0,0.0,0.0,0.0,0.0,0.0,0.0
qore_as_control,nq_10,50,True,15,5,2.0,0.5,5,5;8;11;42;46,0;1;2;3;5;8;9;11;14;17;23;36;39;42,1,1,7,4,3.7488202508841377,0.7497640501768276,10,7.949576893064805,3.9747884465324024,0.0,0.22596819564826465,-49.774031804351736,-49.774031804351736,-49.774031804351736,True,0.22596819564826465,0.0,3003,0.5007304155489777,0.22753863215925263,0.22669412770077685,0.22913772111102734,0.47402294454254706,0.8328641038501784,1.0,0.7497640501768276,0.18558002486166233,0.5542444064698542,0.56601265367924,0.6684119405120023,0.976999551763585,1.0,0.7733554057865185,0.04624587830789768,0.6624707970179882,0.710804866605954,0.7752164084396791,0.8321245995095089,0.929307138028552,0.7949576893064805,0.03294891641692985,0.7355661916940868,0.747746970154733,0.7936063140963306,0.8374507417164526,0.8437152271896872,0.38667770289325926,0.02312293915394884,0.3312353985089941,0.355402433302977,0.38760820421983955,0.41606229975475445,0.464653569014276,0.39747884465324024,0.016474458208464927,0.3677830958470434,0.3738734850773665,0.3968031570481653,0.4187253708582263,0.4218576135948436,0.0,0.0,0.0,0.0,0.0,0.0,0.0,0.0,0.0,0.0,0.0,0.0,0.0,0.0
qore_as_control,nq_11,50,True,15,5,2.0,0.5,5,0;3;14;32;37,3;7;14;37,1,1,4,3,4.822405174546096,0.9644810349092191,10,7.769646693458948,3.884823346729474,0.0,-0.9375818278166217,-50.93758182781662,-50.93758182781662,-50.93758182781662,True,-0.9375818278166217,0.0,3003,0.39271962100199687,0.4733303640894587,0.0014370916220352444,0.0015871961488474104,0.021003593819066392,0.99995463334752,1.0,0.9644810349092191,0.06615918057722359,0.8323120353114397,0.8959882871993787,0.9986944419325737,0.99995463334752,0.9999811021960103,0.7481102920107146,0.07157483236133819,0.6209964035212671,0.6747943135156134,0.7296513281865755,0.8367549542706905,0.9891966633331664,0.7769646693458948,0.08161068936957558,0.6958722358301179,0.7129019536533021,0.7473040418546626,0.8526193485243491,0.9779077523569578,0.3740551460053573,0.03578741618066909,0.31049820176063353,0.3373971567578067,0.36482566409328776,0.41837747713534523,0.4945983316665832,0.3884823346729474,0.04080534468478779,0.34793611791505896,0.35645097682665106,0.3736520209273313,0.42630967426217453,0.4889538761784789,0.0,0.0,0.0,0.0,0.0,0.0,0.0,0.0,0.0,0.0,0.0,0.0,0.0,0.0
qore_as_control,nq_12,50,True,15,5,2.0,0.5,5,0;14;21;29;39,0;1;41,1,1,2,1,4.683645611999037,0.9367291223998073,10,7.706736545523187,3.8533682727615934,0.0,-0.8302773392374432,-50.83027733923744,-50.83027733923745,-50.83027733923744,True,-0.8302773392374432,0.0,3003,0.7419618985161068,0.2805072304808907,0.15002156486425344,0.29439326449693604,0.9089206893428288,0.9891259270920633,1.0,0.9367291223998073,0.048217733800498624,0.8665476935513193,0.8848701684538687,0.923976952899466,0.9923068338962233,1.0,0.7848749721162018,0.08857639739959748,0.6073458529529993,0.6578385707314264,0.7907486260170352,0.8875094012240874,0.9810396952354722,0.7706736545523187,0.06138215579449056,0.6769357352463435,0.6889358511295827,0.7652684445733582,0.8478426665865423,0.8603001554486251,0.3924374860581009,0.04428819869979874,0.3036729264764996,0.3289192853657132,0.3953743130085176,0.4437547006120437,0.4905198476177361,0.38533682727615937,0.03069107789724528,0.33846786762317177,0.34446792556479133,0.3826342222866791,0.42392133329327114,0.4301500777243126,0.0,0.0,0.0,0.0,0.0,0.0,0.0,0.0,0.0,0.0,0.0,0.0,0.0,0.0
qore_as_control,nq_13,50,True,15,5,2.0,0.5,5,0;1;4;5;31,0;1;3;4;5;16;31,1,1,7,5,4.862721176295766,0.9725442352591532,10,8.473733470427755,4.236866735213877,0.0,-0.6258544410818887,-50.62585444108189,-50.625854441081884,-50.625854441081884,True,-0.6258544410818887,0.0,3003,0.4646575058671093,0.45421832341159346,0.0038132332008759414,0.0074836396788998515,0.17690415858432743,0.9998283122110779,1.0,0.9725442352591532,0.05325191975534689,0.8660559272771651,0.9186076497047901,0.9994721929694124,0.9999031290811845,1.0,0.7383134855530242,0.08548107604101357,0.5998283077104525,0.6461500072089761,0.7143019527358323,0.8697828434526137,0.9730758912675583,0.8473733470427754,0.045143429981589864,0.7973343155604457,0.8044192151568237,0.8344213787572481,0.91610573781935,0.9415715370489981,0.3691567427765121,0.042740538020506785,0.29991415385522624,0.32307500360448804,0.35715097636791615,0.43489142172630685,0.48653794563377917,0.4236866735213877,0.022571714990794932,0.3986671577802228,0.40220960757841184,0.41721068937862404,0.458052868909675,0.47078576852449905,0.0,0.0,0.0,0.0,0.0,0.0,0.0,0.0,0.0,0.0,0.0,0.0,0.0,0.0
qore_as_control,nq_14,50,True,15,5,2.0,0.5,5,10;11;28;31;45,0;1;2;9;11,1,1,5,1,4.900310647844276,0.9800621295688552,10,7.280395526872177,3.6401977634360887,0.0,-1.2601128844081875,-51.26011288440819,-51.26011288440819,-51.26011288440819,True,-1.2601128844081875,0.0,3003,0.9820936058471043,0.02007557867297912,0.9447687022372733,0.9502498758326263,0.9916343344960253,0.999998235682689,1.0,0.9800621295688552,0.01931521564426678,0.9447687022372733,0.958823635410797,0.9806734535960574,0.9979815017855748,0.9999825952481481,0.8149801875715768,0.06321091040111151,0.6565833858737296,0.7510948247516791,0.8064011885017052,0.8942575195434357,0.988420034123388,0.7280395526872178,0.04348410834571663,0.6565833858737296,0.6745421975213093,0.7327140112838975,0.7816837536888195,0.7952058646932404,0.4074900937857884,0.03160545520055576,0.3282916929368648,0.37554741237583955,0.4032005942508526,0.44712875977171784,0.494210017061694,0.3640197763436089,0.021742054172858315,0.3282916929368648,0.33727109876065464,0.36635700564194873,0.39084187684440974,0.3976029323466202,0.0,0.0,0.0,0.0,0.0,0.0,0.0,0.0,0.0,0.0,0.0,0.0,0.0,0.0
qore_as_control,nq_15,50,True,15,5,2.0,0.5,5,15;17;18;36;49,,0,0,0,0,1.5684782229875203,0.31369564459750404,10,6.7277308414002235,3.3638654207001117,0.0,1.7953871977125915,-48.20461280228741,-48.204612802287414,-48.20461280228741,True,1.7953871977125915,0.0,3003,0.11323870017186702,0.2529008943551967,0.0014233246782830713,0.0018663934410029814,0.017702439279364563,0.2744838570374892,1.0,0.31369564459750404,0.36173913556378,0.02253121931865023,0.022861840671895978,0.19534840771386994,0.7308963293012942,1.0,0.695363297925048,0.0420780590263974,0.5951163999469785,0.6392294045116999,0.6939632209543349,0.7521830824932422,0.7810639028989055,0.6727730841400222,0.038927795961306966,0.6007419461771868,0.6330553165802418,0.6791131690941097,0.719477820716063,0.7379943881876815,0.347681648962524,0.0210390295131987,0.29755819997348926,0.3196147022558499,0.34698161047716747,0.3760915412466211,0.39053195144945274,0.3363865420700111,0.019463897980653483,0.3003709730885934,0.3165276582901209,0.33955658454705484,0.3597389103580315,0.36899719409384074,0.0,0.0,0.0,0.0,0.0,0.0,0.0,0.0,0.0,0.0,0.0,0.0,0.0,0.0
qore_as_control,nq_16,50,True,15,5,2.0,0.5,5,5;7;27;43;46,4;27,1,1,1,1,3.3698220628839843,0.6739644125767968,10,7.973541831371615,3.9867709156858075,0.0,0.6169488528018232,-49.383051147198174,-49.383051147198174,-49.383051147198174,True,0.6169488528018232,0.0,3003,0.2767836658072834,0.34651042148037947,0.020970955058019457,0.025237623113477093,0.09368226445974033,0.8815569507128245,1.0,0.6739644125767968,0.32954726637079457,0.10080121749222096,0.280199795419928,0.7513847956767018,0.9873353549614292,1.0,0.8115223619544392,0.060935609241202816,0.6661138707140283,0.7306440613206006,0.8146832059381333,0.88770600047637,0.9465931949063494,0.7973541831371614,0.06994821224951733,0.6661138707140283,0.7048871958328106,0.8158369662203857,0.8727029702203903,0.8754010807403813,0.4057611809772196,0.030467804620601408,0.33305693535701414,0.3653220306603003,0.40734160296906663,0.443853000238185,0.4732965974531747,0.3986770915685807,0.03497410612475867,0.33305693535701414,0.3524435979164053,0.40791848311019285,0.43635148511019517,0.4377005403701906,0.0,0.0,0.0,0.0,0.0,0.0,0.0,0.0,0.0,0.0,0.0,0.0,0.0,0.0
qore_as_control,nq_17,50,True,15,5,2.0,0.5,5,1;13;20;22;29,8;12;22;27;28,1,1,3,1,3.4541732124427247,0.690834642488545,10,8.234791843263714,4.117395921631857,0.0,0.6632227091891325,-49.336777290810865,-49.33677729081086,-49.336777290810865,True,0.6632227091891325,0.0,3003,0.3296365212883904,0.29033752894846027,0.06148911629295474,0.06997189077987512,0.13091426645490062,0.6717974689067406,1.0,0.690834642488545,0.16423552734491184,0.5587252810903992,0.5650776879495852,0.6035375548081793,0.8869216313223127,1.0,0.8060854358688682,0.05618200636593765,0.6657980917813399,0.7276866396906454,0.8112841725445199,0.8787527553471383,0.9311324514888029,0.8234791843263715,0.03817658881959394,0.7619133640651818,0.7888264088284315,0.8121712809874541,0.8782508768837685,0.8896908322021307,0.4030427179344341,0.028091003182968824,0.33289904589066993,0.3638433198453227,0.40564208627225995,0.43937637767356913,0.46556622574440143,0.41173959216318573,0.01908829440979697,0.3809566820325909,0.39441320441421573,0.40608564049372703,0.43912543844188423,0.44484541610106537,0.0,0.0,0.0,0.0,0.0,0.0,0.0,0.0,0.0,0.0,0.0,0.0,0.0,0.0
qore_as_control,nq_18,50,True,15,5,2.0,0.5,5,3;10;18;34;41,0;1;2;4;5;6;7;10;16;17;20;22;25;27;33;36;37;43;49,1,1,8,1,1.8937122567109992,0.37874245134219986,10,8.053153524811632,4.026576762405816,0.0,2.1328645056948172,-47.86713549430518,-47.86713549430518,-47.86713549430518,True,2.1328645056948172,0.0,3003,0.15361939443605802,0.257929527470913,0.009505688093200194,0.01049057644694883,0.04643039122318151,0.3749743838772662,1.0,0.37874245134219986,0.344799685877518,0.09767301071179196,0.11305885509106003,0.14849173524848225,0.8045639556363051,1.0,0.8152295475896106,0.03492667533151032,0.7513784686799734,0.7697264764504322,0.8149434179816809,0.8560331049575993,0.9187583623871677,0.8053153524811633,0.017954185845475323,0.780024649579194,0.7830068588836426,0.8076644256154368,0.8211198490723608,0.8398851800241024,0.4076147737948053,0.01746333766575516,0.3756892343399867,0.3848632382252161,0.40747170899084045,0.42801655247879966,0.45937918119358384,0.40265767624058163,0.008977092922737661,0.390012324789597,0.3915034294418213,0.4038322128077184,0.4105599245361804,0.4199425900120512,0.0,0.0,0.0,0.0,0.0,0.0,0.0,0.0,0.0,0.0,0.0,0.0,0.0,0.0
qore_as_control,nq_19,50,True,15,5,2.0,0.5,5,0;9;11;18;27,0;1;2;3;4;5;6;8;9;11;12;13;15;17;18;21;23;27;31;32;36;43;45;47;49,1,1,14,5,4.934066199304034,0.9868132398608068,10,7.83209567562719,3.916047837813595,0.0,-1.0180183614904394,-51.01801836149044,-51.018018361490434,-51.01801836149044,True,-1.0180183614904394,0.0,3003,0.834889412523544,0.15337692187017973,0.5857389427525248,0.61462042134446,0.9120099556145781,0.9942853231964713,1.0,0.9868132398608068,0.012327564831334098,0.9672293455038817,0.9727435475887043,0.9860393932702867,0.9999130439255711,1.0,0.8042214599012174,0.05533367125014969,0.6852700868056046,0.7422133379634208,0.7961197326348654,0.8726681313635367,0.9607198672584023,0.783209567562719,0.036250093886057246,0.7052118429451573,0.7364224596726064,0.7926605039990331,0.8169935005380164,0.8364373648259474,0.4021107299506087,0.027666835625074843,0.3426350434028023,0.3711066689817104,0.3980598663174327,0.43633406568176836,0.48035993362920115,0.3916047837813595,0.018125046943028623,0.35260592147257863,0.3682112298363032,0.39633025199951655,0.4084967502690082,0.4182186824129737,0.0,0.0,0.0,0.0,0.0,0.0,0.0,0.0,0.0,0.0,0.0,0.0,0.0,0.0
qore_as_control,nq_20,50,True,15,5,2.0,0.5,5,0;6;9;30;42,0;21;42;48,1,1,4,2,1.835181676421668,0.3670363352843336,10,8.389580345605077,4.194790172802539,0.0,2.359608496380871,-47.64039150361913,-47.64039150361913,-47.64039150361913,True,2.359608496380871,0.0,3003,0.12836435043567926,0.26289758511116973,3.089860688252585e-05,0.0001852546936059319,0.0029887390139422894,0.3533134101339004,1.0,0.3670363352843336,0.34835435087947564,0.0029887390139422894,0.07310679241298063,0.19516014401906065,0.7834995683508509,1.0,0.8584620281536771,0.03852168527806289,0.7567086688072092,0.8128852222132589,0.8608854598803558,0.9069636486781257,0.9833612363511843,0.8389580345605078,0.04368054969029562,0.7567086688072092,0.7750986961532339,0.8474875505183059,0.875069017554743,0.9130452554345058,0.42923101407683856,0.019260842639031446,0.3783543344036046,0.40644261110662944,0.4304427299401779,0.45348182433906287,0.49168061817559217,0.4194790172802539,0.02184027484514781,0.3783543344036046,0.38754934807661695,0.42374377525915297,0.4375345087773715,0.4565226277172529,0.0,0.0,0.0,0.0,0.0,0.0,0.0,0.0,0.0,0.0,0.0,0.0,0.0,0.0
qore_as_control,nq_21,50,True,15,5,2.0,0.5,5,0;1;3;25;48,0;1;3;16,1,1,4,3,2.023293489889535,0.404658697977907,10,6.604867223791133,3.3024336118955664,0.0,1.2791401220060314,-48.720859877993966,-48.72085987799397,-48.720859877993966,True,1.2791401220060314,0.0,3003,0.14107293565172008,0.3159501698046642,0.0009190956788062148,0.0014504074310666471,0.0077470374689247576,0.5818261858282185,1.0,0.404658697977907,0.441661608891698,0.0015317577658026783,0.00401786964705151,0.13291315482332916,0.9524406159325914,1.0,0.6682120749456636,0.0902621133301983,0.48737675803338143,0.5314564219883379,0.6763840830102625,0.7587789175851242,0.9300924316791355,0.6604867223791133,0.1304374023652668,0.48737675803338143,0.5293295010112413,0.628105346763106,0.8180793571265226,0.9300924316791355,0.3341060374728318,0.04513105666509915,0.24368837901669071,0.26572821099416893,0.33819204150513127,0.3793894587925621,0.46504621583956773,0.33024336118955666,0.0652187011826334,0.24368837901669071,0.26466475050562066,0.314052673381553,0.4090396785632613,0.46504621583956773,0.0,0.0,0.0,0.0,0.0,0.0,0.0,0.0,0.0,0.0,0.0,0.0,0.0,0.0
qore_as_control,nq_22,50,True,15,5,2.0,0.5,5,0;3;5;26;30,0;3;5;12;17;22;24;26;28;31;34;48,1,1,9,4,3.9168099562395193,0.7833619912479038,10,7.779250985182057,3.8896254925910285,0.0,-0.02718446364849081,-50.02718446364849,-50.027184463648496,-50.02718446364849,True,-0.02718446364849081,0.0,3003,0.4663939921617695,0.29074850658762286,0.18000368944503914,0.19219023330626983,0.35053350442203085,0.970556242091465,1.0,0.7833619912479038,0.2500338102335794,0.3691553898481414,0.469494523287999,0.9301728183734529,0.9989914098280559,1.0,0.7717241875242173,0.07890030771256175,0.624808113535255,0.6823605008221161,0.7516551904641169,0.912568745066179,0.9763227270039844,0.7779250985182056,0.1050571459027654,0.6627960183337469,0.6704093264649122,0.7665825813818857,0.9030742004271732,0.9763227270039844,0.38586209376210867,0.039450153856280874,0.3124040567676275,0.34118025041105804,0.37582759523205844,0.4562843725330895,0.4881613635019922,0.3889625492591028,0.0525285729513827,0.33139800916687345,0.3352046632324561,0.38329129069094287,0.4515371002135866,0.4881613635019922,0.0,0.0,0.0,0.0,0.0,0.0,0.0,0.0,0.0,0.0,0.0,0.0,0.0,0.0
qore_as_control,nq_23,50,True,15,5,2.0,0.5,5,5;7;8;33;34,5;8;31;33,1,1,4,3,4.975225691185964,0.9950451382371928,10,8.251881144429756,4.125940572214878,0.0,-0.8492851189710855,-50.84928511897108,-50.84928511897108,-50.84928511897108,True,-0.8492851189710855,0.0,3003,0.7507447675220594,0.24828956432739166,0.33691533701965687,0.3706689950389776,0.747557583242082,0.9981547893163213,1.0,0.9950451382371928,0.00517652377621711,0.985627269342099,0.9888355804256012,0.9970771777974237,0.9995492787982345,1.0,0.836330826979516,0.04365658435366459,0.7527573902845481,0.7847001749816079,0.8286640385253552,0.9056339522141035,0.9326124124819022,0.8251881144429758,0.046539723800880325,0.7710822631795677,0.7742269275097748,0.8143493195749083,0.8838417374166585,0.9265952218029283,0.418165413489758,0.021828292176832294,0.37637869514227407,0.39235008749080397,0.4143320192626776,0.45281697610705174,0.4663062062409511,0.4125940572214879,0.023269861900440163,0.38554113158978387,0.3871134637548874,0.40717465978745415,0.44192086870832925,0.46329761090146415,0.0,0.0,0.0,0.0,0.0,0.0,0.0,0.0,0.0,0.0,0.0,0.0,0.0,0.0
qore_as_control,nq_24,50,True,15,5,2.0,0.5,5,0;1;2;4;7,0;2;4;7,1,1,4,4,4.799399813523605,0.9598799627047212,10,9.102010331457288,4.551005165728644,0.0,-0.248394647794961,-50.24839464779496,-50.24839464779496,-50.24839464779496,True,-0.248394647794961,0.0,3003,0.36910450325593136,0.4463964184866513,0.0021646328049644307,0.0033922230263529586,0.014892892961310479,0.9976131067705598,1.0,0.9598799627047212,0.07559291261409196,0.808725166878413,0.8836153293341622,0.9961066870294212,0.9994469546391942,1.0,0.8103232650275454,0.06992408805889677,0.6545802474284361,0.7063350359124521,0.8148282687560893,0.9006586420856272,0.9928394773274056,0.9102010331457286,0.03274099815975174,0.8764364835091011,0.880561811392627,0.9026524724683546,0.9432574437778863,0.9928394773274056,0.4051616325137727,0.034962044029448386,0.32729012371421806,0.35316751795622603,0.40741413437804463,0.4503293210428136,0.4964197386637028,0.4551005165728643,0.01637049907987587,0.43821824175455054,0.4402809056963135,0.4513262362341773,0.47162872188894317,0.4964197386637028,0.0,0.0,0.0,0.0,0.0,0.0,0.0,0.0,0.0,0.0,0.0,0.0,0.0,0.0
qore_as_control,nq_25,50,True,15,5,2.0,0.5,5,7;15;19;24;43,0;3;5;15;19;24;34;37;41;42;43;45,1,1,8,4,2.775772143902786,0.5551544287805572,10,7.718850651428917,3.8594253257144584,0.0,1.0836531818116724,-48.91634681818833,-48.91634681818833,-48.91634681818833,True,1.0836531818116724,0.0,3003,0.28673695700351237,0.2641449169472779,0.08223251580252831,0.08957053461402542,0.15750701680110116,0.6555375255222347,1.0,0.5551544287805572,0.3043602096923626,0.24014238116827652,0.2700953962916766,0.384126903662024,0.9345911760382835,1.0,0.8054760571231461,0.05282117110789357,0.7061812074376752,0.7432686369016485,0.7976930166604819,0.8631720022685551,0.9644144907837168,0.7718850651428917,0.04377499046359293,0.7061812074376752,0.7186566963542707,0.7662608350743592,0.8428789783677398,0.849015955979171,0.40273802856157304,0.026410585553946785,0.3530906037188376,0.37163431845082423,0.39884650833024093,0.43158600113427753,0.4822072453918584,0.38594253257144584,0.021887495231796464,0.3530906037188376,0.3593283481771353,0.3831304175371796,0.4214394891838699,0.4245079779895855,0.0,0.0,0.0,0.0,0.0,0.0,0.0,0.0,0.0,0.0,0.0,0.0,0.0,0.0
qore_as_control,nq_26,50,True,15,5,2.0,0.5,5,8;23;29;45;46,,0,0,0,0,2.121553989416201,0.4243107978832402,10,6.7274156580008535,3.3637078290004268,0.0,1.2421538395842258,-48.757846160415774,-48.75784616041578,-48.757846160415774,True,1.2421538395842258,0.0,3003,0.16533667246641356,0.25767760385077765,0.011494954684073872,0.014085325677308535,0.037702903035325336,0.40548408609663555,1.0,0.4243107978832402,0.3113310878713211,0.1398823528696895,0.17024733563936306,0.2702100497747364,0.7982667107911607,1.0,0.6854720812645261,0.06156359434057325,0.5120357580545339,0.6056491496444653,0.6913996795406004,0.763682866344862,0.8071053609353325,0.6727415658000854,0.0486356660378534,0.5933203550883271,0.6064977436695099,0.6830811854709264,0.723065006272703,0.7361726600395357,0.34273604063226304,0.030781797170286625,0.25601787902726697,0.30282457482223263,0.3456998397703002,0.381841433172431,0.40355268046766624,0.3363707829000427,0.0243178330189267,0.2966601775441636,0.30324887183475496,0.3415405927354632,0.3615325031363515,0.36808633001976787,0.0,0.0,0.0,0.0,0.0,0.0,0.0,0.0,0.0,0.0,0.0,0.0,0.0,0.0
qore_as_control,nq_27,50,True,15,5,2.0,0.5,5,0;13;14;20;29,0,1,1,1,1,1.3869545106647316,0.27739090213294637,10,6.411275353263262,3.205637676631631,0.0,1.8186831659668994,-48.1813168340331,-48.1813168340331,-48.1813168340331,True,1.8186831659668994,0.0,3003,0.09480811112232826,0.26002735071785216,0.00019080281988457896,0.0002471728893008277,0.0007222663957482359,0.23892887171579122,1.0,0.27739090213294637,0.39086585833325777,0.00019080281988457896,0.0003621882328473622,0.0006469440291963784,0.7541989989853437,1.0,0.6749185367627637,0.0691947343993817,0.49418419433855076,0.6064982918958368,0.6682690087720599,0.7493175420217332,0.926695339507379,0.6411275353263263,0.07817961483418762,0.49418419433855076,0.5775291994955882,0.6374378180539524,0.7075093737166877,0.8045433906870663,0.33745926838138185,0.03459736719969085,0.24709209716927538,0.3032491459479184,0.33413450438602993,0.3746587710108666,0.4633476697536895,0.32056376766316313,0.03908980741709381,0.24709209716927538,0.2887645997477941,0.3187189090269762,0.3537546868583438,0.40227169534353313,0.0,0.0,0.0,0.0,0.0,0.0,0.0,0.0,0.0,0.0,0.0,0.0,0.0,0.0
qore_as_control,nq_28,50,True,15,5,2.0,0.5,5,14;31;32;35;40,0;1;3;11;14;15;18;25;28;31;32;35;40;45,1,1,10,5,4.9930864887400315,0.9986172977480061,10,8.423135163671047,4.211567581835523,0.0,-0.7815189069045081,-50.78151890690451,-50.78151890690451,-50.78151890690451,True,-0.7815189069045081,0.0,3003,0.7949709843727217,0.284894693066483,0.26740832045743973,0.3030743015777061,0.9972936063693785,0.9999977349361738,1.0,0.9986172977480061,0.001061733088697729,0.9972936063693785,0.9973645624740806,0.9989723763062304,0.9997392077038874,0.9999970196528603,0.8549964811619327,0.04669820908577827,0.7573698638998101,0.7995302025851869,0.8503699329954374,0.9136746412383325,0.993528228238419,0.8423135163671047,0.05544683712935106,0.7985202554687765,0.7996780450996331,0.8190234167633348,0.8814155204734545,0.9934554844056915,0.42749824058096636,0.023349104542889135,0.37868493194990505,0.39976510129259346,0.4251849664977187,0.45683732061916626,0.4967641141192095,0.42115675818355236,0.02772341856467553,0.39926012773438824,0.39983902254981657,0.4095117083816674,0.44070776023672725,0.49672774220284577,0.0,0.0,0.0,0.0,0.0,0.0,0.0,0.0,0.0,0.0,0.0,0.0,0.0,0.0
qore_as_control,nq_29,50,True,15,5,2.0,0.5,5,2;4;9;10;22,1;2,1,1,2,1,2.7579169733478777,0.5515833946695754,10,8.54679389984977,4.273396949924885,0.0,1.5154799765770077,-48.484520023422995,-48.48452002342299,-48.484520023422995,True,1.5154799765770077,0.0,3003,0.259646865280563,0.2674362145844589,0.02388676940415537,0.03623385278064051,0.1328601750427932,0.5913549525403377,1.0,0.5515833946695754,0.26607826950588737,0.2799219707929895,0.308266693101534,0.4248589152699229,0.8809409242882458,1.0,0.8660041491906013,0.050187146127116576,0.716088608679798,0.7845717249775574,0.8747340253442412,0.9240740800761139,0.9428035632273248,0.8546793899849771,0.049223668108567736,0.7607982256085692,0.7761817259190584,0.868919594343032,0.9005301268696916,0.9203128769218178,0.43300207459530066,0.025093573063558288,0.358044304339899,0.3922858624887787,0.4373670126721206,0.46203704003805696,0.4714017816136624,0.42733969499248853,0.024611834054283868,0.3803991128042846,0.3880908629595292,0.434459797171516,0.4502650634348458,0.4601564384609089,0.0,0.0,0.0,0.0,0.0,0.0,0.0,0.0,0.0,0.0,0.0,0.0,0.0,0.0
qore_as_control,nq_30,50,True,15,5,2.0,0.5,5,0;1;25;27;33,0;1;3;6;10;25;27;29,1,1,6,4,3.3758250044626807,0.6751650008925362,10,7.933957345585538,3.966978672792769,0.0,0.5911536683300884,-49.40884633166991,-49.40884633166992,-49.40884633166991,True,0.5911536683300884,0.0,3003,0.2633682597518741,0.35814773369276554,0.013371341942503528,0.01500144697719938,0.04326505757603461,0.87138614975744,1.0,0.6751650008925362,0.35017884009539435,0.020050081078188887,0.26977581347753843,0.7773007851365876,0.9736438904685366,1.0,0.7982289269353908,0.07586581846824546,0.6125713516560192,0.6866829786379565,0.8152504426852613,0.8895463079121726,0.9477852254155247,0.7933957345585538,0.09011605905196321,0.6768597748541418,0.6813232141873294,0.8137842492781611,0.8778151077616124,0.9477852254155247,0.3991144634676954,0.03793290923412273,0.3062856758280096,0.34334148931897823,0.40762522134263063,0.4447731539560863,0.47389261270776234,0.3966978672792769,0.045058029525981605,0.3384298874270709,0.3406616070936647,0.40689212463908053,0.4389075538808062,0.47389261270776234,0.0,0.0,0.0,0.0,0.0,0.0,0.0,0.0,0.0,0.0,0.0,0.0,0.0,0.0
qore_as_control,nq_31,50,True,15,5,2.0,0.5,5,0;3;5;6;44,0,1,1,1,1,2.774005721982603,0.5548011443965206,10,8.118790882970668,4.059395441485334,0.0,1.285389719502731,-48.71461028049727,-48.71461028049727,-48.71461028049727,True,1.285389719502731,0.0,3003,0.1910439178241231,0.35004776188379105,0.001521647276085501,0.003083618961044088,0.01616084892095139,0.841500217678973,1.0,0.5548011443965206,0.41110574025927,0.030075959915959426,0.07348276146742583,0.6085093064211884,0.9987309967403318,1.0,0.7597123413486297,0.06454945456285147,0.6405324400920127,0.6850975031230356,0.7513120070009254,0.8348138598418589,1.0,0.8118790882970668,0.1148319652782668,0.6755333986115426,0.6776554000798461,0.8189363573849594,0.9618248900629738,0.9851905059022481,0.3798561706743149,0.03227472728142573,0.32026622004600636,0.3425487515615178,0.3756560035004627,0.4174069299209294,0.5,0.4059395441485334,0.0574159826391334,0.3377666993057713,0.3388277000399231,0.4094681786924797,0.4809124450314869,0.49259525295112405,0.0,0.0,0.0,0.0,0.0,0.0,0.0,0.0,0.0,0.0,0.0,0.0,0.0,0.0
qore_as_control,nq_32,50,True,15,5,2.0,0.5,5,3;5;15;19;32,,0,0,0,0,4.754475675595298,0.9508951351190597,10,7.884039045177902,3.942019522588951,0.0,-0.8124561530063472,-50.812456153006345,-50.812456153006345,-50.812456153006345,True,-0.8124561530063472,0.0,3003,0.6995815005463472,0.23989088212721255,0.20115025015396373,0.43791857216837904,0.6736564441988904,0.9940117675851071,1.0,0.9508951351190597,0.08261332541792876,0.7862747818672942,0.8650004477172667,0.985277003781801,0.9999339773815912,1.0,0.8072129452692665,0.05539814944748499,0.6819043800791291,0.7406240011556884,0.8003005389905975,0.8749534327896858,0.9951525436247781,0.7884039045177901,0.049133309267554756,0.6819043800791291,0.7264670999662873,0.7915512910350033,0.8385656875201886,0.855806162441956,0.40360647263463323,0.027699074723742494,0.34095219003956456,0.3703120005778442,0.40015026949529875,0.4374767163948429,0.49757627181238906,0.39420195225889504,0.024566654633777378,0.34095219003956456,0.36323354998314367,0.39577564551750166,0.4192828437600943,0.427903081220978,0.0,0.0,0.0,0.0,0.0,0.0,0.0,0.0,0.0,0.0,0.0,0.0,0.0,0.0
qore_as_control,nq_33,50,True,15,5,2.0,0.5,5,5;28;31;39;47,0;6,1,0,2,0,1.2300992047129007,0.24601984094258014,10,6.037403700293252,3.018701850146626,0.0,1.7886026454337254,-48.21139735456627,-48.21139735456627,-48.21139735456627,True,1.7886026454337254,0.0,3003,0.08347363853224035,0.2514528237394525,1.8270208570063746e-05,1.977890556867553e-05,0.00042724440620863467,0.1401384887455082,1.0,0.24601984094258014,0.3873553144784852,2.0164799976933592e-05,2.8303237720035453e-05,0.00014837068404571917,0.6919560633338173,1.0,0.6622540021369535,0.11245446719387417,0.5057952209542509,0.5516594523844564,0.6376555444490543,0.8794803135247378,0.9314832836022618,0.6037403700293253,0.117113246031696,0.5057952209542509,0.5103784896975443,0.5588921975154315,0.707626508184416,0.9211445596747128,0.33112700106847676,0.056227233596937085,0.25289761047712545,0.2758297261922282,0.31882777222452713,0.4397401567623689,0.4657416418011309,0.3018701850146627,0.058556623015848,0.25289761047712545,0.25518924484877215,0.27944609875771576,0.353813254092208,0.4605722798373564,0.0,0.0,0.0,0.0,0.0,0.0,0.0,0.0,0.0,0.0,0.0,0.0,0.0,0.0
qore_as_control,nq_34,50,True,15,5,2.0,0.5,5,2;6;7;8;31,1;4;8;13;31,1,1,5,2,4.9860102208989,0.9972020441797801,10,8.244662323566812,4.122331161783406,0.0,-0.8636790591154941,-50.8636790591155,-50.8636790591155,-50.8636790591155,True,-0.8636790591154941,0.0,3003,0.7420913479480303,0.344221717550784,0.1434909917012017,0.18636777993479192,0.9630323597990139,0.9997065763222435,1.0,0.9972020441797801,0.0031568957263782044,0.9918928208478788,0.9932691965278341,0.9987865010450462,0.9999988555832833,1.0,0.830179913941522,0.0462260663223047,0.7525212681558764,0.7853419742671847,0.8177787435105062,0.901615159976112,0.9838110073825619,0.8244662323566813,0.059634649461069646,0.7594405071375887,0.7627662629732915,0.8088667624750217,0.8608429072547712,0.9838110073825619,0.415089956970761,0.02311303316115235,0.3762606340779382,0.39267098713359233,0.4088893717552531,0.450807579988056,0.49190550369128094,0.41223311617834063,0.029817324730534823,0.37972025356879435,0.38138313148664577,0.4044333812375108,0.4304214536273856,0.49190550369128094,0.0,0.0,0.0,0.0,0.0,0.0,0.0,0.0,0.0,0.0,0.0,0.0,0.0,0.0
qore_as_control,nq_35,50,True,15,5,2.0,0.5,5,3;5;6;11;15,3;5;6,1,1,3,3,3.8917988597479978,0.7783597719495996,10,9.007959164971728,4.503979582485864,0.0,0.6121807227378664,-49.38781927726213,-49.38781927726214,-49.38781927726213,True,0.6121807227378664,0.0,3003,0.2898679268804874,0.38000600417092056,0.014722419727773276,0.023612264083877187,0.04690624083204889,0.997442254911628,1.0,0.7783597719495996,0.27165455804597854,0.3892864251968178,0.4369583796647335,0.9949270949955803,0.9996476112755972,1.0,0.8162749092827407,0.06784981947965385,0.669618924414143,0.7322697311721307,0.8168417954414511,0.8972743587877341,1.0,0.900795916497173,0.05227868571973919,0.8262996203661307,0.85032781136599,0.8909587513399411,0.9680920471987644,0.994325666766258,0.40813745464137036,0.033924909739826925,0.3348094622070715,0.36613486558606534,0.40842089772072554,0.44863717939386705,0.5,0.4503979582485865,0.026139342859869595,0.41314981018306535,0.425163905682995,0.44547937566997053,0.4840460235993822,0.497162833383129,0.0,0.0,0.0,0.0,0.0,0.0,0.0,0.0,0.0,0.0,0.0,0.0,0.0,0.0
qore_as_control,nq_36,50,True,15,5,2.0,0.5,5,3;17;20;27;31,5;7,1,0,2,0,1.7750659077830901,0.355013181556618,10,7.486184147000069,3.7430920735000344,0.0,1.9680261657169442,-48.03197383428306,-48.03197383428305,-48.03197383428306,True,1.9680261657169442,0.0,3003,0.15548492325141597,0.26342596692357073,0.01804831410913509,0.02671003592876883,0.03540578707676514,0.42188585860156236,1.0,0.355013181556618,0.37828918941377576,0.01804831410913509,0.04267083964743985,0.10463539532920806,0.82911102815594,1.0,0.82061206065399,0.07562018492584212,0.6315943312965909,0.713257980186055,0.8356448150203857,0.9111157418922184,0.9618676427390258,0.7486184147000068,0.06257247960557843,0.6933482477639039,0.6994861330783522,0.7151516836034495,0.8205859940441882,0.9003538185054402,0.410306030326995,0.03781009246292106,0.31579716564829546,0.3566289900930275,0.41782240751019284,0.4555578709461092,0.4809338213695129,0.3743092073500034,0.03128623980278922,0.34667412388195196,0.3497430665391761,0.35757584180172475,0.4102929970220941,0.4501769092527201,0.0,0.0,0.0,0.0,0.0,0.0,0.0,0.0,0.0,0.0,0.0,0.0,0.0,0.0
qore_as_control,nq_37,50,True,15,5,2.0,0.5,5,0;3;17;30;33,0;3;23;30,1,1,3,3,3.3002181450110157,0.6600436290022031,10,7.393257980810526,3.696628990405263,0.0,0.3964108453942474,-49.60358915460575,-49.60358915460574,-49.60358915460575,True,0.3964108453942474,0.0,3003,0.2807282174562324,0.3422841615176813,0.03103827881771497,0.03157297571771724,0.15394718138594857,0.9394572245933027,1.0,0.6600436290022031,0.3594992484251549,0.19301527612957856,0.2191064302608522,0.8495929993045096,0.9997466832476659,1.0,0.7298329141301496,0.06682281755659202,0.5747405347673046,0.6668266282749001,0.7204142392770725,0.8261738131200157,0.9216692486229623,0.7393257980810526,0.09375077224334087,0.5924404992720992,0.6589938477904123,0.7140237469101149,0.8609062028528548,0.9216692486229623,0.3649164570650748,0.03341140877829601,0.2873702673836523,0.33341331413745007,0.36020711963853624,0.41308690656000785,0.46083462431148114,0.3696628990405263,0.046875386121670436,0.2962202496360496,0.32949692389520613,0.35701187345505747,0.4304531014264274,0.46083462431148114,0.0,0.0,0.0,0.0,0.0,0.0,0.0,0.0,0.0,0.0,0.0,0.0,0.0,0.0
qore_as_control,nq_38,50,True,15,5,2.0,0.5,5,0;5;6;8;11,0;1;2;3;4;5;6;7;8;11;17;19;25;26;31;33;45;47,1,1,15,5,4.56826899721508,0.9136537994430161,10,8.587860043478145,4.293930021739072,0.0,-0.2743389754760077,-50.274338975476006,-50.274338975476006,-50.274338975476006,True,-0.2743389754760077,0.0,3003,0.49006622372708536,0.3517442024774396,0.03882999010163419,0.07014248922133512,0.43417249523661416,0.9634123531198893,1.0,0.9136537994430161,0.0841939097758362,0.7719825489588368,0.817990968054228,0.9107867890773398,0.9993984249926355,1.0,0.852644236098058,0.04850966864535422,0.7511672601531357,0.7949144993283592,0.8564502455827572,0.9121764704462508,0.9878484784859262,0.8587860043478145,0.05793940266294754,0.7769626385069662,0.7848017348506778,0.8650180666667349,0.9044535972635569,0.9878484784859262,0.426322118049029,0.02425483432267711,0.37558363007656786,0.3974572496641796,0.4282251227913786,0.4560882352231254,0.4939242392429631,0.42939300217390725,0.02896970133147377,0.3884813192534831,0.3924008674253389,0.43250903333336743,0.45222679863177845,0.4939242392429631,0.0,0.0,0.0,0.0,0.0,0.0,0.0,0.0,0.0,0.0,0.0,0.0,0.0,0.0
qore_as_control,nq_39,50,True,15,5,2.0,0.5,5,0;1;27;41;47,2;3;4;6;8;10;11;15;16;19;23;33;38;40;43;44;45;47,1,1,8,1,4.692962626592501,0.9385925253185002,10,8.500325287756468,4.250162643878234,0.0,-0.44279998271426724,-50.44279998271427,-50.44279998271426,-50.44279998271427,True,-0.44279998271426724,0.0,3003,0.7616325292989787,0.1818635584550805,0.44179100323897424,0.4837756398004381,0.8138167495567322,0.955409254035782,1.0,0.9385925253185002,0.04269656789140742,0.8936890051200281,0.8960576416638442,0.9219428047998028,0.9910880880772406,1.0,0.8622900926824496,0.05276632386955162,0.7296388336053895,0.7964272860231201,0.8591258784919027,0.9406635466016948,0.9701003071413852,0.8500325287756467,0.03820141846036514,0.791255382796923,0.8148265511120764,0.8422519278062155,0.9095692523487761,0.9207753488865875,0.4311450463412248,0.02638316193477581,0.36481941680269475,0.39821364301156004,0.42956293924595135,0.4703317733008474,0.4850501535706926,0.42501626438782336,0.01910070923018257,0.3956276913984615,0.4074132755560382,0.42112596390310775,0.45478462617438803,0.46038767444329376,0.0,0.0,0.0,0.0,0.0,0.0,0.0,0.0,0.0,0.0,0.0,0.0,0.0,0.0
qore_as_control,nq_40,50,True,15,5,2.0,0.5,5,1;6;13;30;34,,0,0,0,0,4.128041013555297,0.8256082027110596,10,8.86337336104519,4.431686680522595,0.0,0.3036456669672978,-49.6963543330327,-49.69635433303271,-49.6963543330327,True,0.3036456669672978,0.0,3003,0.40098101852178536,0.33592408915820343,0.0733510016476158,0.07556141603491237,0.2502682183605743,0.9733070154966512,1.0,0.8256082027110596,0.20716831804087843,0.4615600657448096,0.5680856940121193,0.9492853567089555,0.9957285818753794,1.0,0.8728578134204888,0.03454862357418073,0.7654346630284025,0.826699613545478,0.8762298319604421,0.9157206672412831,0.9435299184595061,0.8863373361045189,0.019571600874911693,0.8414803837477999,0.8687112542533697,0.8911691074313665,0.9050062365538187,0.9132556977593554,0.4364289067102444,0.017274311787090366,0.38271733151420123,0.413349806772739,0.43811491598022106,0.45786033362064155,0.47176495922975303,0.44316866805225946,0.009785800437455847,0.42074019187389994,0.43435562712668485,0.44558455371568323,0.45250311827690937,0.4566278488796777,0.0,0.0,0.0,0.0,0.0,0.0,0.0,0.0,0.0,0.0,0.0,0.0,0.0,0.0
qore_as_control,nq_41,50,True,15,5,2.0,0.5,5,8;12;17;31;42,,0,0,0,0,1.4354384896634054,0.2870876979326811,10,8.029609282684909,4.0148046413424545,0.0,2.579366151679049,-47.42063384832095,-47.420633848320946,-47.42063384832095,True,2.579366151679049,0.0,3003,0.11155777367428805,0.24544349308052352,0.004066000132087808,0.005019798031304377,0.02079348088499579,0.2013027567766853,1.0,0.2870876979326811,0.3652417518062726,0.02079348088499579,0.023376484294343206,0.1556682742267091,0.6926902980573345,1.0,0.8207491464689466,0.04639669206875713,0.7017447830175803,0.7610041658145558,0.8245424582715183,0.8659370421957732,0.9979269220183202,0.8029609282684909,0.04943359304413242,0.7017447830175803,0.7340278885538198,0.8084318700275067,0.8608664454805075,0.862236782956441,0.4103745732344733,0.023198346034378564,0.3508723915087901,0.3805020829072779,0.41227122913575914,0.4329685210978866,0.4989634610091601,0.40148046413424543,0.02471679652206621,0.3508723915087901,0.3670139442769099,0.40421593501375336,0.43043322274025375,0.4311183914782205,0.0,0.0,0.0,0.0,0.0,0.0,0.0,0.0,0.0,0.0,0.0,0.0,0.0,0.0
qore_as_control,nq_42,50,True,15,5,2.0,0.5,5,0;13;14;17;21,0;14;21;29,1,1,4,3,4.752438773689272,0.9504877547378545,10,8.090624904723967,4.0453124523619834,0.0,-0.7071263213272889,-50.70712632132729,-50.70712632132729,-50.70712632132729,True,-0.7071263213272889,0.0,3003,0.6226762567343006,0.33821109612196043,0.013348642360912762,0.14338689534167315,0.7645628947985844,0.9589793451310777,1.0,0.9504877547378545,0.034452927962938217,0.8935789444804229,0.9136307189299204,0.9505576201586586,0.9858375313784096,1.0,0.8230620763780979,0.056310589637365405,0.7006544533727264,0.7534161255319717,0.8221172831498527,0.8895689403091531,0.9960040639598509,0.8090624904723966,0.05266751241373544,0.7235527145358642,0.7554095520752075,0.8016660325369938,0.8736415995401111,0.9062698630899018,0.41153103818904896,0.028155294818682702,0.3503272266863632,0.37670806276598584,0.41105864157492633,0.44478447015457656,0.49800203197992543,0.4045312452361983,0.02633375620686772,0.3617763572679321,0.3777047760376038,0.4008330162684969,0.43682079977005556,0.4531349315449509,0.0,0.0,0.0,0.0,0.0,0.0,0.0,0.0,0.0,0.0,0.0,0.0,0.0,0.0
qore_as_control,nq_43,50,True,15,5,2.0,0.5,5,8;26;34;35;36,,0,0,0,0,1.050378585090471,0.2100757170180942,10,6.789006493212653,3.3945032466063263,0.0,2.3441246615158553,-47.655875338484144,-47.655875338484144,-47.655875338484144,True,2.3441246615158553,0.0,3003,0.07581274248220522,0.24710400561972432,0.003892341097987937,0.004291075276528871,0.007457085021110518,0.025799168094368406,1.0,0.2100757170180942,0.3949837331865177,0.007457085021110518,0.00789240406738094,0.0168063475474908,0.6070279079540333,1.0,0.7275027627665309,0.05175440818881016,0.6286555406887996,0.6647967800858011,0.7241880967381179,0.787131280776798,0.9930370706456553,0.6789006493212653,0.03242798087113077,0.6443526407852209,0.6455175212481891,0.6657480344830562,0.7163617220892445,0.7494765327280788,0.36375138138326546,0.02587720409440508,0.3143277703443998,0.33239839004290056,0.36209404836905895,0.393565640388399,0.49651853532282764,0.33945032466063263,0.016213990435565383,0.32217632039261046,0.32275876062409453,0.3328740172415281,0.35818086104462227,0.3747382663640394,0.0,0.0,0.0,0.0,0.0,0.0,0.0,0.0,0.0,0.0,0.0,0.0,0.0,0.0
qore_as_control,nq_44,50,True,15,5,2.0,0.5,5,0;5;25;41;44,47,0,0,0,0,2.167692392974435,0.4335384785948871,10,8.5913875443638,4.2956937721819,0.0,2.128001379207465,-47.87199862079254,-47.87199862079254,-47.87199862079254,True,2.128001379207465,0.0,3003,0.2345903323885867,0.2390186954226553,0.056706299187680574,0.07576670358535306,0.17400889678673861,0.4590055577812289,1.0,0.4335384785948871,0.32326929693076173,0.08869175361083383,0.13853805142884035,0.30205163471710866,0.8254566025962571,1.0,0.8905559376230471,0.03953634983866424,0.7671220927202687,0.8164073397072447,0.8985936465515634,0.9304133452201436,0.9604907647764178,0.85913875443638,0.050373377800001666,0.7671220927202687,0.7987466755426728,0.863865042910339,0.9227531346259106,0.9300586520784595,0.44527796881152354,0.01976817491933212,0.38356104636013433,0.40820366985362233,0.4492968232757817,0.4652066726100718,0.4802453823882089,0.42956937721819,0.025186688900000833,0.38356104636013433,0.3993733377713364,0.4319325214551695,0.4613765673129553,0.46502932603922975,0.0,0.0,0.0,0.0,0.0,0.0,0.0,0.0,0.0,0.0,0.0,0.0,0.0,0.0
qore_as_control,nq_45,50,True,15,5,2.0,0.5,5,6;11;35;40;49,0;1;2;3;4;5;6;7;8;10;11;13;14;15;16;17;19;20;23;24;25;26;27;28;29;30;31;32;33;35;36;37;39;40;41;43;44;45;46;47;48;49,1,1,15,5,4.99606033146742,0.9992120662934839,10,8.518551726209793,4.259275863104897,0.0,-0.7367844683625231,-50.73678446836252,-50.73678446836252,-50.73678446836252,True,-0.7367844683625231,0.0,3003,0.9992720857135269,0.0012462911617858612,0.9951952674018574,0.9981079219573388,0.9997852390389154,0.9999898669543758,1.0,0.9992120662934839,0.0008740141991700565,0.9978691397175095,0.9981079219573388,0.9998675551330752,0.9999359591516543,0.9999647131587671,0.8965673873950656,0.03170772472414702,0.8219356055003086,0.8547069803793711,0.902762339083756,0.935069839366316,0.9533146059223175,0.8518551726209793,0.026453335462866823,0.8219356055003086,0.8225386329949347,0.8433211654861383,0.8825827222308867,0.9105372616088514,0.4482836936975328,0.01585386236207351,0.4109678027501543,0.42735349018968555,0.451381169541878,0.467534919683158,0.47665730296115877,0.42592758631048966,0.013226667731433411,0.4109678027501543,0.41126931649746734,0.42166058274306917,0.44129136111544337,0.4552686308044257,0.0,0.0,0.0,0.0,0.0,0.0,0.0,0.0,0.0,0.0,0.0,0.0,0.0,0.0
qore_as_control,nq_46,50,True,15,5,2.0,0.5,5,10;20;22;28;29,8;9;12,1,0,3,0,4.946537712654796,0.9893075425309592,10,8.46292831698153,4.231464158490765,0.0,-0.7150735541640305,-50.71507355416403,-50.71507355416403,-50.71507355416403,True,-0.7150735541640305,0.0,3003,0.992019548872579,0.013292169049330995,0.9505861102637396,0.9774702267835319,0.9982695028626256,0.9999580817916982,1.0,0.9893075425309592,0.01936760323413537,0.9505861102637396,0.969659467303294,0.9985713711886216,0.9995557456780574,0.999557271710669,0.8883264192005226,0.030517353134334253,0.8105155264124326,0.852226628968179,0.8910942422804693,0.9248559603600404,0.9788476870467662,0.8462928316981531,0.01916220943976381,0.8105155264124326,0.8114949328578668,0.8520368684979677,0.8641977923707129,0.866134138307158,0.4441632096002613,0.015258676567167126,0.4052577632062163,0.4261133144840895,0.44554712114023465,0.4624279801800202,0.4894238435233831,0.42314641584907653,0.009581104719881906,0.4052577632062163,0.4057474664289334,0.42601843424898383,0.43209889618535646,0.433067069153579,0.0,0.0,0.0,0.0,0.0,0.0,0.0,0.0,0.0,0.0,0.0,0.0,0.0,0.0
qore_as_control,nq_47,50,True,15,5,2.0,0.5,5,2;16;19;29;36,2;6;9;22;36;38;40;43,1,1,3,2,4.099135489793822,0.8198270979587644,10,8.723644402056744,4.361822201028372,0.0,0.2626867112345499,-49.73731328876545,-49.73731328876545,-49.73731328876545,True,0.2626867112345499,0.0,3003,0.4596264396558828,0.2970570386104761,0.11040292289787214,0.12556905441314833,0.33715496616445384,0.8722210954253253,1.0,0.8198270979587644,0.12385385553361843,0.6824672117566136,0.6873791503939432,0.804658181935186,0.9669052151008339,1.0,0.8867764846553409,0.0356857391672401,0.7963446111201722,0.8386936303420846,0.892193678132366,0.9314880588485855,0.9731882327161061,0.8723644402056745,0.04323543229226439,0.7971885689135815,0.8184721369335404,0.8765647243374859,0.9182425599548255,0.9524649647784204,0.44338824232767043,0.01784286958362005,0.3981723055600861,0.4193468151710423,0.446096839066183,0.46574402942429277,0.48659411635805305,0.43618222010283725,0.021617716146132195,0.39859428445679074,0.4092360684667702,0.43828236216874294,0.45912127997741276,0.4762324823892102,0.0,0.0,0.0,0.0,0.0,0.0,0.0,0.0,0.0,0.0,0.0,0.0,0.0,0.0
qore_as_control,nq_48,50,True,15,5,2.0,0.5,5,1;2;3;25;34,0;1;2;4;6;7;9;16;18;41;47,1,1,5,2,4.693445346019639,0.9386890692039278,10,7.677023478348123,3.8385117391740615,0.0,-0.8549336068455777,-50.85493360684558,-50.85493360684558,-50.85493360684558,True,-0.8549336068455777,0.0,3003,0.612725422888045,0.3155680860964632,0.1915452425138488,0.23740946501758528,0.5084659531721255,0.9863449565299348,1.0,0.9386890692039278,0.09200355054363607,0.7559986128670868,0.840136517223272,0.9815852955353337,0.9958072255438676,1.0,0.7819894069464378,0.07051438975096905,0.6490571293701062,0.6916282871391205,0.7831699098710627,0.8714807734677534,0.9808060948898776,0.7677023478348123,0.08303096662575861,0.6490571293701062,0.6617405537187151,0.769876015244507,0.8783479181651637,0.90927162593952,0.3909947034732189,0.035257194875484524,0.3245285646850531,0.34581414356956025,0.39158495493553136,0.4357403867338767,0.4904030474449388,0.38385117391740614,0.041515483312879305,0.3245285646850531,0.33087027685935755,0.3849380076222535,0.43917395908258183,0.45463581296976,0.0,0.0,0.0,0.0,0.0,0.0,0.0,0.0,0.0,0.0,0.0,0.0,0.0,0.0
qore_as_control,nq_49,50,True,15,5,2.0,0.5,5,1;6;35;41;45,10;21;45,1,1,1,1,1.492200364806064,0.2984400729612128,10,7.955556703109785,3.9777783515548926,0.0,2.4855779867488286,-47.51442201325117,-47.51442201325117,-47.51442201325117,True,2.4855779867488286,0.0,3003,0.11698380047380484,0.2468064378349838,0.0034416468792690487,0.005008742668745945,0.012683794243680931,0.20294404321154036,1.0,0.2984400729612128,0.3579551790492989,0.004878433995599947,0.04388399133391776,0.16602100136011755,0.6875634408435809,1.0,0.8208419753260272,0.06359713261281733,0.7065565725144864,0.754900085664502,0.7988707592903137,0.9175893592084834,0.9665222867031614,0.7955556703109785,0.050679367335298146,0.7354802107870636,0.7411858032607266,0.7844386225236117,0.8675735598892056,0.8890551987382156,0.4104209876630136,0.03179856630640866,0.3532782862572432,0.377450042832251,0.39943537964515685,0.4587946796042417,0.4832611433515807,0.39777783515548926,0.025339683667649073,0.3677401053935318,0.3705929016303633,0.39221931126180587,0.4337867799446028,0.4445275993691078,0.0,0.0,0.0,0.0,0.0,0.0,0.0,0.0,0.0,0.0,0.0,0.0,0.0,0.0
qore_as_control,nq_50,50,True,15,5,2.0,0.5,5,3;12;17;28;29,,0,0,0,0,2.5551099194747704,0.5110219838949541,10,7.594973493197577,3.7974867465987887,0.0,1.2423768271240183,-48.75762317287598,-48.75762317287598,-48.75762317287598,True,1.2423768271240183,0.0,3003,0.1941964277486892,0.32181536800114163,0.0007412936282503081,0.0014668975746271295,0.00914917272576137,0.7180994228409607,1.0,0.5110219838949541,0.3892892378460222,0.0007412936282503081,0.08724178220636768,0.4216312181141248,0.9662979570635407,1.0,0.8188306649843569,0.07674335948131802,0.6020596657462578,0.6928291798979012,0.8379275774860966,0.9047311890280384,0.9362915590605765,0.7594973493197578,0.09785140792595586,0.6020596657462578,0.6711791624615217,0.7397378202625664,0.8686703351327852,0.9362915590605765,0.40941533249217843,0.03837167974065901,0.3010298328731289,0.3464145899489506,0.4189637887430483,0.4523655945140192,0.46814577953028824,0.3797486746598789,0.04892570396297793,0.3010298328731289,0.3355895812307608,0.3698689101312832,0.4343351675663926,0.46814577953028824,0.0,0.0,0.0,0.0,0.0,0.0,0.0,0.0,0.0,0.0,0.0,0.0,0.0,0.0
qore_as_control,nq_51,50,True,15,5,2.0,0.5,5,31;34;42;43;49,2;3;4;5;6;15;17;19;20;21;22;25;26;28;29;37;38;40;42;43;45,1,1,8,2,4.891629251218168,0.9783258502436338,10,8.41789576007506,4.20894788003753,0.0,-0.6826813711806379,-50.682681371180635,-50.682681371180635,-50.682681371180635,True,-0.6826813711806379,0.0,3003,0.5870355282833698,0.3356586883279225,0.1064972079227494,0.17660850589012458,0.5566874793785468,0.9847315457964532,1.0,0.9783258502436338,0.01685329087955977,0.9498374749954576,0.9597908622383037,0.9775547703781495,0.9958064250967956,1.0,0.862697379280991,0.0438497922796168,0.7650829750332,0.8214472439865762,0.8500463076252761,0.9378917937355004,0.9747096197402245,0.841789576007506,0.040955819907576206,0.7721583280138364,0.8218296319307087,0.8381807479935695,0.8549039675882321,0.9486004185024541,0.4313486896404955,0.0219248961398084,0.3825414875166,0.4107236219932881,0.42502315381263805,0.4689458968677502,0.48735480987011226,0.420894788003753,0.020477909953788103,0.3860791640069182,0.41091481596535434,0.4190903739967847,0.42745198379411603,0.47430020925122707,0.0,0.0,0.0,0.0,0.0,0.0,0.0,0.0,0.0,0.0,0.0,0.0,0.0,0.0
qore_as_control,nq_52,50,True,15,5,2.0,0.5,5,11;23;26;34;39,,0,0,0,0,1.3968321913391848,0.27936643826783697,10,6.580139092928325,3.2900695464641627,0.0,1.893237355124978,-48.10676264487502,-48.10676264487502,-48.10676264487502,True,1.893237355124978,0.0,3003,0.10186716210505416,0.24550411937708616,0.004663460369438572,0.006298719419950407,0.009735224935458791,0.15637614912164616,1.0,0.27936643826783697,0.36500832258989485,0.005742532691427073,0.04147165755962812,0.10619219574925294,0.6759328472146301,1.0,0.7191150369243071,0.06619746622492065,0.5880771985929996,0.640336851187307,0.7197019095791692,0.7970327075731451,0.9640358779516777,0.6580139092928325,0.06865532237745296,0.5901092547151223,0.5935581370846827,0.6539406778135024,0.7116648810691838,0.8279800863571871,0.35955751846215356,0.033098733112460324,0.2940385992964998,0.3201684255936535,0.3598509547895846,0.3985163537865726,0.48201793897583883,0.32900695464641627,0.03432766118872648,0.29505462735756116,0.2967790685423414,0.3269703389067512,0.3558324405345919,0.41399004317859356,0.0,0.0,0.0,0.0,0.0,0.0,0.0,0.0,0.0,0.0,0.0,0.0,0.0,0.0
qore_as_control,nq_53,50,True,15,5,2.0,0.5,5,16;17;41;43;44,0;3;4;7;9;11;13;14;22;28;34;37;41;43;44;45;46,1,1,11,3,1.1746234275758927,0.23492468551517853,10,7.091926641087197,3.5459633205435983,0.0,2.371339892967706,-47.628660107032296,-47.6286601070323,-47.628660107032296,True,2.371339892967706,0.0,3003,0.09003233322710384,0.24458242497168464,0.004959694137032807,0.006922627547463185,0.01732804302380945,0.08539796583857778,1.0,0.23492468551517853,0.38431839677386154,0.006780734441526732,0.007463451193743026,0.05107567124400649,0.6433117982273169,1.0,0.7741979642051647,0.06328596323558185,0.5722299638779541,0.6792103188293375,0.7890810531915614,0.8463618740778938,0.9030358508903149,0.7091926641087197,0.05161108125308554,0.6369714160021454,0.644451272710258,0.7097410174282655,0.7619523547155256,0.7981891108223838,0.38709898210258237,0.03164298161779092,0.28611498193897705,0.33960515941466873,0.3945405265957807,0.4231809370389469,0.45151792544515745,0.35459633205435986,0.02580554062654277,0.3184857080010727,0.322225636355129,0.3548705087141327,0.3809761773577628,0.3990945554111919,0.0,0.0,0.0,0.0,0.0,0.0,0.0,0.0,0.0,0.0,0.0,0.0,0.0,0.0
qore_as_control,nq_54,50,True,15,5,2.0,0.5,5,2;21;22;40;42,1;13;34;42;47,1,1,3,1,1.5065204010756492,0.3013040802151298,10,8.342245564672472,4.171122782336236,0.0,2.664602381260587,-47.335397618739414,-47.33539761873941,-47.335397618739414,True,2.664602381260587,0.0,3003,0.11609229776835119,0.24796306781101485,0.002048460275956406,0.003226307884120652,0.025885281777527774,0.24040714685034723,1.0,0.3013040802151298,0.36304425543080204,0.005125358549433111,0.01955095128039878,0.17858137219636985,0.7126497319811996,1.0,0.8756690806250961,0.05889213023272524,0.7558263161476708,0.803605243320556,0.8708893356791242,0.9491220907472673,0.9785048694943257,0.8342245564672472,0.05062073881695944,0.7558263161476708,0.7627305199777489,0.8391027047449607,0.8847673115611531,0.9347370945143906,0.43783454031254804,0.02944606511636262,0.3779131580738354,0.401802621660278,0.4354446678395621,0.47456104537363364,0.48925243474716285,0.4171122782336236,0.02531036940847972,0.3779131580738354,0.38136525998887444,0.41955135237248037,0.44238365578057653,0.4673685472571953,0.0,0.0,0.0,0.0,0.0,0.0,0.0,0.0,0.0,0.0,0.0,0.0,0.0,0.0
qore_as_control,nq_55,50,True,15,5,2.0,0.5,5,3;15;27;46;47,3;13;15;18;26;37,1,1,4,2,1.3461112479014088,0.26922224958028174,10,7.9296474198526266,3.9648237099263133,0.0,2.6187124620249045,-47.3812875379751,-47.3812875379751,-47.3812875379751,True,2.6187124620249045,0.0,3003,0.09635928357615238,0.2527506258880702,0.0015187987150046636,0.0022786182368154887,0.008747038585822167,0.19652206574424624,1.0,0.26922224958028174,0.38294922837295214,0.002095530558919436,0.0048946753560147535,0.026961886517450358,0.7231841753093526,1.0,0.83622963147877,0.057302554076237196,0.699544048015416,0.763304368431574,0.8293001031841913,0.9117903768303625,0.9664707232113178,0.7929647419852627,0.054480573498344204,0.699544048015416,0.7395804985017179,0.7919346350861942,0.8464083405201812,0.9108070179411039,0.418114815739385,0.028651277038118598,0.349772024007708,0.381652184215787,0.41465005159209567,0.45589518841518123,0.4832353616056589,0.39648237099263134,0.027240286749172102,0.349772024007708,0.36979024925085896,0.3959673175430971,0.4232041702600906,0.45540350897055193,0.0,0.0,0.0,0.0,0.0,0.0,0.0,0.0,0.0,0.0,0.0,0.0,0.0,0.0
qore_as_control,nq_56,50,True,15,5,2.0,0.5,5,26;28;36;40;48,,0,0,0,0,4.878788657160266,0.9757577314320534,10,7.388401911112721,3.6942009555563606,0.0,-1.1845877016039053,-51.1845877016039,-51.1845877016039,-51.1845877016039,True,-1.1845877016039053,0.0,3003,0.9330376583913169,0.08424694526351437,0.7328951097589123,0.7909748507143421,0.9802181988883992,0.9998922333247666,1.0,0.9757577314320534,0.022165126385171745,0.9319392052275471,0.951250802691888,0.9886235227129061,0.9890374588040707,0.9891718333575253,0.7801170865830731,0.05663150425026204,0.686772415119918,0.7143807978709626,0.7731920331391495,0.8438760540419769,0.9983127565088373,0.7388401911112722,0.0339754100949111,0.6939255541777549,0.7011002353695107,0.740592137416953,0.7814091707343835,0.8004325698201402,0.39005854329153655,0.02831575212513102,0.343386207559959,0.3571903989354813,0.38659601656957476,0.4219380270209884,0.49915637825441866,0.3694200955556361,0.01698770504745555,0.34696277708887746,0.35055011768475536,0.3702960687084765,0.39070458536719177,0.4002162849100701,0.0,0.0,0.0,0.0,0.0,0.0,0.0,0.0,0.0,0.0,0.0,0.0,0.0,0.0
qore_as_control,nq_57,50,True,15,5,2.0,0.5,5,0;1;2;4;6,0;1;2;4;5;38,1,1,6,4,4.295273099019019,0.8590546198038039,10,8.261734202623845,4.130867101311923,0.0,-0.16440599770709596,-50.16440599770709,-50.16440599770711,-50.1644059977071,True,-0.16440599770709596,0.0,3003,0.33664318130954857,0.41646741062494014,0.0005886777008341649,0.0017217040523661146,0.062494200583217765,0.9997169710320923,1.0,0.8590546198038039,0.27972805696359354,0.29960490136142665,0.578313201163702,0.9992927852109713,0.9999999046318025,1.0,0.7457573293022316,0.09976947572417909,0.548500771000665,0.6352987568766357,0.7196518679806604,0.8827119302455589,0.9698371188148246,0.8261734202623845,0.11055296487891056,0.6625845642301942,0.6716219013623713,0.8783079535144473,0.9564020056334983,0.9698371188148246,0.3728786646511158,0.049884737862089544,0.2742503855003325,0.31764937843831786,0.3598259339903302,0.44135596512277947,0.4849185594074123,0.41308671013119225,0.05527648243945528,0.3312922821150971,0.33581095068118566,0.4391539767572237,0.47820100281674915,0.4849185594074123,0.0,0.0,0.0,0.0,0.0,0.0,0.0,0.0,0.0,0.0,0.0,0.0,0.0,0.0
qore_as_control,nq_58,50,True,15,5,2.0,0.5,5,0;1;19;34;45,,0,0,0,0,1.6298472887449684,0.32596945774899366,10,6.135741339489021,3.0678706697445106,0.0,1.4380233809995422,-48.56197661900046,-48.561976619000454,-48.56197661900046,True,1.4380233809995422,0.0,3003,0.11378637139801435,0.2836573169000572,3.736677388009636e-05,4.033527485326801e-05,0.0003521159600495683,0.4049778179298474,1.0,0.32596945774899366,0.4159826316546985,3.736677388009636e-05,3.880868640843784e-05,9.588139552528754e-05,0.8518692276081449,1.0,0.6559633152437442,0.08401948358951677,0.5017713540105238,0.5776558610054511,0.6352909750649791,0.7719168287596966,0.9976584480528609,0.6135741339489021,0.07220989133755834,0.5304742709161109,0.544293208793268,0.6016499203045167,0.6734799915882045,0.7938241560409302,0.3279816576218721,0.04200974179475839,0.2508856770052619,0.28882793050272554,0.31764548753248956,0.3859584143798483,0.49882922402643043,0.3067870669744511,0.03610494566877917,0.26523713545805544,0.272146604396634,0.30082496015225835,0.33673999579410224,0.3969120780204651,0.0,0.0,0.0,0.0,0.0,0.0,0.0,0.0,0.0,0.0,0.0,0.0,0.0,0.0
qore_as_control,nq_59,50,True,15,5,2.0,0.5,5,4;21;32;33;35,,0,0,0,0,1.5602162330421083,0.31204324660842164,10,6.484230710338081,3.2421153551690405,0.0,1.6818991221269322,-48.318100877873064,-48.318100877873064,-48.31810087787307,True,1.6818991221269322,0.0,3003,0.13691854479062776,0.2394743803242535,0.014666967948930375,0.014944113649669858,0.0626387534623279,0.21458654531291338,1.0,0.31204324660842164,0.34983612332621783,0.07382275757699291,0.07741034198065928,0.15165086643253378,0.7007803561785693,1.0,0.6889816111741396,0.07192947058078938,0.5663927547171717,0.6149624112615621,0.6812028232655992,0.7427394750625719,0.992185945396101,0.6484230710338081,0.03473109715882176,0.5965575903801702,0.6064848298318793,0.6442379745256284,0.689897680014901,0.6992520287091352,0.3444908055870698,0.03596473529039469,0.2831963773585858,0.3074812056307811,0.3406014116327996,0.37136973753128594,0.4960929726980505,0.32421153551690407,0.01736554857941088,0.2982787951900851,0.3032424149159397,0.3221189872628142,0.3449488400074505,0.3496260143545676,0.0,0.0,0.0,0.0,0.0,0.0,0.0,0.0,0.0,0.0,0.0,0.0,0.0,0.0
qore_as_control,nq_60,50,True,15,5,2.0,0.5,5,1;3;17;30;35,1;3;4;5;6;17;18;22;28;35;37,1,1,10,4,4.083064488620652,0.8166128977241301,10,7.980892725757036,3.990446362878518,0.0,-0.0926181257421339,-50.092618125742135,-50.092618125742135,-50.092618125742135,True,-0.0926181257421339,0.0,3003,0.3630352501971397,0.34208048709798694,0.06580839063279133,0.0864670901481911,0.18767570962843036,0.9314323152315512,1.0,0.8166128977241301,0.17244046327215623,0.5630064128684596,0.6014886332650696,0.925376759518865,0.9741877409493368,1.0,0.774001375739864,0.05368977616675289,0.6721219432363235,0.7117178973506056,0.7612566654890717,0.8562043833981864,0.8880517670525634,0.7980892725757035,0.05426566977677834,0.7260190973878825,0.7419053158136333,0.7848609533427751,0.8793780336569614,0.8880517670525634,0.387000687869932,0.026844888083376445,0.33606097161816173,0.3558589486753028,0.38062833274453584,0.4281021916990932,0.4440258835262817,0.39904463628785175,0.02713283488838917,0.36300954869394125,0.37095265790681664,0.39243047667138753,0.4396890168284807,0.4440258835262817,0.0,0.0,0.0,0.0,0.0,0.0,0.0,0.0,0.0,0.0,0.0,0.0,0.0,0.0
qore_as_control,nq_61,50,True,15,5,2.0,0.5,5,4;7;17;36;47,3;4;7;10;24;34;36;47,1,1,8,4,4.823144249449946,0.9646288498899891,10,7.56257556051863,3.781287780259315,0.0,-1.0418564691906314,-51.041856469190634,-51.04185646919063,-51.04185646919063,True,-1.0418564691906314,0.0,3003,0.5593220164383835,0.3545072140739862,0.011181847429252934,0.16138616349779006,0.43729660856426794,0.9886801612931131,1.0,0.9646288498899891,0.03522271040100186,0.9072362217516751,0.9211156273232602,0.9785190695873325,0.99818168897212,1.0,0.7840019399605376,0.10672176167345412,0.599373129050258,0.6364079235544853,0.7738143929272955,0.9265802852145447,0.9707162506225401,0.7562575560518631,0.10886137921613452,0.6450744965303035,0.6454575553407762,0.7241350997489913,0.9061669270105176,0.9567208131694749,0.3920009699802688,0.05336088083672706,0.299686564525129,0.31820396177724264,0.38690719646364774,0.46329014260727236,0.48535812531127004,0.37812877802593153,0.05443068960806726,0.32253724826515173,0.3227287776703881,0.36206754987449563,0.4530834635052588,0.47836040658473744,0.0,0.0,0.0,0.0,0.0,0.0,0.0,0.0,0.0,0.0,0.0,0.0,0.0,0.0
qore_as_control,nq_62,50,True,15,5,2.0,0.5,5,6;11;14;19;20,2;11;19;20,1,1,4,3,4.476601534765985,0.8953203069531972,10,8.016470547823154,4.008235273911577,0.0,-0.4683662608544079,-50.46836626085441,-50.4683662608544,-50.46836626085441,True,-0.4683662608544079,0.0,3003,0.5458061794779917,0.35330991595074146,0.024998272678825838,0.06317659404118108,0.5195237198227572,0.9764125102876366,1.0,0.8953203069531972,0.10951785698322646,0.7266290453472534,0.7591175016598027,0.9443043584321323,0.9991271779431892,1.0,0.8438524276840391,0.06083883999658039,0.7091776699071598,0.7665908188555381,0.8490689052601512,0.9212088893455812,0.95087316079755,0.8016470547823156,0.05560248137040467,0.7091776699071598,0.7443850448958191,0.7916229238368484,0.8693943468167202,0.8888128751680502,0.42192621384201956,0.030419419998290197,0.3545888349535799,0.3832954094277691,0.4245344526300756,0.4606044446727906,0.475436580398775,0.4008235273911578,0.027801240685202334,0.3545888349535799,0.37219252244790957,0.3958114619184242,0.4346971734083601,0.4444064375840251,0.0,0.0,0.0,0.0,0.0,0.0,0.0,0.0,0.0,0.0,0.0,0.0,0.0,0.0
qore_as_control,nq_63,50,True,15,5,2.0,0.5,5,0;4;12;13;15,0;18;49,1,1,2,1,3.374293117780343,0.6748586235560686,10,8.14030960665535,4.070154803327675,0.0,0.6958616855473321,-49.304138314452665,-49.30413831445267,-49.304138314452665,True,0.6958616855473321,0.0,3003,0.25368501580406944,0.3777941260465684,0.0076128599539524765,0.00861700339644005,0.022626165372483784,0.9652296775182783,1.0,0.6748586235560686,0.39073572848259097,0.008764055797618821,0.18491976221434717,0.922978832838462,0.9973587629219289,1.0,0.8244890228105759,0.06294815643142061,0.6600717970565935,0.740458318446794,0.8283640177686649,0.9078740005205611,0.9422032580631636,0.814030960665535,0.06272978251316406,0.7113582502398696,0.7335336210159706,0.8297554024630844,0.8769219412559844,0.9097591609884985,0.41224451140528795,0.031474078215710306,0.33003589852829673,0.370229159223397,0.41418200888433243,0.45393700026028055,0.4711016290315818,0.4070154803327675,0.03136489125658203,0.3556791251199348,0.3667668105079853,0.4148777012315422,0.4384609706279922,0.45487958049424926,0.0,0.0,0.0,0.0,0.0,0.0,0.0,0.0,0.0,0.0,0.0,0.0,0.0,0.0
qore_as_control,nq_64,50,True,15,5,2.0,0.5,5,0;12;25;36;47,0;1;3;4;7;9;10;12;29;32;36,1,1,11,3,4.82950624630286,0.9659012492605721,10,8.371888670370181,4.1859443351850905,0.0,-0.6435619111177697,-50.64356191111777,-50.643561911117764,-50.64356191111777,True,-0.6435619111177697,0.0,3003,0.6750381581548139,0.3229697235151125,0.02597320994464736,0.23695415628287708,0.8479928818190589,0.9907023462807926,1.0,0.9659012492605721,0.03394437326998962,0.9170803882050143,0.9238546770268099,0.9817175121110647,0.9986768942909111,1.0,0.843917273969167,0.04729052685596076,0.7180343528058756,0.7870964364060743,0.8470879491759854,0.900445935034592,0.9365598334087873,0.8371888670370181,0.05272533782212858,0.7400844120733862,0.7852313569972023,0.8527218093982487,0.8871800637424565,0.9128865616539765,0.4219586369845835,0.02364526342798038,0.3590171764029378,0.39354821820303715,0.4235439745879927,0.450222967517296,0.4682799167043937,0.41859443351850906,0.02636266891106429,0.3700422060366931,0.39261567849860113,0.42636090469912435,0.44359003187122825,0.45644328082698826,0.0,0.0,0.0,0.0,0.0,0.0,0.0,0.0,0.0,0.0,0.0,0.0,0.0,0.0
qore_as_control,nq_65,50,True,15,5,2.0,0.5,5,0;3;6;9;37,0;3;4;5;6;7;9;37,1,1,8,5,4.809435886596704,0.9618871773193408,10,9.032599662622463,4.5162998313112315,0.0,-0.2931360552854727,-50.29313605528547,-50.29313605528547,-50.29313605528547,True,-0.2931360552854727,0.0,3003,0.4910185692486752,0.41737840413291766,0.03169958165499073,0.03656765300107745,0.6605418276417427,0.9740260123240815,1.0,0.9618871773193408,0.028495356957551808,0.9183781891501285,0.9303429104419753,0.9581730535800844,0.9938378605946985,1.0,0.8867563658459126,0.03453191962352143,0.8290595965422194,0.844728319952915,0.8803100068655021,0.9388345893968091,0.9621318896970212,0.9032599662622465,0.03106407752781642,0.8489819271730679,0.8638565863417491,0.9064467494467239,0.9442445100323379,0.9599934102825345,0.4433781829229563,0.017265959811760715,0.4145297982711097,0.4223641599764575,0.44015500343275105,0.46941729469840454,0.4810659448485106,0.45162998313112324,0.01553203876390821,0.42449096358653393,0.43192829317087456,0.45322337472336194,0.47212225501616895,0.47999670514126724,0.0,0.0,0.0,0.0,0.0,0.0,0.0,0.0,0.0,0.0,0.0,0.0,0.0,0.0
qore_as_control,nq_66,50,True,15,5,2.0,0.5,5,9;13;16;20;26,0;3;9;11;13;16;24;26;31;34;38,1,1,7,4,4.594721764992725,0.9189443529985448,10,7.807348065027465,3.9036740325137327,0.0,-0.6910477324789923,-50.69104773247899,-50.69104773247899,-50.69104773247899,True,-0.6910477324789923,0.0,3003,0.4786638020578787,0.40648388535320057,0.015248912208777672,0.031864343427443084,0.293382890871856,0.99342168364769,1.0,0.9189443529985448,0.09469021702619149,0.7778602602358975,0.7995943045269907,0.9868899831411394,0.9991104602608228,1.0,0.831379165148673,0.08033925558809381,0.6531270598420962,0.7107937633874678,0.8360222307347205,0.9325259386211805,0.96290219040953,0.7807348065027465,0.04251233520875122,0.6960115143792851,0.7310546333411015,0.785744452713673,0.820401296067739,0.8408623100021911,0.4156895825743365,0.040169627794046904,0.3265635299210481,0.3553968816937339,0.41801111536736024,0.46626296931059025,0.481451095204765,0.39036740325137326,0.02125616760437561,0.34800575718964255,0.3655273166705508,0.3928722263568365,0.4102006480338695,0.42043115500109557,0.0,0.0,0.0,0.0,0.0,0.0,0.0,0.0,0.0,0.0,0.0,0.0,0.0,0.0
qore_as_control,nq_67,50,True,15,5,2.0,0.5,5,1;6;7;9;31,,0,0,0,0,1.722841432987692,0.3445682865975384,10,7.000849449073352,3.500424724536676,0.0,1.7775832915489842,-48.222416708451014,-48.22241670845101,-48.222416708451014,True,1.7775832915489842,0.0,3003,0.12283722306211063,0.2574230219954393,0.0008435461869508295,0.00177362497386915,0.011612525261100293,0.3288723676853604,1.0,0.3445682865975384,0.3531345629981438,0.003470657231903175,0.03930713822529867,0.23456490969438865,0.7566976025384033,1.0,0.720652836230283,0.09526656519442252,0.5416212232810725,0.6168641128666634,0.6982580968995594,0.8607046426519508,0.9821879902845941,0.7000849449073352,0.10569184414003611,0.5829328169584659,0.590441270042626,0.6657452676163498,0.8443161535162401,0.9057067898428386,0.3603264181151415,0.04763328259721126,0.27081061164053627,0.3084320564333317,0.3491290484497797,0.4303523213259754,0.49109399514229707,0.3500424724536676,0.05284592207001806,0.29146640847923294,0.295220635021313,0.3328726338081749,0.42215807675812006,0.4528533949214193,0.0,0.0,0.0,0.0,0.0,0.0,0.0,0.0,0.0,0.0,0.0,0.0,0.0,0.0
qore_as_control,nq_68,50,True,15,5,2.0,0.5,5,0;2;16;33;47,4;11,0,0,0,0,1.4776379488234224,0.29552758976468446,10,8.462476448964228,4.231238224482114,0.0,2.753600275658692,-47.24639972434131,-47.24639972434131,-47.24639972434131,True,2.753600275658692,0.0,3003,0.11106838076487202,0.2473668177074037,0.004085790780574578,0.005189102472718863,0.021976417758114944,0.20843025818446198,1.0,0.29552758976468446,0.3633667716811458,0.004085790780574578,0.03925416833323245,0.10248497921957518,0.7116241776644214,1.0,0.8544596726620374,0.042258283754034086,0.7405657847932803,0.8027119402069898,0.8501613614929202,0.9072406118781472,0.9716964205091411,0.8462476448964228,0.04616259780921161,0.7726178858974553,0.793587017510354,0.847706915414201,0.9041107452295682,0.9358053741959718,0.4272298363310187,0.021129141877017043,0.37028289239664014,0.4013559701034949,0.4250806807464601,0.4536203059390736,0.48584821025457053,0.4231238224482114,0.023081298904605804,0.38630894294872764,0.396793508755177,0.4238534577071005,0.4520553726147841,0.4679026870979859,0.0,0.0,0.0,0.0,0.0,0.0,0.0,0.0,0.0,0.0,0.0,0.0,0.0,0.0
qore_as_control,nq_69,50,True,15,5,2.0,0.5,5,3;8;9;23;34,,0,0,0,0,2.9309044403171507,0.5861808880634303,10,6.787632268143693,3.3938161340718467,0.0,0.462911693754696,-49.5370883062453,-49.53708830624531,-49.5370883062453,True,0.462911693754696,0.0,3003,0.209751533223185,0.32717413276627905,0.007914686794378538,0.009232325411485574,0.02608366840111751,0.7759667066568146,1.0,0.5861808880634303,0.3289680973394484,0.18812962295642427,0.21521103883936815,0.5809914308067547,0.9623800895560752,1.0,0.6845476034281823,0.08851542631096772,0.5330621242241766,0.6041144646829295,0.6668117782067542,0.8080387195538904,0.931255446751043,0.6787632268143693,0.06146337047087696,0.5677572957056466,0.6264487093711874,0.6675742180844184,0.7507828709219658,0.8054517472724566,0.34227380171409116,0.04425771315548386,0.2665310621120883,0.30205723234146475,0.3334058891033771,0.4040193597769452,0.4656277233755215,0.33938161340718465,0.03073168523543848,0.2838786478528233,0.3132243546855937,0.3337871090422092,0.3753914354609829,0.4027258736362283,0.0,0.0,0.0,0.0,0.0,0.0,0.0,0.0,0.0,0.0,0.0,0.0,0.0,0.0
qore_as_control,nq_70,50,True,15,5,2.0,0.5,5,2;40;42;43;45,7;24,1,0,1,0,1.7823949426095185,0.3564789885219037,10,7.029385790640857,3.5146928953204286,0.0,1.7322979527109101,-48.26770204728909,-48.26770204728909,-48.26770204728909,True,1.7322979527109101,0.0,3003,0.15631408623070273,0.24641854643598735,0.014453827727273855,0.016011208658681907,0.06414581532100096,0.32727521118586755,1.0,0.3564789885219037,0.3429297043357278,0.03034493608921114,0.05840914026146637,0.3182576240720369,0.7333147743713686,1.0,0.7693154302058377,0.0861716105924454,0.6088122521373979,0.6630451239875471,0.7600555316121794,0.894015822772316,0.9230323585886782,0.7029385790640859,0.06822080181281823,0.6124014363238487,0.6322535146518009,0.6929388379427683,0.7701717912663937,0.8612181281543223,0.38465771510291885,0.0430858052962227,0.30440612606869893,0.33152256199377356,0.3800277658060897,0.447007911386158,0.4615161792943391,0.35146928953204293,0.034110400906409113,0.30620071816192435,0.31612675732590045,0.34646941897138417,0.38508589563319684,0.43060906407716115,0.0,0.0,0.0,0.0,0.0,0.0,0.0,0.0,0.0,0.0,0.0,0.0,0.0,0.0
qore_as_control,nq_71,50,True,15,5,2.0,0.5,5,2;23;29;31;39,0;3;5;12;14;18;22;23;29,1,1,3,2,2.980859568168547,0.5961719136337094,10,8.704958373298915,4.352479186649457,0.0,1.3716196184809104,-48.62838038151909,-48.628380381519094,-48.62838038151909,True,1.3716196184809104,0.0,3003,0.2551146833633208,0.2899830705922579,0.06291111309801382,0.07069584515295878,0.09579688290310395,0.7022227361883007,1.0,0.5961719136337094,0.2777715890852565,0.23611922848094125,0.3009855885435559,0.5282519522088798,0.9272813035364993,1.0,0.8934424353513876,0.05973805336600915,0.7578737244721891,0.798304287032579,0.9122821096180855,0.9593858761603562,0.9725259696156057,0.8704958373298914,0.054556933114687615,0.8058049952223254,0.8063145433528932,0.8831756420312048,0.9239369956309198,0.9597263805368883,0.4467212176756938,0.029869026683004576,0.3789368622360946,0.3991521435162895,0.45614105480904277,0.4796929380801781,0.48626298480780283,0.4352479186649457,0.027278466557343808,0.4029024976111627,0.4031572716764466,0.4415878210156024,0.4619684978154599,0.47986319026844415,0.0,0.0,0.0,0.0,0.0,0.0,0.0,0.0,0.0,0.0,0.0,0.0,0.0,0.0
qore_as_control,nq_72,50,True,15,5,2.0,0.5,5,0;1;10;17;43,0;1;2;3;4;11;14;43,1,1,8,3,2.369470297454111,0.47389405949082225,10,7.4012682114977695,3.7006341057488847,0.0,1.3311638082947739,-48.668836191705225,-48.66883619170522,-48.668836191705225,True,1.3311638082947739,0.0,3003,0.16464073490661837,0.3196980740869202,9.217856822192136e-05,9.498426440900413e-05,0.002144740580673852,0.6963970504296462,1.0,0.47389405949082225,0.40264748745663487,9.217856822192136e-05,0.011802373405308679,0.53804610752662,0.9207857382793322,1.0,0.7442388257562879,0.07985486305446554,0.5589411379130895,0.6600123398396006,0.7367257881617606,0.8597996288431209,0.9603900642861072,0.7401268211497769,0.08896156988723136,0.633054450170849,0.6597323602320312,0.7012634749167248,0.874443834685534,0.8888547734845879,0.37211941287814393,0.03992743152723277,0.27947056895654476,0.3300061699198003,0.3683628940808803,0.42989981442156044,0.4801950321430536,0.37006341057488845,0.04448078494361568,0.3165272250854245,0.3298661801160156,0.3506317374583624,0.437221917342767,0.44442738674229393,0.0,0.0,0.0,0.0,0.0,0.0,0.0,0.0,0.0,0.0,0.0,0.0,0.0,0.0
qore_as_control,nq_73,50,True,15,5,2.0,0.5,5,0;1;4;12;43,0;1;4,1,1,3,3,3.3132643397754595,0.6626528679550919,10,7.36322536899798,3.68161268449899,0.0,0.3683483447235303,-49.63165165527647,-49.63165165527647,-49.63165165527647,True,0.3683483447235303,0.0,3003,0.24305043615356456,0.3406328104596875,0.00456475841378493,0.0056511348018422865,0.03493845461507784,0.7801529783928233,1.0,0.6626528679550919,0.28250144167472724,0.15718118869637587,0.3388063681492841,0.7337521492871945,0.924434745785297,1.0,0.6950555412447774,0.05747998318275233,0.5796001897910623,0.640520974959473,0.6856068237864458,0.7487674027438153,0.9835149911374702,0.7363225368997981,0.07682314771868522,0.6541108222754324,0.6609095396439177,0.7082766852705185,0.8557951488587232,0.8917617871142135,0.3475277706223887,0.028739991591376166,0.28980009489553116,0.3202604874797365,0.3428034118932229,0.37438370137190763,0.4917574955687351,0.36816126844989905,0.03841157385934261,0.3270554111377162,0.33045476982195887,0.35413834263525923,0.4278975744293616,0.44588089355710675,0.0,0.0,0.0,0.0,0.0,0.0,0.0,0.0,0.0,0.0,0.0,0.0,0.0,0.0
qore_as_control,nq_74,50,True,15,5,2.0,0.5,5,4;9;11;40;47,9;40;41,1,1,2,2,4.653888198221401,0.9307776396442803,10,8.103143524869306,4.051571762434653,0.0,-0.6023164357867481,-50.60231643578675,-50.60231643578675,-50.60231643578675,True,-0.6023164357867481,0.0,3003,0.46108938105963476,0.41522887139784936,0.02788645354438728,0.033993430033089016,0.2777035937021963,0.9797436468667902,1.0,0.9307776396442803,0.0668502253339549,0.8454324370985218,0.8507597868237197,0.9503966148001375,0.9997233339644901,1.0,0.7805476346822244,0.07887278600912076,0.6454990734990449,0.6964594385515571,0.7619494970354507,0.9196206795718935,0.9976602803740957,0.8103143524869306,0.06716699309486737,0.7291048907783162,0.7426227975000114,0.8080689616488317,0.8877526910026092,0.9540841899477889,0.3902738173411122,0.03943639300456038,0.32274953674952245,0.34822971927577856,0.38097474851772534,0.45981033978594676,0.49883014018704785,0.4051571762434653,0.033583496547433686,0.3645524453891581,0.3713113987500057,0.40403448082441584,0.4438763455013046,0.47704209497389444,0.0,0.0,0.0,0.0,0.0,0.0,0.0,0.0,0.0,0.0,0.0,0.0,0.0,0.0
qore_as_control,nq_75,50,True,15,5,2.0,0.5,5,0;1;2;10;24,0;1;2;24,1,1,4,4,4.13181676559427,0.8263633531188541,10,7.895018737987642,3.947509368993821,0.0,-0.18430739660044937,-50.18430739660045,-50.184307396600445,-50.18430739660045,True,-0.18430739660044937,0.0,3003,0.2952482910643329,0.41696999633897397,0.006526262838898013,0.010609858654771683,0.028829837959037742,0.9997134828649941,1.0,0.8263633531188541,0.31044596277253367,0.20822888510196683,0.4946589050225043,0.9992844224420099,0.9999998092587934,1.0,0.7538870370376015,0.07645486059788857,0.622897768477879,0.6623498760393935,0.7568314016383781,0.8342295576269709,0.9952675829556491,0.7895018737987641,0.09356467242507026,0.6706016930016894,0.6800464586050822,0.8054831966672336,0.8716912320136571,0.9952675829556491,0.37694351851880076,0.038227430298944286,0.3114488842389395,0.3311749380196968,0.37841570081918907,0.41711477881348547,0.49763379147782455,0.39475093689938207,0.04678233621253513,0.3353008465008447,0.3400232293025411,0.4027415983336168,0.43584561600682853,0.49763379147782455,0.0,0.0,0.0,0.0,0.0,0.0,0.0,0.0,0.0,0.0,0.0,0.0,0.0,0.0
qore_as_control,nq_76,50,True,15,5,2.0,0.5,5,0;1;3;7;10,0;1;3;10,1,1,4,4,4.160480623281103,0.8320961246562206,10,8.91446078220962,4.45723039110481,0.0,0.296749767823707,-49.703250232176295,-49.7032502321763,-49.703250232176295,True,0.296749767823707,0.0,3003,0.2787915679172483,0.41327625727267353,7.16842108585149e-05,0.00011870955435390316,0.004923800144849366,0.9661552129297224,1.0,0.8320961246562206,0.23055847068383653,0.38256997621779,0.5734501191317641,0.9236448760331497,0.997798175010975,1.0,0.7369783551136985,0.07935055736859108,0.560506957535375,0.6579008767997147,0.7222891284183051,0.8727764110957537,0.9828476913985371,0.8914460782209618,0.037628398104763656,0.8232521576975089,0.86467818965682,0.8859341089055727,0.9350431079002058,0.971748252683081,0.36848917755684923,0.03967527868429554,0.2802534787676875,0.3289504383998573,0.36114456420915253,0.43638820554787683,0.49142384569926856,0.4457230391104809,0.018814199052381828,0.41162607884875446,0.43233909482841,0.44296705445278634,0.4675215539501029,0.4858741263415405,0.0,0.0,0.0,0.0,0.0,0.0,0.0,0.0,0.0,0.0,0.0,0.0,0.0,0.0
qore_as_control,nq_77,50,True,15,5,2.0,0.5,5,10;18;32;44;47,,0,0,0,0,1.0035866122076043,0.20071732244152085,10,6.263210278858168,3.131605139429084,0.0,2.1280185272214798,-47.87198147277852,-47.87198147277853,-47.87198147277852,True,2.1280185272214798,0.0,3003,0.0679879307536166,0.24909894429742696,0.0004458226625796475,0.00046557294499074547,0.0007903207351970449,0.006105840721554064,1.0,0.20071732244152085,0.39964153997238466,0.0004894314381070378,0.0005557256479378969,0.0007911840532882158,0.60066033190141,1.0,0.7031597433977556,0.06484194149360267,0.5717955066355039,0.6252438856099898,0.702289825174537,0.7795443688911834,0.9617283123206698,0.6263210278858169,0.03586861978131205,0.5751645971971603,0.5903689459189468,0.6211041790089488,0.6465397342497282,0.7186413444849697,0.3515798716988778,0.032420970746801336,0.28589775331775197,0.3126219428049949,0.3511449125872685,0.3897721844455917,0.4808641561603349,0.31316051394290845,0.017934309890656024,0.28758229859858014,0.2951844729594734,0.3105520895044744,0.3232698671248641,0.3593206722424849,0.0,0.0,0.0,0.0,0.0,0.0,0.0,0.0,0.0,0.0,0.0,0.0,0.0,0.0
qore_as_control,nq_78,50,True,15,5,2.0,0.5,5,0;13;23;28;38,0;16;19;25;28,1,1,5,2,4.0424335851818185,0.8084867170363637,10,8.174135103336928,4.087067551668464,0.0,0.04463396648664553,-49.95536603351336,-49.95536603351336,-49.95536603351336,True,0.04463396648664553,0.0,3003,0.3939536831841171,0.3183217571186517,0.07567986344147014,0.0869572283041766,0.25120853015749417,0.907807400288652,1.0,0.8084867170363637,0.17489413788971994,0.5240953428895345,0.6106477593565777,0.794548573262164,0.993325313989191,1.0,0.8128695239824947,0.060971067013371225,0.712778694575816,0.7443822495082242,0.7986264156001938,0.8985896873065106,0.9915280976422803,0.8174135103336928,0.03707821371142914,0.7453321036601522,0.7746448104221051,0.8204976979287877,0.8604096191663348,0.8632239165768341,0.40643476199124734,0.030485533506685612,0.356389347287908,0.3721911247541121,0.3993132078000969,0.4492948436532553,0.49576404882114017,0.4087067551668464,0.01853910685571457,0.3726660518300761,0.38732240521105255,0.41024884896439384,0.4302048095831674,0.43161195828841703,0.0,0.0,0.0,0.0,0.0,0.0,0.0,0.0,0.0,0.0,0.0,0.0,0.0,0.0
qore_as_control,nq_79,50,True,15,5,2.0,0.5,5,0;1;9;21;45,0;1;2;37,1,1,3,2,3.3633408671290583,0.6726681734258118,10,8.260598644210681,4.130299322105341,0.0,0.7669584549762822,-49.23304154502372,-49.23304154502372,-49.23304154502372,True,0.7669584549762822,0.0,3003,0.32106894564243726,0.30980382161081166,0.004240662928717743,0.015733119702036683,0.2613122566915081,0.8007193250629694,1.0,0.6726681734258118,0.2680318904260894,0.37735295674433295,0.41861470662165423,0.5128451115264205,0.9970541869682676,1.0,0.7919932949480412,0.07836522273249409,0.5907939037175113,0.6935017475736357,0.7984566304394476,0.9010016760146387,0.9445360015674811,0.8260598644210679,0.07295922506230179,0.7593157400778993,0.759598148259013,0.7872743499617031,0.9422829816278312,0.9445360015674811,0.3959966474740206,0.039182611366247046,0.29539695185875564,0.34675087378681785,0.3992283152197238,0.4505008380073193,0.47226800078374054,0.41302993221053397,0.036479612531150896,0.37965787003894963,0.3797990741295065,0.39363717498085155,0.4711414908139156,0.47226800078374054,0.0,0.0,0.0,0.0,0.0,0.0,0.0,0.0,0.0,0.0,0.0,0.0,0.0,0.0
qore_as_control,nq_80,50,True,15,5,2.0,0.5,5,3;4;8;13;31,0;2;3;4;7;8;13;14,1,1,8,4,4.815651579859343,0.9631303159718685,10,8.094359123819027,4.0471795619095134,0.0,-0.7684720179498292,-50.76847201794983,-50.76847201794983,-50.76847201794983,True,-0.7684720179498292,0.0,3003,0.605366098075679,0.4612928052543007,0.0018861885145819673,0.002634943101520106,0.9851962266539164,0.9996807194074975,1.0,0.9631303159718685,0.06962091784208266,0.8239310351462142,0.8922807579650783,0.9979150555289834,0.9995485103950692,0.9997422579938053,0.8039183760078268,0.073880133101064,0.5757846434577208,0.7088759217133251,0.8171810900701715,0.8963301134728731,0.9734202165681397,0.8094359123819027,0.0643987513852555,0.7028151678774731,0.711504649478598,0.8340802309473812,0.8701002269964723,0.9051889582242167,0.4019591880039134,0.036940066550532,0.2878923217288604,0.35443796085666257,0.40859054503508574,0.44816505673643653,0.48671010828406985,0.40471795619095136,0.03219937569262775,0.35140758393873656,0.355752324739299,0.4170401154736906,0.43505011349823614,0.45259447911210837,0.0,0.0,0.0,0.0,0.0,0.0,0.0,0.0,0.0,0.0,0.0,0.0,0.0,0.0
qore_as_control,nq_81,50,True,15,5,2.0,0.5,5,5;8;14;32;47,0;1;2;3;4;5;7;8;9;10;11;12;13;15;18;23;25;26;27;28;29;31;33;35;36;37;39;41;43;45;47,1,1,12,3,4.911815300115798,0.9823630600231595,10,8.295594145236377,4.1477970726181885,0.0,-0.7640182274976093,-50.76401822749761,-50.76401822749761,-50.76401822749761,True,-0.7640182274976093,0.0,3003,0.9556360351259511,0.043820349129728896,0.8378110580897445,0.9147917900107647,0.9653097996784124,0.9962009105768258,1.0,0.9823630600231595,0.026246415042360714,0.9303171827315633,0.9545898418110819,0.9922636828833858,0.9992942416281956,1.0,0.8572666963609441,0.042879942052637746,0.7488755089810861,0.8122464366343091,0.850743662243188,0.9146220074462911,0.9576486150335077,0.8295594145236377,0.04264972628941637,0.7488755089810861,0.7804642830542943,0.8273603016781196,0.8723996971392604,0.9056556011653755,0.42863334818047205,0.021439971026318873,0.37443775449054306,0.40612321831715453,0.425371831121594,0.45731100372314554,0.47882430751675387,0.41477970726181884,0.021324863144708186,0.37443775449054306,0.39023214152714714,0.4136801508390598,0.4361998485696302,0.45282780058268773,0.0,0.0,0.0,0.0,0.0,0.0,0.0,0.0,0.0,0.0,0.0,0.0,0.0,0.0
qore_as_control,nq_82,50,True,15,5,2.0,0.5,5,3;12;18;27;44,3;5;35,1,1,2,1,2.229149693877236,0.44582993877544724,10,7.609242606668382,3.804621303334191,0.0,1.575471609456955,-48.424528390543045,-48.424528390543045,-48.424528390543045,True,1.575471609456955,0.0,3003,0.22197186688458775,0.24780546734839207,0.04542897127785119,0.05181697865119579,0.144107765186718,0.4788738009026159,1.0,0.44582993877544724,0.3207190292184745,0.04542897127785119,0.12812506539519314,0.40028554357145696,0.8125063889826888,1.0,0.7964309358553798,0.0565330081241583,0.6497148408830132,0.709129756767814,0.8086739878230855,0.8600678425568058,0.8987229663099201,0.7609242606668382,0.05537303509769637,0.681514053209018,0.699797538864177,0.7646716094550619,0.8411115389432673,0.8532685246854209,0.3982154679276899,0.02826650406207915,0.3248574204415066,0.354564878383907,0.40433699391154276,0.4300339212784029,0.44936148315496005,0.3804621303334191,0.027686517548848186,0.340757026604509,0.3498987694320885,0.3823358047275309,0.42055576947163364,0.42663426234271046,0.0,0.0,0.0,0.0,0.0,0.0,0.0,0.0,0.0,0.0,0.0,0.0,0.0,0.0
qore_as_control,nq_83,50,True,15,5,2.0,0.5,5,6;25;40;41;46,,0,0,0,0,2.330211822603827,0.4660423645207653,10,7.450482060652504,3.725241030326252,0.0,1.3950292077224251,-48.60497079227758,-48.60497079227757,-48.60497079227758,True,1.3950292077224251,0.0,3003,0.2093567843581715,0.30115717760505367,0.01147543194462421,0.01372970208680191,0.08697339557571879,0.6537380090718189,1.0,0.4660423645207653,0.4077821572363804,0.05921964846128936,0.07305871262933966,0.2628345504242715,0.9657361259347403,1.0,0.7986306786778249,0.061376185779037674,0.7024610736520251,0.7330102696221371,0.7855581899670803,0.8971004383398523,0.9804067090823206,0.7450482060652505,0.0262738030538209,0.7161534578648674,0.7226121006972733,0.7345261472272264,0.7741362796261654,0.8055835193333333,0.39931533933891245,0.030688092889518837,0.3512305368260126,0.36650513481106856,0.39277909498354013,0.44855021916992616,0.4902033545411603,0.37252410303262523,0.01313690152691045,0.3580767289324337,0.36130605034863666,0.3672630736136132,0.3870681398130827,0.40279175966666664,0.0,0.0,0.0,0.0,0.0,0.0,0.0,0.0,0.0,0.0,0.0,0.0,0.0,0.0
qore_as_control,nq_84,50,True,15,5,2.0,0.5,5,28;30;35;36;42,25,1,0,1,0,1.001997143021794,0.2003994286043588,10,7.135132356946623,3.5675661784733115,0.0,2.5655690354515173,-47.43443096454848,-47.43443096454848,-47.43443096454848,True,2.5655690354515173,0.0,3003,0.06901067468827236,0.24883166251332517,0.0001717044602358762,0.00023939384855203052,0.0012548051709961713,0.00777649151789833,1.0,0.2003994286043588,0.3998004790794696,0.0001717044602358762,0.00020052175688318972,0.00032688568870769185,0.6005019220683986,1.0,0.7894621795582725,0.08070312189893128,0.653025674704045,0.7015565217091704,0.7605507169506329,0.9210535135547608,0.9549124593024526,0.7135132356946622,0.04258531730955798,0.653025674704045,0.6817440865552259,0.6953121613168507,0.7651056165960171,0.8040923347323066,0.39473108977913623,0.04035156094946564,0.3265128373520225,0.3507782608545852,0.38027535847531646,0.4605267567773804,0.4774562296512263,0.3567566178473311,0.02129265865477899,0.3265128373520225,0.34087204327761295,0.34765608065842535,0.38255280829800853,0.4020461673661533,0.0,0.0,0.0,0.0,0.0,0.0,0.0,0.0,0.0,0.0,0.0,0.0,0.0,0.0
qore_as_control,nq_85,50,True,15,5,2.0,0.5,5,4;7;18;35;37,1;3;8;37;39,1,1,4,1,4.757869935122138,0.9515739870244276,10,8.338389629969738,4.169194814984869,0.0,-0.5886751201372693,-50.58867512013727,-50.58867512013727,-50.58867512013727,True,-0.5886751201372693,0.0,3003,0.608798044890444,0.2741006917221734,0.24529432948201832,0.294930384024283,0.5424175285606994,0.9801817113211501,1.0,0.9515739870244276,0.0544375712956486,0.8472748570456359,0.8897832443672757,0.9702392015745502,0.9947240204608867,1.0,0.8353978242713452,0.04339205435951928,0.7464401163217447,0.783131816375846,0.829265150852083,0.8945067868123951,0.9695955161727549,0.8338389629969738,0.03676219216295404,0.776077022880982,0.7877281557228666,0.8382134385505781,0.8708011101849854,0.8968046070724546,0.4176989121356726,0.02169602717975964,0.37322005816087234,0.391565908187923,0.4146325754260415,0.4472533934061976,0.48479775808637743,0.4169194814984869,0.01838109608147702,0.388038511440491,0.3938640778614333,0.41910671927528903,0.4354005550924927,0.4484023035362273,0.0,0.0,0.0,0.0,0.0,0.0,0.0,0.0,0.0,0.0,0.0,0.0,0.0,0.0
qore_as_control,nq_86,50,True,15,5,2.0,0.5,5,0;11;17;39;45,0;12;14;16;31;35;39,1,1,6,2,1.2126098760756636,0.24252197521513272,10,6.870064431662727,3.4350322158313635,0.0,2.2224223397557,-47.7775776602443,-47.777577660244305,-47.7775776602443,True,2.2224223397557,0.0,3003,0.09212889957298769,0.2437943857643593,0.004409155906447194,0.004733800067022125,0.023644470746828284,0.07820265467155704,1.0,0.24252197521513272,0.3793990483054995,0.023644470746828284,0.02958918907099901,0.06036414295695542,0.63603799832585,1.0,0.7096300453051817,0.05355412928088199,0.6059545947349008,0.6326268575863112,0.71660229274466,0.7622797165868472,0.9661662618098993,0.6870064431662728,0.05028066848579377,0.6059545947349008,0.6269221914986111,0.7078615173245408,0.7422119174843317,0.7513175047689582,0.35481502265259085,0.026777064640440995,0.3029772973674504,0.3163134287931556,0.35830114637233,0.3811398582934236,0.48308313090494964,0.3435032215831364,0.025140334242896883,0.3029772973674504,0.31346109574930553,0.3539307586622704,0.37110595874216584,0.3756587523844791,0.0,0.0,0.0,0.0,0.0,0.0,0.0,0.0,0.0,0.0,0.0,0.0,0.0,0.0
qore_as_control,nq_87,50,True,15,5,2.0,0.5,5,0;1;4;37;49,0;1;4;12;30,1,1,3,3,3.0200441773185416,0.6040088354637083,10,7.217692124377784,3.608846062188892,0.0,0.5888018848703505,-49.41119811512965,-49.41119811512966,-49.41119811512965,True,0.5888018848703505,0.0,3003,0.20552516730999779,0.3917575142731872,0.00020712656356826705,0.0002456149907434459,0.0015365596948333788,0.9856468647777336,1.0,0.6040088354637083,0.47112492479384305,0.0007025523255278143,0.022189821881120043,0.9665283724468482,0.9993570105326629,1.0,0.7380659413004786,0.08339786503716505,0.5652469298057227,0.6389652145961875,0.7314328754375733,0.8531205985164613,0.922670357022529,0.7217692124377784,0.08861899131467033,0.5891786739766923,0.6294120394589826,0.7123433893203917,0.8142197487734457,0.9017270695001425,0.3690329706502393,0.041698932518582525,0.28262346490286133,0.31948260729809375,0.36571643771878665,0.42656029925823064,0.4613351785112645,0.3608846062188892,0.04430949565733516,0.29458933698834616,0.3147060197294913,0.3561716946601958,0.40710987438672286,0.45086353475007124,0.0,0.0,0.0,0.0,0.0,0.0,0.0,0.0,0.0,0.0,0.0,0.0,0.0,0.0
qore_as_control,nq_88,50,True,15,5,2.0,0.5,5,2;4;11;13;15,2;4;31,1,1,2,2,2.0398713165246916,0.4079742633049383,10,9.009832539235969,4.5049162696179845,0.0,2.465044953093293,-47.53495504690671,-47.5349550469067,-47.53495504690671,True,2.465044953093293,0.0,3003,0.15352783926381985,0.25353059511850806,0.0031350495632384468,0.00940792917439104,0.0412701753316534,0.3447592709651559,1.0,0.4079742633049383,0.3082070417748457,0.10970681124941407,0.16685612956433854,0.3089568398898773,0.74745102333947,1.0,0.9020234126641986,0.024255364311340646,0.8463907534449229,0.870909369042614,0.9003820025191577,0.934998667637622,0.9876473621272401,0.9009832539235971,0.013505435404447857,0.8877832751012422,0.8901396059667157,0.895444590409537,0.920700477349085,0.9304580826783527,0.4510117063320993,0.012127682155670323,0.42319537672246144,0.435454684521307,0.45019100125957884,0.467499333818811,0.49382368106362007,0.45049162696179856,0.006752717702223928,0.4438916375506211,0.44506980298335785,0.4477222952047685,0.4603502386745425,0.46522904133917636,0.0,0.0,0.0,0.0,0.0,0.0,0.0,0.0,0.0,0.0,0.0,0.0,0.0,0.0
qore_as_control,nq_89,50,True,15,5,2.0,0.5,5,6;20;27;30;35,14;22;23;25;40,1,0,1,0,3.663532636287755,0.732706527257551,10,8.466505197747969,4.233252598873984,0.0,0.5697199625862295,-49.43028003741377,-49.430280037413766,-49.43028003741377,True,0.5697199625862295,0.0,3003,0.3065805495403599,0.33376927874238554,0.03183053847653056,0.03600546398628747,0.12865250444405416,0.8760738722713859,1.0,0.732706527257551,0.22978488048889323,0.44347400219722954,0.45444763240011443,0.8670823078013209,0.9528272994339051,1.0,0.8409754050248991,0.03868514467179248,0.7503727839549656,0.7932080632346411,0.8370337629623088,0.8904913810089008,0.9834188980011093,0.8466505197747969,0.03987942658443191,0.7983203753827163,0.8057207611198545,0.840517558224066,0.903278604095362,0.9219697855224427,0.42048770251244955,0.01934257233589624,0.3751863919774828,0.39660403161732055,0.4185168814811544,0.4452456905044504,0.49170944900055463,0.42332525988739844,0.019939713292215954,0.39916018769135814,0.40286038055992723,0.420258779112033,0.451639302047681,0.46098489276122134,0.0,0.0,0.0,0.0,0.0,0.0,0.0,0.0,0.0,0.0,0.0,0.0,0.0,0.0
qore_as_control,nq_90,50,True,15,5,2.0,0.5,5,0;3;17;37;40,0;10;17,1,1,2,2,2.1801531117161046,0.43603062234322093,10,6.4796463354557945,3.2398231677278972,0.0,1.0596700560117926,-48.94032994398821,-48.9403299439882,-48.94032994398821,True,1.0596700560117926,0.0,3003,0.1678514457326642,0.28960198380410385,0.015735436272346182,0.016436261831939823,0.03214352472174815,0.5856276612930239,1.0,0.43603062234322093,0.37783312106931805,0.015735436272346182,0.0297390430766135,0.4128813600171117,0.8803167448574529,1.0,0.629304068449633,0.06414387452175682,0.5306693767927331,0.5505911974319244,0.6206368430613721,0.7026826563890033,0.8820244351589457,0.6479646335455794,0.1392477407663347,0.5306693767927331,0.5369511150019084,0.5685603902827381,0.8598292747430062,0.8820244351589457,0.3146520342248165,0.03207193726087841,0.26533468839636654,0.2752955987159622,0.31031842153068606,0.35134132819450165,0.44101221757947284,0.3239823167727897,0.06962387038316735,0.26533468839636654,0.2684755575009542,0.28428019514136904,0.4299146373715031,0.44101221757947284,0.0,0.0,0.0,0.0,0.0,0.0,0.0,0.0,0.0,0.0,0.0,0.0,0.0,0.0
qore_as_control,nq_91,50,True,15,5,2.0,0.5,5,0;5;7;9;42,,0,0,0,0,4.012780179290184,0.8025560358580368,10,8.367339007437034,4.183669503718517,0.0,0.17088932442833293,-49.82911067557167,-49.82911067557167,-49.82911067557167,True,0.17088932442833293,0.0,3003,0.2739381659973322,0.4354490602993926,0.0039030096866564884,0.004205304035051234,0.015173702973075473,0.999446708813492,1.0,0.8025560358580368,0.38679853101302186,0.029043561605460892,0.4113721817119829,0.9993809733714113,0.9997962129766182,1.0,0.7841991045297706,0.0731754319342203,0.6213983510756239,0.6913342196001321,0.7864933517526329,0.8956837170186083,0.9439160576211183,0.8367339007437036,0.0746070981527284,0.7349168748060746,0.7431096071438079,0.8379942589190978,0.9205119579457034,0.928465223666087,0.3920995522648853,0.03658771596711015,0.31069917553781196,0.34566710980006604,0.39324667587631645,0.44784185850930414,0.47195802881055915,0.4183669503718518,0.0373035490763642,0.3674584374030373,0.37155480357190396,0.4189971294595489,0.4602559789728517,0.4642326118330435,0.0,0.0,0.0,0.0,0.0,0.0,0.0,0.0,0.0,0.0,0.0,0.0,0.0,0.0
qore_as_control,nq_92,50,True,15,5,2.0,0.5,5,0;6;14;15;20,,0,0,0,0,1.5304056742120913,0.3060811348424183,10,7.839237658246305,3.9196188291231526,0.0,2.3892131549110616,-47.61078684508894,-47.61078684508895,-47.61078684508894,True,2.3892131549110616,0.0,3003,0.1220623751401824,0.2537216947783233,0.0006290177622452876,0.0006786177840847291,0.007114913086397264,0.28227302637213053,1.0,0.3060811348424183,0.3707431741091673,0.0006290177622452876,0.0006494899405625832,0.17592424286476943,0.7412688861508152,1.0,0.8631957414701328,0.08642600545717981,0.6623872755399656,0.7260945712639066,0.8936372209055877,0.9495557173203011,0.9682958237601474,0.7839237658246304,0.10135865626639042,0.6623872755399656,0.7031939547807864,0.7395183867896014,0.9405229866818448,0.9497060186334092,0.4315978707350664,0.043213002728589904,0.3311936377699828,0.3630472856319533,0.44681861045279386,0.47477785866015054,0.4841479118800737,0.3919618829123152,0.05067932813319521,0.3311936377699828,0.3515969773903932,0.3697591933948007,0.4702614933409224,0.4748530093167046,0.0,0.0,0.0,0.0,0.0,0.0,0.0,0.0,0.0,0.0,0.0,0.0,0.0,0.0
qore_as_control,nq_93,50,True,15,5,2.0,0.5,5,0;3;14;31;39,,0,0,0,0,1.0055996326969479,0.20111992653938957,10,6.628492892941423,3.3142464464707113,0.0,2.3086468137737635,-47.69135318622624,-47.691353186226245,-47.69135318622624,True,2.3086468137737635,0.0,3003,0.06728167586146676,0.24928141754668623,0.0001275768515013083,0.00014312704715769455,0.0004057404089092263,0.0029181452744308388,1.0,0.20111992653938957,0.39944281591988423,0.00013630837133079554,0.00024440201810511036,0.0008005558516453542,0.6017024903942821,1.0,0.695599331023633,0.07168998652998865,0.5651726995929294,0.6289931089925979,0.6854908017453895,0.7840249064598763,0.9206090355894723,0.6628492892941422,0.06982899631471665,0.5749087096153641,0.583915537069239,0.6573471481393978,0.7206091217785335,0.8274763502352551,0.3477996655118165,0.035844993264994324,0.2825863497964647,0.31449655449629893,0.3427454008726947,0.39201245322993816,0.46030451779473613,0.3314246446470711,0.03491449815735832,0.28745435480768206,0.2919577685346195,0.3286735740696989,0.36030456088926677,0.41373817511762756,0.0,0.0,0.0,0.0,0.0,0.0,0.0,0.0,0.0,0.0,0.0,0.0,0.0,0.0
qore_as_control,nq_94,50,True,15,5,2.0,0.5,5,0;2;19;22;42,0;2,1,1,2,2,1.2727098263332963,0.25454196526665923,10,7.324300789918518,3.662150394959259,0.0,2.3894405686259628,-47.610559431374035,-47.61055943137404,-47.610559431374035,True,2.3894405686259628,0.0,3003,0.0962623294881197,0.24479423044928142,0.00196237750899428,0.0030760157110679047,0.012043880682518134,0.12889464686657243,1.0,0.25454196526665923,0.37641203003879903,0.008699034034177973,0.010036972693514038,0.11142750051693806,0.6562157644398648,1.0,0.7748833417374595,0.0632458198733966,0.5965856313761436,0.6799470695272062,0.787375597955326,0.8467087394289218,0.8928032000283351,0.7324300789918519,0.064658998217579,0.619976507833113,0.6260143184262951,0.7557775757045289,0.7915491489349777,0.8194067906135885,0.38744167086872977,0.0316229099366983,0.2982928156880718,0.3399735347636031,0.393687798977663,0.4233543697144609,0.44640160001416757,0.36621503949592593,0.0323294991087895,0.3099882539165565,0.31300715921314753,0.37788878785226443,0.39577457446748887,0.4097033953067942,0.0,0.0,0.0,0.0,0.0,0.0,0.0,0.0,0.0,0.0,0.0,0.0,0.0,0.0
qore_as_control,nq_95,50,True,15,5,2.0,0.5,5,0;3;4;8;26,0;3;4;8;23;26;29;35;38;43;49,1,1,7,5,4.800861419032948,0.9601722838065896,10,9.343623713911285,4.671811856955642,0.0,-0.12904956207730578,-50.129049562077306,-50.129049562077306,-50.129049562077306,True,-0.12904956207730578,0.0,3003,0.4499389182657781,0.4208036198770902,0.019456776949728347,0.021023315094440026,0.22991967813942857,0.9999148835994937,1.0,0.9601722838065896,0.04900645344246132,0.891956531411018,0.8988069234397831,0.9998927104195298,0.9999718662877878,1.0,0.8718118059685195,0.04388818983093583,0.7777511278870038,0.8135503232203728,0.8706309746305245,0.9279790552012843,0.9831956873074224,0.9343623713911284,0.027174118051365045,0.9023803745024108,0.9035197621248928,0.9233151938853921,0.9647447142514948,0.9831956873074224,0.43590590298425974,0.021944094915467914,0.3888755639435019,0.4067751616101864,0.43531548731526226,0.46398952760064216,0.4915978436537112,0.4671811856955642,0.013587059025682522,0.4511901872512054,0.4517598810624464,0.46165759694269604,0.4823723571257474,0.4915978436537112,0.0,0.0,0.0,0.0,0.0,0.0,0.0,0.0,0.0,0.0,0.0,0.0,0.0,0.0
qore_as_control,nq_96,50,True,15,5,2.0,0.5,5,1;8;10;25;36,0;1;25;36,1,1,4,3,4.83700344674578,0.967400689349156,10,7.6301882933491765,3.8150941466745882,0.0,-1.0219093000711919,-51.021909300071194,-51.0219093000712,-51.021909300071194,True,-1.0219093000711919,0.0,3003,0.5922237128014785,0.3922507862279482,0.005015525610173189,0.03720062056597274,0.547771826825136,0.9999867676315284,1.0,0.967400689349156,0.04995135869126137,0.8709848246387456,0.9090597132052429,0.9998571857889281,0.9999957561052469,1.0,0.7804162595005537,0.08274413014758472,0.617840137230315,0.6821626911554209,0.7694551060320218,0.8845839543388604,0.997466443872652,0.7630188293349177,0.08942810161907229,0.6812127971396399,0.6899414475972876,0.7244782894973638,0.8888877542259571,0.9748595644992462,0.39020812975027686,0.04137206507379236,0.3089200686151575,0.34108134557771047,0.3847275530160109,0.4422919771694302,0.498733221936326,0.38150941466745886,0.044714050809536145,0.34060639856981995,0.3449707237986438,0.3622391447486819,0.44444387711297856,0.4874297822496231,0.0,0.0,0.0,0.0,0.0,0.0,0.0,0.0,0.0,0.0,0.0,0.0,0.0,0.0
qore_as_control,nq_97,50,True,15,5,2.0,0.5,5,25;29;35;47;49,8;13;47,1,1,2,1,4.791482239793574,0.9582964479587147,10,8.26671142596369,4.133355712981845,0.0,-0.6581265268117287,-50.65812652681173,-50.658126526811735,-50.65812652681173,True,-0.6581265268117287,0.0,3003,0.5072949758534023,0.4006914013368117,0.025381839255273556,0.032202740645079636,0.6336003784076718,0.985255045840248,1.0,0.9582964479587147,0.04258213153674458,0.88355174977808,0.9060612045523901,0.9780400807036751,0.9960260090391853,1.0,0.8052104378904669,0.05744845759248502,0.6789276389128291,0.7358026792670478,0.80750328701561,0.8632444786703638,0.9881148490765469,0.826671142596369,0.03248062979803875,0.7668763564899084,0.79061733588753,0.833417998840688,0.8600722512402396,0.8883167699892744,0.40260521894523343,0.02872422879624251,0.3394638194564146,0.3679013396335239,0.403751643507805,0.4316222393351819,0.49405742453827345,0.4133355712981845,0.016240314899019375,0.3834381782449542,0.395308667943765,0.416708999420344,0.4300361256201198,0.4441583849946372,0.0,0.0,0.0,0.0,0.0,0.0,0.0,0.0,0.0,0.0,0.0,0.0,0.0,0.0
qore_as_control,nq_98,50,True,15,5,2.0,0.5,5,0;2;33;47;48,0;1;7;10;11;18;24;25;26;28;36;48,1,1,6,2,4.764337059377114,0.9528674118754228,10,8.701348965660696,4.350674482830348,0.0,-0.4136625765467663,-50.41366257654677,-50.41366257654677,-50.41366257654677,True,-0.4136625765467663,0.0,3003,0.7596453987798134,0.21623918573337425,0.2978016024292032,0.4189708469160525,0.8093224481033867,0.9816230249239002,1.0,0.9528674118754228,0.05929229543130177,0.836351273116668,0.8884515048103092,0.9760366771095231,0.9941389027200607,1.0,0.8473783222547717,0.06420245587558346,0.691823105801683,0.7459739636439225,0.8577743970889474,0.9126450939236039,0.9872169784526059,0.8701348965660698,0.043503807823230656,0.8111826289719761,0.8162131450843422,0.8733366417765577,0.9011729877517287,0.9740740363352033,0.42368916112738586,0.03210122793779173,0.3459115529008415,0.37298698182196127,0.4288871985444737,0.45632254696180197,0.49360848922630296,0.4350674482830349,0.021751903911615328,0.40559131448598806,0.4081065725421711,0.43666832088827884,0.45058649387586436,0.48703701816760164,0.0,0.0,0.0,0.0,0.0,0.0,0.0,0.0,0.0,0.0,0.0,0.0,0.0,0.0
qore_as_control,nq_99,50,True,15,5,2.0,0.5,5,0;3;4;5;19,0;4,1,1,2,2,4.9396428992032,0.98792857984064,10,8.00688057073935,4.003440285369675,0.0,-0.9362026138335251,-50.93620261383352,-50.93620261383353,-50.93620261383352,True,-0.9362026138335251,0.0,3003,0.67855468247091,0.36315597750752193,0.03741863061879674,0.11260353512644623,0.9369945290794064,0.999428148515819,1.0,0.98792857984064,0.017586366404105113,0.9541898310460976,0.9672190180984633,0.9989300658611759,0.9999040814475657,1.0,0.7930932110649732,0.06841648581073818,0.6551480587521715,0.7050828430153541,0.793287501338147,0.879714727346467,0.9709415144267747,0.800688057073935,0.058315539606348984,0.7264019138185014,0.7462913075079787,0.8045543170037428,0.8527734468615313,0.9391750900171506,0.3965466055324866,0.03420824290536909,0.32757402937608576,0.35254142150767703,0.3966437506690735,0.4398573636732335,0.48547075721338734,0.4003440285369675,0.029157769803174492,0.3632009569092507,0.37314565375398934,0.4022771585018714,0.42638672343076567,0.4695875450085753,0.0,0.0,0.0,0.0,0.0,0.0,0.0,0.0,0.0,0.0,0.0,0.0,0.0,0.0
qore_as_control,nq_100,50,True,15,5,2.0,0.5,5,5;7;17;32;45,0;2;5;17;39;43;45,1,1,5,3,4.780645436526982,0.9561290873053965,10,8.360494764035819,4.180247382017909,0.0,-0.600398054509073,-50.60039805450907,-50.60039805450907,-50.60039805450907,True,-0.600398054509073,0.0,3003,0.7191453900235066,0.2367701298918463,0.31255580486386814,0.3484939146272226,0.8051359309499638,0.9946989183301934,1.0,0.9561290873053965,0.04866329393524173,0.8954466281165624,0.8965093003211646,0.9877919076960882,0.9997214368345054,1.0,0.8041491194365281,0.048210489000885114,0.6933827796383994,0.7505463317147919,0.7987934387069648,0.8677958997987149,0.9578761861889349,0.8360494764035818,0.04302781318101012,0.768488612925863,0.786276074397419,0.8322202977330599,0.8940836538513821,0.8941857977769782,0.40207455971826406,0.024105244500442557,0.3466913898191997,0.37527316585739595,0.3993967193534824,0.4338979498993574,0.47893809309446744,0.4180247382017909,0.02151390659050506,0.3842443064629315,0.3931380371987095,0.41611014886652997,0.44704182692569105,0.4470928988884891,0.0,0.0,0.0,0.0,0.0,0.0,0.0,0.0,0.0,0.0,0.0,0.0,0.0,0.0
qore_as_control,nq_101,50,True,15,5,2.0,0.5,5,1;2;10;20;32,1;2;13;23;24;26;31;40;45,1,1,6,2,2.0648433857175825,0.4129686771435165,10,7.53955012035682,3.76977506017841,0.0,1.7049316744608274,-48.29506832553917,-48.29506832553918,-48.29506832553917,True,1.7049316744608274,0.0,3003,0.19327397163466128,0.252228580277619,0.03943428533971966,0.04252275159071339,0.10697658523473387,0.4497147656187402,1.0,0.4129686771435165,0.3355372511923225,0.10697658523473387,0.10783137844659611,0.29768586856167606,0.8204269454627133,1.0,0.7647534491606705,0.06899501536192512,0.6399230433936187,0.677891324154167,0.7671998068778154,0.8663302760602708,0.9451302941011872,0.7539550120356822,0.07448222708980437,0.6399230433936187,0.6668123010467606,0.7588292091095012,0.8447612355756368,0.8980061862856934,0.3823767245803352,0.03449750768096256,0.31996152169680936,0.3389456620770835,0.3835999034389077,0.4331651380301354,0.4725651470505936,0.3769775060178411,0.037241113544902185,0.31996152169680936,0.3334061505233803,0.3794146045547506,0.4223806177878184,0.4490030931428467,0.0,0.0,0.0,0.0,0.0,0.0,0.0,0.0,0.0,0.0,0.0,0.0,0.0,0.0
qore_as_control,nq_102,50,True,15,5,2.0,0.5,5,2;6;24;26;44,0;2;6;16;17;26;29,1,1,7,3,4.946713485582468,0.9893426971164935,10,7.597615634251295,3.7988078171256476,0.0,-1.1479056684568207,-51.14790566845682,-51.14790566845682,-51.14790566845682,True,-1.1479056684568207,0.0,3003,0.7644370560721933,0.3284605360491508,0.11752600750912115,0.1720558795117691,0.9750080298920527,0.9976115008267608,1.0,0.9893426971164935,0.009061547089709446,0.9750080298920527,0.9782494807537033,0.9929583759262516,0.9982541690871938,1.0,0.7756658798060669,0.04917925523858299,0.6795386244844723,0.7131206511634169,0.781077650351873,0.8154682036494004,0.9974146080589823,0.7597615634251296,0.029469678833682882,0.7132294133021223,0.72616799045711,0.7625434862239764,0.7928727487555854,0.8116996261916256,0.38783293990303347,0.024589627619291496,0.33976931224223617,0.35656032558170847,0.3905388251759365,0.4077341018247002,0.49870730402949115,0.3798807817125648,0.014734839416841441,0.35661470665106115,0.363083995228555,0.3812717431119882,0.3964363743777927,0.4058498130958128,0.0,0.0,0.0,0.0,0.0,0.0,0.0,0.0,0.0,0.0,0.0,0.0,0.0,0.0
qore_as_control,nq_103,50,True,15,5,2.0,0.5,5,4;5;19;24;27,10,1,0,1,0,2.135743163379528,0.4271486326759056,10,7.577268664444704,3.788634332222352,0.0,1.652891168842824,-48.34710883115718,-48.34710883115718,-48.34710883115718,True,1.652891168842824,0.0,3003,0.1667672666741565,0.2855112183250532,0.010168098435829082,0.0113648178376814,0.02139078934233463,0.5617192042567969,1.0,0.4271486326759056,0.3731514581464579,0.016471987686117746,0.0248329025330044,0.43709468138624236,0.8579208878015334,1.0,0.7748647611044713,0.052964093242887804,0.6804518754158876,0.7238705806381217,0.7674113375217785,0.8243022887555809,0.9417273216323256,0.7577268664444704,0.05458125464500414,0.7154592596070913,0.7223712334517529,0.7444462848772573,0.7748973681289171,0.9173206446533536,0.38743238055223567,0.026482046621443902,0.3402259377079438,0.36193529031906085,0.38370566876088924,0.41215114437779043,0.4708636608161628,0.3788634332222352,0.02729062732250207,0.35772962980354567,0.36118561672587646,0.37222314243862864,0.38744868406445854,0.4586603223266768,0.0,0.0,0.0,0.0,0.0,0.0,0.0,0.0,0.0,0.0,0.0,0.0,0.0,0.0
qore_as_control,nq_104,50,True,15,5,2.0,0.5,5,1;20;21;29;40,1,1,1,1,1,4.931376225968595,0.986275245193719,10,8.686048803550268,4.343024401775134,0.0,-0.5883518241934613,-50.58835182419346,-50.58835182419347,-50.58835182419346,True,-0.5883518241934613,0.0,3003,0.8653798943988658,0.13692039700813682,0.6110393799456951,0.636312433588452,0.9014556188982148,0.9988271561677953,1.0,0.986275245193719,0.021856539911054927,0.9428203464605273,0.9632865333221315,0.9950533465993113,0.9998066877176875,1.0,0.8920041939103138,0.04366779563225168,0.7655183473304308,0.8181306667607797,0.9019082785157315,0.9383825465483211,0.9923842903981945,0.8686048803550269,0.05516594409059463,0.7655183473304308,0.8016848491060639,0.9027789638631155,0.9188531800507096,0.9232070264831331,0.4460020969551569,0.02183389781612584,0.3827591736652154,0.40906533338038986,0.45095413925786576,0.46919127327416055,0.49619214519909727,0.43430244017751346,0.027582972045297315,0.3827591736652154,0.40084242455303193,0.45138948193155776,0.4594265900253548,0.46160351324156657,0.0,0.0,0.0,0.0,0.0,0.0,0.0,0.0,0.0,0.0,0.0,0.0,0.0,0.0
qore_as_control,nq_105,50,True,15,5,2.0,0.5,5,14;30;32;46;48,0;1;2;3;4;5;6;7;8;12;13;14;15;16;17;18;19;20;22;23;25;26;27;28;29;30;32;35;36;37;38;40;41;42;44;45;46;47;48;49,1,1,15,5,4.85779502041054,0.971559004082108,10,7.93148969370737,3.965744846853685,0.0,-0.8920501735568553,-50.892050173556854,-50.892050173556854,-50.892050173556854,True,-0.8920501735568553,0.0,3003,0.9087006519200245,0.05748405502639286,0.8395116343471074,0.8406068408866954,0.8847299237781446,0.9822721888834586,1.0,0.971559004082108,0.028739709929089672,0.9162177486264043,0.9407868470343309,0.9804493869964528,0.993394956056585,1.0,0.8080291972474652,0.035429553297146144,0.7371430657742133,0.7666638988716886,0.8028937904891409,0.854083482449498,0.9250268674566254,0.793148969370737,0.02352837253161006,0.7643305311163766,0.7706110891789676,0.7893108466656381,0.8290131246286037,0.8429141197675376,0.4040145986237326,0.017714776648573072,0.36857153288710665,0.3833319494358443,0.40144689524457045,0.427041741224749,0.4625134337283127,0.3965744846853685,0.01176418626580503,0.3821652655581883,0.3853055445894838,0.39465542333281906,0.41450656231430183,0.4214570598837688,0.0,0.0,0.0,0.0,0.0,0.0,0.0,0.0,0.0,0.0,0.0,0.0,0.0,0.0
qore_as_control,nq_106,50,True,15,5,2.0,0.5,5,9;14;19;34;46,,0,0,0,0,3.4589606680551968,0.6917921336110393,10,7.688059856294476,3.844029928147238,0.0,0.38506926009204134,-49.61493073990796,-49.614930739907955,-49.61493073990796,True,0.38506926009204134,0.0,3003,0.3683421901262161,0.276906640089737,0.07546925919913577,0.11099507674557993,0.31859840302704484,0.7834682432762873,1.0,0.6917921336110393,0.22781880441839225,0.442244165191045,0.47473961212325916,0.5623599446462775,0.9723495102785176,1.0,0.8045476632154026,0.08270334755527611,0.6337514878766473,0.6862956221500037,0.8225834289288917,0.9066108779327603,0.936762204474901,0.7688059856294476,0.08074453007266909,0.6493836380771572,0.6858332304080715,0.7681366605707267,0.8562119772549842,0.9237400527475278,0.4022738316077013,0.04135167377763806,0.31687574393832363,0.34314781107500186,0.41129171446444585,0.45330543896638015,0.4683811022374505,0.3844029928147238,0.040372265036334544,0.3246918190385786,0.34291661520403577,0.38406833028536336,0.4281059886274921,0.4618700263737639,0.0,0.0,0.0,0.0,0.0,0.0,0.0,0.0,0.0,0.0,0.0,0.0,0.0,0.0
qore_as_control,nq_107,50,True,15,5,2.0,0.5,5,0;1;2;5;8,,0,0,0,0,4.136882267619166,0.8273764535238332,10,8.576747965199193,4.288373982599596,0.0,0.15149171498043046,-49.84850828501957,-49.84850828501956,-49.84850828501957,True,0.15149171498043046,0.0,3003,0.3477731260632542,0.3779855966987202,0.00998938027533149,0.012694666256391289,0.08677870782993737,0.9802914292034962,1.0,0.8273764535238332,0.20952802094372938,0.4610909816837443,0.5665814355016647,0.9514653631031466,0.9998035226414917,1.0,0.7760727199438856,0.06883266276960569,0.6000539502766651,0.6910300842722445,0.7722387899984385,0.8645964688653693,0.9916280881735122,0.8576747965199193,0.0768901492146683,0.7608231176052893,0.7632856889524305,0.8749205503857103,0.9244096025295424,0.9916280881735122,0.3880363599719428,0.034416331384802844,0.30002697513833254,0.3455150421361223,0.38611939499921927,0.43229823443268467,0.4958140440867561,0.42883739825995965,0.03844507460733415,0.38041155880264466,0.38164284447621527,0.43746027519285513,0.4622048012647712,0.4958140440867561,0.0,0.0,0.0,0.0,0.0,0.0,0.0,0.0,0.0,0.0,0.0,0.0,0.0,0.0
qore_as_control,nq_108,50,True,15,5,2.0,0.5,5,2;3;36;47;48,2;3;5;6;12;14;24;29;36;40;42;43,1,1,7,3,3.495253857071667,0.6990507714143334,10,8.449188994420638,4.224594497210319,0.0,0.729340640138652,-49.27065935986135,-49.27065935986135,-49.27065935986135,True,0.729340640138652,0.0,3003,0.29204983706285315,0.3293755408175072,0.029534239605656466,0.03974136801312949,0.12207667087877781,0.8397560923388458,1.0,0.6990507714143334,0.2683038781299621,0.25887602105321933,0.40183492271950916,0.6615332207042816,0.9834285360380889,1.0,0.8124164576755695,0.055899771153894336,0.7120382855234066,0.7437596477582041,0.8052299790089545,0.8951140834287982,0.9895689487482697,0.8449188994420638,0.07160685710157402,0.7846267877111118,0.7872396139129111,0.8033679627352374,0.9375516610616293,0.9895689487482697,0.40620822883778473,0.027949885576947168,0.3560191427617033,0.37187982387910207,0.40261498950447727,0.4475570417143991,0.49478447437413486,0.4224594497210319,0.03580342855078701,0.3923133938555559,0.39361980695645554,0.4016839813676187,0.4687758305308147,0.49478447437413486,0.0,0.0,0.0,0.0,0.0,0.0,0.0,0.0,0.0,0.0,0.0,0.0,0.0,0.0
qore_as_control,nq_109,50,True,15,5,2.0,0.5,5,8;32;39;46;47,,0,0,0,0,1.6689398489604734,0.3337879697920947,10,7.007157105963578,3.503578552981789,0.0,1.8346387040213155,-48.165361295978684,-48.165361295978684,-48.165361295978684,True,1.8346387040213155,0.0,3003,0.13073658291892917,0.2552121582063475,0.01589050427573627,0.016994536322784505,0.02414699060188423,0.32956524947861665,1.0,0.3337879697920947,0.363983314344369,0.02414699060188423,0.029228660352364794,0.1759988327484265,0.7727771442528308,1.0,0.7461271119998036,0.07158924637331894,0.6295778069802476,0.6620105696605304,0.7367928119396441,0.8379395115984253,0.980411690386959,0.7007157105963577,0.03630050119948158,0.6431475512250093,0.6629592433595356,0.6923496792566705,0.7389911547699842,0.7630799630406812,0.3730635559999018,0.03579462318665947,0.3147889034901238,0.3310052848302652,0.36839640596982204,0.41896975579921264,0.4902058451934795,0.35035785529817887,0.01815025059974079,0.32157377561250466,0.3314796216797678,0.34617483962833523,0.3694955773849921,0.3815399815203406,0.0,0.0,0.0,0.0,0.0,0.0,0.0,0.0,0.0,0.0,0.0,0.0,0.0,0.0
qore_as_control,nq_110,50,True,15,5,2.0,0.5,5,4;9;17;34;46,,0,0,0,0,3.7627068739874585,0.7525413747974917,10,7.3573564429972516,3.6786782214986258,0.0,-0.08402865248883273,-50.08402865248883,-50.084028652488826,-50.08402865248883,True,-0.08402865248883273,0.0,3003,0.2927005428167433,0.3762604979875084,0.00038472964953570685,0.0004671177866642267,0.07817256448272596,0.8947497128885208,1.0,0.7525413747974917,0.2918341990168787,0.1837801022284581,0.42799974233101423,0.8800441433798525,0.9618213703577199,1.0,0.7991547973589471,0.093940069175562,0.5305377409605346,0.6657293466534465,0.8219981295302569,0.9039825791582151,0.9447310591156499,0.7357356442997252,0.10091007251482473,0.6157371021186072,0.6246311144692803,0.7019997141055168,0.8761068136313264,0.8904083515762987,0.39957739867947356,0.046970034587781,0.2652688704802673,0.33286467332672326,0.41099906476512843,0.45199128957910756,0.47236552955782496,0.3678678221498626,0.050455036257412364,0.3078685510593036,0.31231555723464016,0.3509998570527584,0.4380534068156632,0.44520417578814936,0.0,0.0,0.0,0.0,0.0,0.0,0.0,0.0,0.0,0.0,0.0,0.0,0.0,0.0
qore_as_control,nq_111,50,True,15,5,2.0,0.5,5,0;13;26;27;45,,0,0,0,0,2.317104668378101,0.4634209336756202,10,8.901095037365003,4.450547518682502,0.0,2.1334428503044007,-47.8665571496956,-47.8665571496956,-47.8665571496956,True,2.1334428503044007,0.0,3003,0.15927517867515945,0.3218706911988397,0.0013701418964348331,0.002833703468242872,0.007193479650827104,0.6768809815889612,1.0,0.4634209336756202,0.41469738658002436,0.00579245493795838,0.03153179279190716,0.3391093336571296,0.9608248320840731,1.0,0.8999716449509693,0.04289960481531452,0.8106944367052193,0.8370277753114974,0.9074777854538358,0.9521023030715898,0.9919708031434092,0.8901095037365003,0.05598746841656163,0.8106944367052193,0.8209539036064215,0.8897296613408,0.9620747098696171,0.9919708031434092,0.44998582247548463,0.02144980240765726,0.4053472183526097,0.4185138876557487,0.4537388927269179,0.4760511515357949,0.4959854015717046,0.44505475186825016,0.027993734208280815,0.4053472183526097,0.41047695180321075,0.4448648306704,0.48103735493480854,0.4959854015717046,0.0,0.0,0.0,0.0,0.0,0.0,0.0,0.0,0.0,0.0,0.0,0.0,0.0,0.0
qore_as_control,nq_112,50,True,15,5,2.0,0.5,5,8;17;24;26;33,0;1;2;3;4;5;6;7;8;9;13;15;17;24;26;29;33;38;44;49,1,1,15,5,4.987616034093021,0.9975232068186042,10,8.449998608077905,4.224999304038953,0.0,-0.7626167300540683,-50.76261673005407,-50.76261673005408,-50.76261673005407,True,-0.7626167300540683,0.0,3003,0.9755034761812209,0.044380130707845675,0.8363278049190872,0.9246085219657167,0.9947178269578703,0.9998373221131466,1.0,0.9975232068186042,0.0023718804249200894,0.993137663738848,0.9948265809105179,0.9978987787344457,0.9996300672663118,0.99971106642815,0.8757041636186611,0.0418004426449842,0.7605402333542253,0.8221032269497137,0.8744233558004565,0.9364839644047368,0.9921991892787042,0.8449998608077905,0.04528236727866227,0.7605402333542253,0.804864041535215,0.8475125797898868,0.9143926783116284,0.9212278434967642,0.43785208180933055,0.0209002213224921,0.38027011667711264,0.41105161347485686,0.43721167790022825,0.4682419822023684,0.4960995946393521,0.4224999304038953,0.022641183639331135,0.38027011667711264,0.4024320207676075,0.4237562898949434,0.4571963391558142,0.4606139217483821,0.0,0.0,0.0,0.0,0.0,0.0,0.0,0.0,0.0,0.0,0.0,0.0,0.0,0.0
qore_as_control,nq_113,50,True,15,5,2.0,0.5,5,0;1;4;16;27,0;1;6;40,1,1,3,2,2.2964345022727475,0.4592869004545495,10,7.2541966327612615,3.6270983163806307,0.0,1.3306638141078833,-48.669336185892114,-48.66933618589212,-48.669336185892114,True,1.3306638141078833,0.0,3003,0.16155726184758065,0.3369641461078284,0.00036997554755118997,0.0004593204116377362,0.0020799331877933342,0.7166265835856456,1.0,0.4592869004545495,0.45353310255931106,0.0019686530489291506,0.002013165104474824,0.2940248301798458,0.9993444343424717,1.0,0.7039644474531381,0.0782023860035094,0.5563043183901047,0.6251933402851321,0.6894354116656198,0.8354310198522475,0.9613235985851588,0.7254196632761262,0.11336539869599885,0.6210976855482664,0.6259812787964135,0.6709443108800803,0.8660049520747178,0.9613235985851588,0.35198222372656907,0.0391011930017547,0.2781521591950524,0.31259667014256604,0.3447177058328099,0.4177155099261238,0.4806617992925794,0.3627098316380631,0.056682699347999424,0.3105488427741332,0.31299063939820676,0.33547215544004017,0.4330024760373589,0.4806617992925794,0.0,0.0,0.0,0.0,0.0,0.0,0.0,0.0,0.0,0.0,0.0,0.0,0.0,0.0
qore_as_control,nq_114,50,True,15,5,2.0,0.5,5,13;19;23;30;37,37,1,1,1,1,3.13502046753814,0.627004093507628,10,8.434680062672811,4.217340031336406,0.0,1.0823195637982654,-48.917680436201735,-48.917680436201735,-48.917680436201735,True,1.0823195637982654,0.0,3003,0.23579544611054654,0.31634390201210505,0.02346534665774529,0.025694484958988496,0.05538977153387756,0.7171919039665786,1.0,0.627004093507628,0.264905100363975,0.2222096099365955,0.3439939083944075,0.5724619847283633,0.9254714067168223,1.0,0.8477875516269321,0.06590001119386896,0.6998965935956868,0.7586415310126919,0.8468687328173922,0.9334219772080153,0.9762127102218305,0.8434680062672809,0.073270435115607,0.7500344714575196,0.7557286459254849,0.8099352578751808,0.948570074462314,0.9762127102218305,0.42389377581346604,0.03295000559693448,0.3499482967978434,0.37932076550634597,0.4234343664086961,0.46671098860400767,0.48810635511091527,0.42173400313364046,0.0366352175578035,0.3750172357287598,0.37786432296274247,0.4049676289375904,0.474285037231157,0.48810635511091527,0.0,0.0,0.0,0.0,0.0,0.0,0.0,0.0,0.0,0.0,0.0,0.0,0.0,0.0
qore_as_control,nq_115,50,True,15,5,2.0,0.5,5,0;23;25;28;33,0;7,1,1,2,1,1.0005093418750723,0.20010186837501448,10,7.047744556625268,3.523872278312634,0.0,2.523362936437562,-47.476637063562436,-47.476637063562436,-47.476637063562436,True,2.523362936437562,0.0,3003,0.06872367772530093,0.24893932920948925,6.607648223160142e-05,0.0001224261482308093,0.00021813130057015166,0.013402202489609324,1.0,0.20010186837501448,0.3999490676643994,6.607648223160142e-05,8.651694896180959e-05,0.00014067582943386408,0.6000741647657399,1.0,0.7614370356914245,0.04826977763029799,0.6217261339034641,0.7080742392299657,0.7554819020811322,0.8240171846348157,0.8896313868731425,0.7047744556625268,0.039771727239375346,0.6217261339034641,0.6696160859108328,0.7051143961694417,0.7528863072303703,0.7763911769878044,0.38071851784571226,0.024134888815148994,0.31086306695173205,0.35403711961498285,0.3777409510405661,0.41200859231740783,0.44481569343657124,0.3523872278312634,0.019885863619687673,0.31086306695173205,0.3348080429554164,0.35255719808472086,0.37644315361518516,0.3881955884939022,0.0,0.0,0.0,0.0,0.0,0.0,0.0,0.0,0.0,0.0,0.0,0.0,0.0,0.0
qore_as_control,nq_116,50,True,15,5,2.0,0.5,5,0;1;2;5;8,0;1;2;3;5;8;10;12;13;23;26;27;28;29;31;33;37;39;41;42;44;47,1,1,11,5,4.933234504518438,0.9866469009036875,10,9.464443923215109,4.7322219616075545,0.0,-0.20101254291088377,-50.20101254291088,-50.20101254291088,-50.20101254291088,True,-0.20101254291088377,0.0,3003,0.46966752832304476,0.4679010783214761,0.014484186015849736,0.015439668894822291,0.08866860451454658,0.999398150098765,1.0,0.9866469009036875,0.025422853666508243,0.9358085984960068,0.9609382699357355,0.9993886362874821,0.9997617970558481,1.0,0.8752387585708713,0.04518754502438817,0.7767446607240387,0.8195104555689804,0.8690485496376907,0.942026374960045,0.9854059366356722,0.9464443923215111,0.01617538586177685,0.918569528269146,0.9333698919197064,0.9455577352539566,0.95819620921664,0.9854059366356722,0.43761937928543565,0.022593772512194084,0.38837233036201935,0.4097552277844902,0.43452427481884537,0.4710131874800225,0.4927029683178361,0.47322219616075556,0.008087692930888426,0.459284764134573,0.4666849459598532,0.4727788676269783,0.47909810460832,0.4927029683178361,0.0,0.0,0.0,0.0,0.0,0.0,0.0,0.0,0.0,0.0,0.0,0.0,0.0,0.0
qore_as_control,nq_117,50,True,15,5,2.0,0.5,5,10;34;38;40;49,3;4,1,0,2,0,4.8861450686586565,0.9772290137317313,10,8.42361266390849,4.211806331954245,0.0,-0.6743387367044118,-50.674338736704414,-50.67433873670441,-50.674338736704414,True,-0.6743387367044118,0.0,3003,0.9601557856039219,0.02734800753562284,0.905909027348778,0.933202483702518,0.9612993353516877,0.998893260800834,1.0,0.9772290137317313,0.01760968362597956,0.9612993353516877,0.9613341607642503,0.9661116989502314,0.998893260800834,0.9997710330568838,0.881368955636517,0.03385815262465777,0.7896821334724532,0.8335671489345221,0.8877952500183515,0.9212090139013892,0.946339736052041,0.842361266390849,0.030367424490060725,0.7896821334724532,0.810626069789744,0.8355665199400774,0.8785362532257144,0.893467021349073,0.4406844778182585,0.016929076312328886,0.3948410667362266,0.41678357446726105,0.44389762500917573,0.4606045069506946,0.4731698680260205,0.4211806331954245,0.015183712245030363,0.3948410667362266,0.405313034894872,0.4177832599700387,0.4392681266128572,0.4467335106745365,0.0,0.0,0.0,0.0,0.0,0.0,0.0,0.0,0.0,0.0,0.0,0.0,0.0,0.0
qore_as_control,nq_118,50,True,15,5,2.0,0.5,5,4;6;17;29;45,,0,0,0,0,2.622333317206454,0.5244666634412908,10,7.283334528893339,3.6416672644466694,0.0,1.0193339472402156,-48.98066605275979,-48.98066605275979,-48.98066605275979,True,1.0193339472402156,0.0,3003,0.18762264178957874,0.3002576713811761,0.0049782934094875905,0.007168837583583765,0.021088625477957892,0.6359552032212971,1.0,0.5244666634412908,0.3156294914575896,0.1254670056635393,0.16616797561039467,0.629164626930225,0.8561929016328047,1.0,0.7300195287246094,0.07623429131420834,0.5673611207691618,0.645224062632635,0.7171867831605332,0.8340139038578644,0.9790687313971302,0.7283334528893339,0.11851289246819116,0.6043397373560765,0.6121767534733916,0.6599458010659627,0.8534680765115065,0.9790687313971302,0.3650097643623047,0.03811714565710417,0.2836805603845809,0.3226120313163175,0.3585933915802666,0.4170069519289322,0.4895343656985651,0.36416672644466697,0.05925644623409558,0.30216986867803824,0.3060883767366958,0.32997290053298134,0.42673403825575323,0.4895343656985651,0.0,0.0,0.0,0.0,0.0,0.0,0.0,0.0,0.0,0.0,0.0,0.0,0.0,0.0
qore_as_control,nq_119,50,True,15,5,2.0,0.5,5,5;10;11;22;43,0;8;11;15;19,1,1,4,1,4.345748461455251,0.8691496922910502,10,8.427755450798045,4.213877725399023,0.0,-0.13187073605622857,-50.13187073605623,-50.13187073605623,-50.13187073605623,True,-0.13187073605622857,0.0,3003,0.48443151150653996,0.3390654816976816,0.07379772945245222,0.11806227252409901,0.33693809556027743,0.9846438520179793,1.0,0.8691496922910502,0.18703344084010973,0.5070587044482158,0.6519995376558617,0.9846176485292192,0.9938645284041945,1.0,0.8260689453352488,0.07152321098209778,0.6982513932030232,0.7275913775404095,0.8280311900804084,0.9183759494482234,0.9409461363804982,0.8427755450798046,0.07687768094073962,0.7278356752704729,0.7388144779717648,0.877631200071112,0.9178890979292909,0.918938153842997,0.4130344726676244,0.03576160549104889,0.3491256966015116,0.36379568877020474,0.4140155950402042,0.4591879747241117,0.4704730681902491,0.4213877725399023,0.03843884047036981,0.36391783763523644,0.3694072389858824,0.438815600035556,0.4589445489646454,0.4594690769214985,0.0,0.0,0.0,0.0,0.0,0.0,0.0,0.0,0.0,0.0,0.0,0.0,0.0,0.0
qore_as_control,nq_120,50,True,15,5,2.0,0.5,5,0;4;11;16;21,0;2;4;5,1,1,4,2,4.263382531644117,0.8526765063288233,10,7.455943281907123,3.7279716409535615,0.0,-0.5354108906905557,-50.53541089069056,-50.53541089069056,-50.53541089069056,True,-0.5354108906905557,0.0,3003,0.4174640385537879,0.397939150562125,0.004100142127524311,0.004879627169572238,0.4066504191850819,0.9186363890780604,1.0,0.8526765063288233,0.1534572797216814,0.5573465032446157,0.6840068945704673,0.9029336951304664,0.971641940683916,1.0,0.740459260774018,0.0947843491050138,0.5681469049377071,0.6267505922209018,0.7238811877955016,0.8620582110331659,0.9617271293580792,0.7455943281907123,0.1305386128932305,0.6191951638333887,0.6244475416108186,0.6671273377328213,0.9246601243506418,0.9301273523070446,0.370229630387009,0.0473921745525069,0.28407345246885357,0.3133752961104509,0.3619405938977508,0.43102910551658297,0.4808635646790396,0.3727971640953561,0.06526930644661524,0.30959758191669434,0.3122237708054093,0.33356366886641065,0.4623300621753209,0.4650636761535223,0.0,0.0,0.0,0.0,0.0,0.0,0.0,0.0,0.0,0.0,0.0,0.0,0.0,0.0
qore_as_control,nq_121,50,True,15,5,2.0,0.5,5,10;18;29;34;40,0;7;10;12;17;18;26;28;29;45;46;48;49,1,1,9,3,1.2330984219722798,0.24661968439445597,10,7.792417385228147,3.8962086926140733,0.0,2.6631102706417935,-47.336889729358205,-47.33688972935821,-47.336889729358205,True,2.6631102706417935,0.0,3003,0.0929346724282897,0.24474343356014505,0.0024183291090330967,0.002984477050873584,0.0164121501883648,0.10458013117699028,1.0,0.24661968439445597,0.37899022066020394,0.007058395563512069,0.020598721848158745,0.051248422177340824,0.6535529571825194,1.0,0.8076222327966283,0.05546956772642018,0.6860393820640479,0.7446484933476776,0.8001995137886051,0.8796166232953888,0.9415863228291443,0.7792417385228148,0.05096698709936161,0.6913160987044946,0.7064870269832425,0.7735644552633496,0.8269380186651695,0.8755734582126181,0.40381111639831413,0.02773478386321009,0.34301969103202395,0.3723242466738388,0.40009975689430255,0.4398083116476944,0.47079316141457217,0.3896208692614074,0.025483493549680804,0.3456580493522473,0.35324351349162125,0.3867822276316748,0.41346900933258474,0.43778672910630906,0.0,0.0,0.0,0.0,0.0,0.0,0.0,0.0,0.0,0.0,0.0,0.0,0.0,0.0
qore_as_control,nq_122,50,True,15,5,2.0,0.5,5,4;12;15;43;48,,0,0,0,0,4.671031293381947,0.9342062586763895,10,7.727713726849235,3.8638568634246173,0.0,-0.80717442995733,-50.80717442995733,-50.80717442995733,-50.80717442995733,True,-0.80717442995733,0.0,3003,0.7727469257968945,0.25671615032205103,0.19439358710709084,0.3247913413221294,0.860436622482318,0.9890300330299586,1.0,0.9342062586763895,0.07043706473039502,0.8459046171817557,0.8479974920339136,0.9768194505143311,0.9988681685494841,1.0,0.7901648906054447,0.072939409725899,0.6310334286756183,0.6989586624762082,0.7902543457708887,0.8868326985446339,0.9631666827204768,0.7727713726849235,0.060397785902695914,0.6782833618042647,0.7089785634358622,0.7647348909736098,0.8419438268037984,0.8757234358067554,0.39508244530272235,0.0364697048629495,0.31551671433780915,0.3494793312381041,0.39512717288544436,0.44341634927231693,0.4815833413602384,0.38638568634246173,0.030198892951347957,0.33914168090213237,0.3544892817179311,0.3823674454868049,0.4209719134018992,0.4378617179033777,0.0,0.0,0.0,0.0,0.0,0.0,0.0,0.0,0.0,0.0,0.0,0.0,0.0,0.0
qore_as_control,nq_123,50,True,15,5,2.0,0.5,5,4;33;41;45;47,1;2;4;6;7;12,1,1,5,1,4.927561498954739,0.9855122997909478,10,7.669353862106378,3.834676931053189,0.0,-1.0928845679015495,-51.09288456790155,-51.09288456790155,-51.09288456790155,True,-1.0928845679015495,0.0,3003,0.9771057331281041,0.031594463482709834,0.9045785511701675,0.9218361261931741,0.9940399369402989,0.9999752279961636,1.0,0.9855122997909478,0.01182362154588529,0.9702755623744584,0.9716920012348224,0.9871131935191466,0.998542433414306,1.0,0.8082072502602758,0.06550778209707887,0.6680728568563539,0.739234332273636,0.797728162754541,0.8923828830500101,0.9970386230013386,0.7669353862106378,0.047049443350602356,0.6737058358244998,0.7248450249039731,0.771754800932596,0.80255944216388,0.8568094784073486,0.4041036251301379,0.03275389104853944,0.33403642842817693,0.369617166136818,0.3988640813772705,0.44619144152500506,0.4985193115006693,0.3834676931053189,0.023524721675301178,0.3368529179122499,0.36242251245198653,0.385877400466298,0.40127972108194,0.4284047392036743,0.0,0.0,0.0,0.0,0.0,0.0,0.0,0.0,0.0,0.0,0.0,0.0,0.0,0.0
qore_as_control,nq_124,50,True,15,5,2.0,0.5,5,3;4;34;42;47,4,1,1,1,1,1.3758818347740913,0.2751763669548183,10,6.442077852313124,3.221038926156562,0.0,1.8451570913824709,-48.15484290861753,-48.154842908617525,-48.15484290861753,True,1.8451570913824709,0.0,3003,0.11060923840507528,0.24731897331651193,0.0011137453322666749,0.0016829365843683132,0.007960845625639708,0.19933925528664576,1.0,0.2751763669548183,0.37301309025422635,0.0037318223056712805,0.0038988638739836093,0.1267262493299429,0.6965097347648102,1.0,0.7117931997710003,0.08887905288501573,0.5478489574712018,0.6123681113213606,0.7101846867712447,0.8427363194055688,0.9563186992848302,0.6442077852313124,0.0561268715750012,0.5478489574712018,0.5840798644788081,0.6345401740461822,0.7207571221615181,0.7509974144486006,0.35589659988550015,0.044439526442507864,0.2739244787356009,0.3061840556606803,0.35509234338562234,0.4213681597027844,0.4781593496424151,0.3221038926156562,0.0280634357875006,0.2739244787356009,0.29203993223940405,0.3172700870230911,0.36037856108075905,0.3754987072243003,0.0,0.0,0.0,0.0,0.0,0.0,0.0,0.0,0.0,0.0,0.0,0.0,0.0,0.0
qore_as_control,nq_125,50,True,15,5,2.0,0.5,5,0;1;4;26;36,0;1;2;4;5;6;7;8;10;21;40;47,1,1,9,3,2.3090523787832957,0.4618104757566591,10,7.352406580159326,3.676203290079663,0.0,1.3671509112963673,-48.63284908870363,-48.63284908870363,-48.63284908870363,True,1.3671509112963673,0.0,3003,0.23237735518589883,0.3040358556543738,0.02687253448795135,0.03152286797754232,0.14884255276762895,0.6951829211795486,1.0,0.4618104757566591,0.4372942908897267,0.02687253448795135,0.02780095599205612,0.2830441622436495,0.9879768375213926,1.0,0.8144058526503714,0.11570783883693377,0.5681859951661942,0.6367730970252812,0.8689981981867635,0.9291530731528864,0.9753991722743465,0.7352406580159326,0.13079022754128983,0.5694085805138914,0.6127448544077831,0.7014074989243837,0.9239927527350968,0.933642833013851,0.4072029263251857,0.05785391941846688,0.2840929975830971,0.3183865485126406,0.43449909909338175,0.4645765365764432,0.48769958613717324,0.3676203290079663,0.06539511377064491,0.2847042902569457,0.3063724272038916,0.35070374946219185,0.4619963763675484,0.4668214165069255,0.0,0.0,0.0,0.0,0.0,0.0,0.0,0.0,0.0,0.0,0.0,0.0,0.0,0.0
qore_as_control,nq_126,50,True,15,5,2.0,0.5,5,4;7;13;34;42,0;1;4,1,1,3,1,1.789596322985679,0.3579192645971358,10,6.6525584342741935,3.3262792171370967,0.0,1.5366828941514177,-48.46331710584858,-48.46331710584858,-48.46331710584858,True,1.5366828941514177,0.0,3003,0.12053017629718858,0.3027432722362889,5.296293592087626e-05,7.139157173981116e-05,0.0008049523559682318,0.4694929638553512,1.0,0.3579192645971358,0.43636503582194586,8.594885844726967e-05,0.00027532809666677086,0.01938811224294999,0.9078251459721143,1.0,0.7076031631199906,0.06358272467029427,0.5940867277311878,0.642817236863241,0.6920216893409713,0.7866984380244163,0.9004376667474548,0.6652558434274194,0.04135170758879058,0.6021937114559259,0.6112782127985487,0.6666841088832078,0.7109310722744762,0.7421919828444444,0.3538015815599953,0.031791362335147136,0.2970433638655939,0.3214086184316205,0.34601084467048565,0.39334921901220815,0.4502188333737274,0.3326279217137097,0.02067585379439529,0.30109685572796296,0.30563910639927433,0.3333420544416039,0.3554655361372381,0.3710959914222222,0.0,0.0,0.0,0.0,0.0,0.0,0.0,0.0,0.0,0.0,0.0,0.0,0.0,0.0
qore_as_control,nq_127,50,True,15,5,2.0,0.5,5,0;1;4;24;39,0;1;3;7,1,1,4,2,2.0002469785483528,0.4000493957096706,10,7.377998458095565,3.6889992290477824,0.0,1.6887522504994297,-48.31124774950057,-48.31124774950058,-48.311247749500566,True,1.6887522504994297,0.0,3003,0.1352944745049896,0.3386005209944403,0.0001668661548915773,0.0003393866814440576,0.002188893494332321,0.6016011826706299,1.0,0.4000493957096706,0.48866551673510983,0.0006190178848562344,0.0007648753419238296,0.0015667064049841057,0.998831037092395,1.0,0.7678977288231311,0.08858786255726878,0.5942441821797008,0.6395309897930165,0.7906898690153369,0.8721024675171481,0.9973478084735965,0.7377998458095565,0.10097366274054129,0.6183156845883825,0.6560713937903326,0.6949222364960044,0.8545332084228219,0.9696300462263545,0.38394886441156556,0.04429393127863439,0.2971220910898504,0.31976549489650824,0.39534493450766844,0.4360512337585741,0.49867390423679825,0.36889992290477824,0.05048683137027064,0.30915784229419124,0.3280356968951663,0.3474611182480022,0.42726660421141094,0.48481502311317726,0.0,0.0,0.0,0.0,0.0,0.0,0.0,0.0,0.0,0.0,0.0,0.0,0.0,0.0
qore_as_control,nq_128,50,True,15,5,2.0,0.5,5,0;4;10;24;35,0;4;9;15;28;33;35;44,1,1,7,3,3.1741635930948178,0.6348327186189635,10,8.123191957317973,4.061595978658986,0.0,0.8874323855641686,-49.11256761443583,-49.11256761443583,-49.11256761443583,True,0.8874323855641686,0.0,3003,0.3585107855657618,0.29186429503029754,0.06440848321950378,0.07407365690163452,0.2991029748807695,0.792706851197003,1.0,0.6348327186189635,0.30222512762426135,0.2991029748807695,0.34942876807226736,0.45094750822681806,0.9996782608510864,1.0,0.8175521856605814,0.06335374744747609,0.6803080491874545,0.7364698039918876,0.813938265584049,0.9043760803992378,0.9935501234669615,0.8123191957317971,0.06288210304318852,0.7351199813541166,0.7590941033522292,0.7991030011109362,0.874586384168429,0.9651565195156253,0.4087760928302907,0.03167687372373804,0.34015402459372723,0.3682349019959438,0.4069691327920245,0.4521880401996189,0.49677506173348074,0.40615959786589856,0.03144105152159426,0.3675599906770583,0.3795470516761146,0.3995515005554681,0.4372931920842145,0.48257825975781266,0.0,0.0,0.0,0.0,0.0,0.0,0.0,0.0,0.0,0.0,0.0,0.0,0.0,0.0
qore_as_control,nq_129,50,True,15,5,2.0,0.5,5,10;25;28;29;33,0;1;5;6;9;10;33;37;48,1,1,7,2,4.660760703205697,0.9321521406411394,10,7.370344831346166,3.685172415673083,0.0,-0.9755882875326138,-50.97558828753262,-50.97558828753262,-50.97558828753261,True,-0.9755882875326138,0.0,3003,0.726032767970375,0.2713316911452108,0.25740385873359417,0.2969990745466597,0.8536670514062378,0.992433365462912,1.0,0.9321521406411394,0.10482686094811014,0.723242193440845,0.8231873758842863,0.9801338750880231,0.9937117940509523,1.0,0.7878975019638708,0.07815442534439648,0.6335852280971288,0.6935525529076754,0.7785111758778658,0.9029946421861214,0.9936801288767942,0.7370344831346167,0.06316282753022091,0.6435581877508074,0.6570448527464217,0.744867176917925,0.8108102904289591,0.8152285028721084,0.3939487509819354,0.03907721267219824,0.3167926140485644,0.3467762764538377,0.3892555879389329,0.4514973210930607,0.4968400644383971,0.36851724156730836,0.03158141376511046,0.3217790938754037,0.32852242637321083,0.3724335884589625,0.40540514521447957,0.4076142514360542,0.0,0.0,0.0,0.0,0.0,0.0,0.0,0.0,0.0,0.0,0.0,0.0,0.0,0.0
qore_as_control,nq_130,50,True,15,5,2.0,0.5,5,4;12;13;14;26,,0,0,0,0,2.3042008360647075,0.4608401672129415,10,7.940226502470022,3.970113251235011,0.0,1.6659124151703035,-48.334087584829696,-48.3340875848297,-48.334087584829696,True,1.6659124151703035,0.0,3003,0.19982011419261797,0.25710945567721405,0.008943757996292451,0.0145878728772056,0.0948235931831936,0.46443357994998025,1.0,0.4608401672129415,0.29539746377415166,0.16569464833755093,0.19035427021567633,0.4113195543329755,0.7999371721445268,1.0,0.7998135878640841,0.06721462245896619,0.6437680555119764,0.7282461840427294,0.7856693259841177,0.9111098276302199,0.951664219373414,0.7940226502470022,0.07349473236361224,0.68818155973456,0.7273462953917228,0.7835052032537793,0.9196308962523887,0.9265993983859669,0.39990679393204204,0.03360731122948309,0.3218840277559882,0.3641230920213647,0.3928346629920588,0.45555491381510993,0.475832109686707,0.3970113251235011,0.03674736618180612,0.34409077986728,0.3636731476958614,0.39175260162688963,0.45981544812619435,0.46329969919298347,0.0,0.0,0.0,0.0,0.0,0.0,0.0,0.0,0.0,0.0,0.0,0.0,0.0,0.0
qore_as_control,nq_131,50,True,15,5,2.0,0.5,5,4;5;11;34;41,0;4;15;20;23;43;46,1,1,3,1,4.270800105465886,0.8541600210931772,10,8.652190216258505,4.326095108129253,0.0,0.05529500266336651,-49.944704997336636,-49.94470499733663,-49.944704997336636,True,0.05529500266336651,0.0,3003,0.5655233494143883,0.2862476367603305,0.11519035263283274,0.2081753966035763,0.6855450040487494,0.9172690021685993,1.0,0.8541600210931772,0.11566314432259099,0.6855450040487494,0.7139701792930747,0.8995964669297246,0.9716202769311396,1.0,0.8797235136409316,0.03571759341237051,0.7959539646117659,0.8366266268153536,0.8775960375807187,0.929273799960664,0.9688480227836634,0.8652190216258505,0.03798492864772149,0.8256779144906113,0.8366147426138559,0.8564617240684256,0.8860506997521015,0.9688480227836634,0.4398617568204658,0.017858796706185256,0.39797698230588296,0.4183133134076768,0.43879801879035935,0.464636899980332,0.4844240113918317,0.43260951081292526,0.018992464323860744,0.41283895724530567,0.41830737130692797,0.4282308620342128,0.44302534987605074,0.4844240113918317,0.0,0.0,0.0,0.0,0.0,0.0,0.0,0.0,0.0,0.0,0.0,0.0,0.0,0.0
qore_as_control,nq_132,50,True,15,5,2.0,0.5,5,0;5;6;20;33,9;18;19;28,1,0,1,0,3.054481261421145,0.6108962522842291,10,8.171247351908738,4.085623675954369,0.0,1.0311424145332238,-48.96885758546678,-48.96885758546678,-48.96885758546678,True,1.0311424145332238,0.0,3003,0.27543508282938145,0.30541859671714455,0.06372406659065702,0.065596907875041,0.11919355576440786,0.8099805367924442,1.0,0.6108962522842291,0.3238366216622609,0.21009869412399823,0.2228952303645565,0.7569749137530375,0.9381270475274862,1.0,0.8332696261756515,0.05146803467825422,0.7042543745351972,0.7677217778726595,0.8349763219719649,0.8976061766372104,0.9482988845491951,0.8171247351908736,0.03791048203151259,0.7621899341034348,0.7659527808552173,0.8235964236621107,0.8584115720050185,0.8857139526430862,0.41663481308782574,0.02573401733912711,0.3521271872675986,0.38386088893632975,0.41748816098598246,0.4488030883186052,0.47414944227459754,0.4085623675954368,0.018955241015756297,0.3810949670517174,0.38297639042760867,0.41179821183105536,0.42920578600250925,0.4428569763215431,0.0,0.0,0.0,0.0,0.0,0.0,0.0,0.0,0.0,0.0,0.0,0.0,0.0,0.0
qore_as_control,nq_133,50,True,15,5,2.0,0.5,5,22;26;28;35;47,2;5;9;31;47,1,1,3,1,4.175987314453165,0.8351974628906328,10,8.272279140830273,4.1361395704151365,0.0,-0.03984774403802849,-50.03984774403803,-50.03984774403803,-50.03984774403803,True,-0.03984774403802849,0.0,3003,0.5309028816785147,0.2793006721682103,0.054915312468933775,0.1890774081159971,0.4811045945881705,0.9465786222260879,1.0,0.8351974628906328,0.15526085408153734,0.6477087320044437,0.6497062916211526,0.8938347430770746,0.992696483330172,1.0,0.8701130309315704,0.05778649303630749,0.7177292109942682,0.7845853394149496,0.8838733498857817,0.93510185070449,0.9583413188962053,0.8272279140830273,0.05037158222267714,0.7606368486078732,0.7718417182328212,0.8171484665416247,0.8799270580218275,0.9128807349680146,0.4350565154657852,0.028893246518153747,0.3588646054971341,0.3922926697074748,0.44193667494289085,0.467550925352245,0.47917065944810266,0.41361395704151366,0.02518579111133857,0.3803184243039366,0.3859208591164106,0.4085742332708123,0.43996352901091373,0.4564403674840073,0.0,0.0,0.0,0.0,0.0,0.0,0.0,0.0,0.0,0.0,0.0,0.0,0.0,0.0
qore_as_control,nq_134,50,True,15,5,2.0,0.5,5,3;6;19;32;48,0;3;5;6,1,1,3,2,2.5185288026116526,0.5037057605223305,10,7.73066629656953,3.865333148284765,0.0,1.3468043456731125,-48.653195654326886,-48.65319565432688,-48.653195654326886,True,1.3468043456731125,0.0,3003,0.2407901986926572,0.2724214392548438,0.011033945330607305,0.015895527913525307,0.13239973163544613,0.49907073724831513,1.0,0.5037057605223305,0.28171958886493503,0.13239973163544613,0.23673311157418986,0.48333398224012697,0.8038247629015096,1.0,0.8119917372743105,0.067845903314004,0.6477268647415214,0.7243453923005162,0.8100269676038301,0.8958378132231322,0.922921734005161,0.773066629656953,0.0579287123037906,0.7029305147759813,0.7071530794103968,0.7601305346155425,0.8529342504487919,0.8725795026987864,0.40599586863715525,0.033922951657002,0.3238634323707607,0.3621726961502581,0.40501348380191504,0.4479189066115661,0.4614608670025805,0.3865333148284765,0.0289643561518953,0.35146525738799067,0.3535765397051984,0.38006526730777124,0.42646712522439595,0.4362897513493932,0.0,0.0,0.0,0.0,0.0,0.0,0.0,0.0,0.0,0.0,0.0,0.0,0.0,0.0
qore_as_control,nq_135,50,True,15,5,2.0,0.5,5,4;27;32;43;47,0;20;28;38,0,0,0,0,1.9617325521932325,0.3923465104386465,10,6.3891815905828935,3.1945907952914467,0.0,1.2328582430982142,-48.767141756901786,-48.76714175690178,-48.767141756901786,True,1.2328582430982142,0.0,3003,0.17258812874935964,0.2388626456356883,0.024216917858984353,0.03266340222106446,0.09094326165037972,0.3047903949473327,1.0,0.3923465104386465,0.31099414905077827,0.12862403854393262,0.17295594458579974,0.25701215526543525,0.7346570218941058,1.0,0.6432533186407868,0.0673576243230616,0.4860013059499879,0.5739475407163418,0.6470033547628936,0.7173933045560167,0.9025128000210297,0.6389181590582893,0.035341054681181455,0.5810990722449316,0.5990623213198146,0.6411066677079744,0.6820925891990438,0.6937603520520339,0.3216266593203934,0.0336788121615308,0.24300065297499396,0.2869737703581709,0.3235016773814468,0.35869665227800834,0.45125640001051487,0.31945907952914465,0.017670527340590728,0.2905495361224658,0.2995311606599073,0.3205533338539872,0.3410462945995219,0.34688017602601695,0.0,0.0,0.0,0.0,0.0,0.0,0.0,0.0,0.0,0.0,0.0,0.0,0.0,0.0
qore_as_control,nq_136,50,True,15,5,2.0,0.5,5,7;16;18;21;35,21,1,1,1,1,1.129135495198706,0.2258270990397412,10,6.164406131801935,3.0822030659009676,0.0,1.9530675707022616,-48.04693242929774,-48.04693242929774,-48.04693242929774,True,1.9530675707022616,0.0,3003,0.08540866127738382,0.24611778946435736,0.0006354967978523583,0.0009351419719595577,0.007048332586016178,0.08551701988472522,1.0,0.2258270990397412,0.3894396746787061,0.0010452628561348194,0.003056002210280146,0.007048332586016178,0.6459879154060229,1.0,0.6805768374948642,0.08306175049415065,0.5543002208730707,0.5867111359562063,0.6658138843578943,0.8038568527244521,0.9915545879633123,0.6164406131801936,0.07994964462269062,0.5598699570362982,0.5726936542171482,0.5915773502335883,0.6513856381623828,0.8501100502079367,0.3402884187474321,0.04153087524707533,0.27715011043653537,0.29335556797810314,0.3329069421789472,0.40192842636222603,0.49577729398165615,0.3082203065900968,0.03997482231134531,0.2799349785181491,0.2863468271085741,0.29578867511679413,0.3256928190811914,0.42505502510396836,0.0,0.0,0.0,0.0,0.0,0.0,0.0,0.0,0.0,0.0,0.0,0.0,0.0,0.0
qore_as_control,nq_137,50,True,15,5,2.0,0.5,5,0;4;8;43;47,0;3,1,1,2,1,1.214374103623487,0.2428748207246974,10,7.618146121140697,3.8090730605703484,0.0,2.5946989569468615,-47.405301043053136,-47.40530104305314,-47.405301043053136,True,2.5946989569468615,0.0,3003,0.08666313573362014,0.24695373737909587,0.0005164160302504147,0.0006114744314680433,0.0022890660566776424,0.11103402727413883,1.0,0.2428748207246974,0.38181734059368794,0.0007108694228925859,0.0018038594652805733,0.07548953264450141,0.6538921428108923,1.0,0.8040239524299553,0.054811896993919786,0.6383006950492887,0.7366889488526548,0.8056469626878479,0.8749470017679504,0.9308384657944926,0.7618146121140696,0.06507462477685506,0.6543773359227791,0.6718427754182928,0.7829089473826523,0.8325410683690525,0.8383824005760893,0.40201197621497764,0.027405948496959893,0.31915034752464433,0.3683444744263274,0.40282348134392393,0.4374735008839752,0.4654192328972463,0.3809073060570348,0.03253731238842753,0.32718866796138957,0.3359213877091464,0.39145447369132613,0.41627053418452625,0.41919120028804463,0.0,0.0,0.0,0.0,0.0,0.0,0.0,0.0,0.0,0.0,0.0,0.0,0.0,0.0
qore_as_control,nq_138,50,True,15,5,2.0,0.5,5,5;18;25;26;37,,0,0,0,0,2.8768083580303343,0.5753616716060669,10,7.77208464312489,3.886042321562445,0.0,1.0092339635321106,-48.99076603646789,-48.99076603646789,-48.99076603646789,True,1.0092339635321106,0.0,3003,0.23585689047769295,0.3221910945913865,0.012668666255575764,0.014007458766647319,0.045000086958027784,0.7542609452502255,1.0,0.5753616716060669,0.35073999374559395,0.10636802485250031,0.21091468782178152,0.43681222645526435,0.9863573697787466,1.0,0.8312089686110741,0.07988477715219627,0.7026277825147341,0.7419128323100712,0.8027610258595522,0.9350960043124703,0.9561082603917681,0.777208464312489,0.05110295555609911,0.7242685227743171,0.733837028444415,0.7605295422088625,0.815563157633117,0.9108714875999945,0.41560448430553704,0.03994238857609814,0.35131389125736706,0.3709564161550356,0.4013805129297761,0.46754800215623515,0.47805413019588405,0.3886042321562445,0.025551477778049555,0.36213426138715854,0.3669185142222075,0.38026477110443124,0.4077815788165585,0.45543574379999724,0.0,0.0,0.0,0.0,0.0,0.0,0.0,0.0,0.0,0.0,0.0,0.0,0.0,0.0
qore_as_control,nq_139,50,True,15,5,2.0,0.5,5,0;3;4;6;31,,0,0,0,0,1.311672081223988,0.2623344162447976,10,6.56647186732284,3.28323593366142,0.0,1.9715638524374322,-48.028436147562566,-48.02843614756256,-48.028436147562566,True,1.9715638524374322,0.0,3003,0.09076044819769034,0.24959267377100589,0.0009597846590648668,0.0011966625226568137,0.0029762231513292396,0.168332383474565,1.0,0.2623344162447976,0.37771513956957425,0.0011082608307377455,0.0014231191509786465,0.08434332391290553,0.6897300359396019,1.0,0.6901124323535359,0.06144393906072254,0.5405516070036795,0.6134447686045037,0.6866315535534394,0.7657090321660616,0.8512689814726672,0.6566471867322841,0.08062913273638295,0.5405516070036795,0.5649717344460168,0.6549074939479216,0.7286963834225453,0.8421008814723643,0.34505621617676796,0.03072196953036127,0.2702758035018398,0.30672238430225185,0.3433157767767197,0.3828545160830308,0.4256344907363336,0.32832359336614203,0.04031456636819147,0.2702758035018398,0.2824858672230084,0.3274537469739608,0.36434819171127264,0.42105044073618214,0.0,0.0,0.0,0.0,0.0,0.0,0.0,0.0,0.0,0.0,0.0,0.0,0.0,0.0
qore_as_control,nq_140,50,True,15,5,2.0,0.5,5,1;6;7;16;21,1;6,1,1,2,2,4.005944235030746,0.8011888470061492,10,8.7156232863801,4.35781164319005,0.0,0.35186740815930406,-49.64813259184069,-49.64813259184069,-49.64813259184069,True,0.35186740815930406,0.0,3003,0.2798776896699914,0.4198785753364698,0.0005436762886783795,0.0009188127992721324,0.013960745363620007,0.9962575067774901,1.0,0.8011888470061492,0.3454555102729359,0.11436781583482536,0.42877796526564294,0.9922621554647041,0.999568429727739,1.0,0.8873674869868267,0.031843134057478545,0.7918473029070647,0.8479018469840616,0.8907552225698214,0.9219308020913017,0.9901216169141247,0.8715623286380101,0.0527821284026391,0.798785067897302,0.8191749895502322,0.8815301519119549,0.9079607764855495,0.9901216169141247,0.44368374349341333,0.015921567028739272,0.39592365145353237,0.4239509234920308,0.4453776112849107,0.46096540104565087,0.49506080845706235,0.43578116431900504,0.02639106420131955,0.399392533948651,0.4095874947751161,0.44076507595597747,0.45398038824277476,0.49506080845706235,0.0,0.0,0.0,0.0,0.0,0.0,0.0,0.0,0.0,0.0,0.0,0.0,0.0,0.0
qore_as_control,nq_141,50,True,15,5,2.0,0.5,5,14;24;33;35;45,2;3;5;7;11;13;14;16;18;19;20;21;22;23;24;25;26;29;30;31;32;33;34;35;36;37;39;44;45;46;47;48,1,1,13,5,4.892661091017662,0.9785322182035324,10,8.469424092156384,4.234712046078192,0.0,-0.6579490449394703,-50.65794904493947,-50.65794904493947,-50.65794904493947,True,-0.6579490449394703,0.0,3003,0.8986335915693316,0.09109592852364096,0.729434763613293,0.7437550354074739,0.9299554254892274,0.9833190089556618,1.0,0.9785322182035324,0.013997035940831962,0.9604639553522273,0.9630962153409915,0.9788625462455814,0.9945159936382861,1.0,0.853432237026981,0.057673559493438685,0.7453586960337384,0.786766943100909,0.8402391885499224,0.9417302554270003,0.9819927486907674,0.8469424092156383,0.07036799536014299,0.7648924158360101,0.7688669384090633,0.8119167656579116,0.9261486814160124,0.9616721794023995,0.4267161185134905,0.028836779746719342,0.3726793480168692,0.3933834715504545,0.4201195942749612,0.47086512771350014,0.4909963743453837,0.4234712046078192,0.035183997680071494,0.38244620791800504,0.38443346920453164,0.4059583828289558,0.4630743407080062,0.48083608970119973,0.0,0.0,0.0,0.0,0.0,0.0,0.0,0.0,0.0,0.0,0.0,0.0,0.0,0.0
qore_as_control,nq_142,50,True,15,5,2.0,0.5,5,4;6;10;37;41,0;1;2;3;4;5;6;7;8;9;10;11;12;13;14;15;16;17;18;19;20;21;22;23;24;25;26;28;30;31;36;37;39;41;42;43;44;45;47;49,1,1,13,5,3.4879800850106215,0.6975960170021243,10,8.491524205466202,4.245762102733101,0.0,0.7577820177224797,-49.24221798227752,-49.242217982277516,-49.24221798227752,True,0.7577820177224797,0.0,3003,0.2950009456804049,0.3308609929235955,0.042675789112409296,0.05492281510746219,0.12477146250430379,0.8425482977149593,1.0,0.6975960170021243,0.28644610663007314,0.18269257245086912,0.3742993911465763,0.7179921915340489,0.9702342807342266,1.0,0.8381604740436127,0.050465104705745174,0.7196737027434524,0.7704903165771361,0.8389024987640085,0.906221089509476,0.9481865535637356,0.8491524205466201,0.04087704281747948,0.777889465571484,0.8057178064887889,0.8470796401108545,0.9029918531363081,0.906587297164126,0.41908023702180636,0.025232552352872587,0.3598368513717262,0.38524515828856803,0.41945124938200423,0.453110544754738,0.4740932767818678,0.42457621027331005,0.02043852140873974,0.388944732785742,0.40285890324439444,0.42353982005542723,0.45149592656815407,0.453293648582063,0.0,0.0,0.0,0.0,0.0,0.0,0.0,0.0,0.0,0.0,0.0,0.0,0.0,0.0
qore_as_control,nq_143,50,True,15,5,2.0,0.5,5,15;26;34;45;47,6;26;47,1,1,2,2,4.701032771670996,0.9402065543341992,10,7.396299247987199,3.6981496239935994,0.0,-1.0028831476773967,-51.002883147677395,-51.0028831476774,-51.002883147677395,True,-1.0028831476773967,0.0,3003,0.8280565472035492,0.10695579091955242,0.6809631886241392,0.7115815204720187,0.8022322444478693,0.9809581168750492,1.0,0.9402065543341992,0.0726234707323341,0.8022322444478693,0.8598934277070971,0.9524553895063185,0.9999839740483478,1.0,0.7343523830445872,0.049615071685461525,0.6519557616170634,0.6806199975597381,0.7343392016497531,0.7668899579810106,0.9936306718343298,0.7396299247987199,0.0918879743661358,0.6526590343255073,0.6591642336250509,0.7278711032606885,0.7826669824577033,0.9936306718343298,0.3671761915222936,0.024807535842730762,0.3259778808085317,0.34030999877986906,0.36716960082487654,0.3834449789905053,0.4968153359171649,0.36981496239935996,0.0459439871830679,0.32632951716275366,0.32958211681252547,0.36393555163034425,0.39133349122885164,0.4968153359171649,0.0,0.0,0.0,0.0,0.0,0.0,0.0,0.0,0.0,0.0,0.0,0.0,0.0,0.0
qore_as_control,nq_144,50,True,15,5,2.0,0.5,5,5;28;36;39;43,0;1;3;4;5;6;8;11;12;20;21;22;28;29;36;39;40;41;43;45;48,1,1,15,5,4.9941629473728995,0.9988325894745799,10,8.813945156728405,4.406972578364202,0.0,-0.587190369008697,-50.587190369008695,-50.58719036900871,-50.587190369008695,True,-0.587190369008697,0.0,3003,0.9988744512554981,0.002487140004167293,0.9907039532235059,0.9967816325677443,0.999817687153195,0.9999924617782676,1.0,0.9988325894745799,0.0018802087852692608,0.9950798790116391,0.9968821103840011,0.9997253677921042,0.999899808445328,0.9999545559734166,0.9140589317475382,0.030028750349439824,0.8453573296123663,0.8743813998176043,0.9143970714565857,0.9547281681607365,0.9746394192898058,0.8813945156728407,0.03271329036051,0.8453573296123663,0.8457954280183184,0.8804139665030717,0.9260025808439545,0.9466881876758046,0.4570294658737691,0.015014375174719912,0.42267866480618316,0.43719069990880216,0.45719853572829283,0.47736408408036823,0.4873197096449029,0.44069725783642033,0.016356645180255,0.42267866480618316,0.4228977140091592,0.44020698325153584,0.46300129042197724,0.4733440938379023,0.0,0.0,0.0,0.0,0.0,0.0,0.0,0.0,0.0,0.0,0.0,0.0,0.0,0.0
qore_as_control,nq_145,50,True,15,5,2.0,0.5,5,17;18;25;30;33,8,1,0,1,0,1.5550493902140923,0.31100987804281843,10,7.6518199652853225,3.8259099826426612,0.0,2.270860592428569,-47.72913940757143,-47.729139407571424,-47.72913940757143,True,2.270860592428569,0.0,3003,0.12411260270206996,0.24982377146084375,0.0003056729738844785,0.0012171470548439191,0.02227293981182955,0.27083600782015677,1.0,0.31100987804281843,0.36403978079305604,0.0003056729738844785,0.005905579770122712,0.2671347927263995,0.7093213938197314,1.0,0.8274344366742253,0.07738775466266151,0.646427216998416,0.7064233772503008,0.8388649040062617,0.9395730587042666,0.9591967432411008,0.7651819965285322,0.07229288847556918,0.646427216998416,0.6876857400683967,0.7578929769149916,0.8608304963136111,0.8692411511876752,0.41371721833711267,0.038693877331330756,0.323213608499208,0.3532116886251504,0.41943245200313084,0.4697865293521333,0.4795983716205504,0.3825909982642661,0.03614644423778459,0.323213608499208,0.34384287003419833,0.3789464884574958,0.43041524815680554,0.4346205755938376,0.0,0.0,0.0,0.0,0.0,0.0,0.0,0.0,0.0,0.0,0.0,0.0,0.0,0.0
qore_as_control,nq_146,50,True,15,5,2.0,0.5,5,9;14;22;27;46,2;6;8;9;14;22;33,1,1,5,3,4.695037659365871,0.9390075318731743,10,7.660852427250855,3.8304262136254277,0.0,-0.8646114457404437,-50.864611445740444,-50.86461144574044,-50.864611445740444,True,-0.8646114457404437,0.0,3003,0.7653311039414603,0.21408395373434777,0.37296853192572677,0.45708885741325833,0.7921845573528911,0.999802547391509,1.0,0.9390075318731743,0.08723462142539276,0.7760333488899122,0.8333992393775532,0.9996559691432879,0.9999601064894625,1.0,0.7828119641483741,0.08094721396214288,0.6697226214192107,0.6901274728618221,0.7580477833279421,0.8983281637829361,0.9864698751753629,0.7660852427250855,0.1125318208149339,0.6698701254399899,0.6787075695633875,0.6932477842696874,0.9186430782968752,0.9747838317777738,0.39140598207418703,0.04047360698107144,0.33486131070960534,0.34506373643091104,0.37902389166397105,0.44916408189146806,0.49323493758768144,0.38304262136254275,0.05626591040746695,0.33493506271999496,0.33935378478169376,0.3466238921348437,0.4593215391484376,0.4873919158888869,0.0,0.0,0.0,0.0,0.0,0.0,0.0,0.0,0.0,0.0,0.0,0.0,0.0,0.0
qore_as_control,nq_147,50,True,15,5,2.0,0.5,5,6;11;16;40;44,0;6;8;11;40,1,1,5,3,4.8840226329480885,0.9768045265896177,10,7.2915582254642,3.6457791127321,0.0,-1.2382435202159883,-51.23824352021599,-51.23824352021599,-51.23824352021599,True,-1.2382435202159883,0.0,3003,0.557314833019451,0.3883338321643146,0.08131696746192221,0.13104269657301237,0.39456500475421397,0.9999613731263202,1.0,0.9768045265896177,0.03948089940771547,0.8985244608118397,0.9336598466110314,0.9992290719794727,0.9999613731263202,0.9999945159376874,0.7406681097588647,0.0745522432728761,0.5648604131062104,0.6639248428368125,0.7292899557012426,0.846696415313414,0.9763227270039843,0.7291558225464201,0.10007870351165979,0.6310492070577737,0.6426060714419998,0.6817889761299353,0.8181811106410777,0.9763227270039843,0.37033405487943233,0.03727612163643805,0.2824302065531052,0.33196242141840626,0.3646449778506213,0.423348207656707,0.48816136350199213,0.36457791127321004,0.050039351755829894,0.31552460352888684,0.3213030357209999,0.34089448806496764,0.40909055532053884,0.48816136350199213,0.0,0.0,0.0,0.0,0.0,0.0,0.0,0.0,0.0,0.0,0.0,0.0,0.0,0.0
qore_as_control,nq_148,50,True,15,5,2.0,0.5,5,0;1;6;11;22,0;1;4;6;17;22,1,1,6,4,4.685166562272632,0.9370333124545264,10,8.889065273481828,4.444532636740914,0.0,-0.2406339255317178,-50.24063392553172,-50.240633925531725,-50.24063392553172,True,-0.2406339255317178,0.0,3003,0.6179799857533544,0.3340728944869582,0.11693466741634224,0.12814635277625017,0.7777732224502046,0.9759469094205561,1.0,0.9370333124545264,0.05914736209347606,0.8432219580351044,0.8648586266381708,0.9541583769814903,0.9961890390853066,1.0,0.8931260169388795,0.03957495161288062,0.7913731910849913,0.8392608985252691,0.894222745046936,0.94377867520436,0.9688167917829944,0.8889065273481828,0.03278921944226926,0.8468112749900769,0.849962819685914,0.8806210200228415,0.9263391821823442,0.959158651808792,0.44656300846943975,0.01978747580644031,0.39568659554249563,0.41963044926263454,0.447111372523468,0.47188933760218,0.4844083958914972,0.4444532636740914,0.01639460972113463,0.42340563749503846,0.424981409842957,0.44031051001142074,0.4631695910911721,0.479579325904396,0.0,0.0,0.0,0.0,0.0,0.0,0.0,0.0,0.0,0.0,0.0,0.0,0.0,0.0
qore_as_control,nq_149,50,True,15,5,2.0,0.5,5,2;4;6;12;38,2;4,1,1,2,2,4.7923297644112495,0.9584659528822499,10,8.4902932436603,4.24514662183015,0.0,-0.5471831425810993,-50.5471831425811,-50.54718314258109,-50.5471831425811,True,-0.5471831425810993,0.0,3003,0.4229209643240577,0.4251651489985974,0.008843538522558075,0.01672354748795166,0.20062836815849822,0.9820693302929886,1.0,0.9584659528822499,0.04297337120871941,0.8823954469571863,0.9112783722194705,0.9556480205585559,0.9998734147130441,1.0,0.8198200419205747,0.060412040595386275,0.6793260575255271,0.7414953744088351,0.8120571310518756,0.8962956907815413,0.9711121483546042,0.8490293243660301,0.05258137910929171,0.7584221970537947,0.8066936376520675,0.8540431216769752,0.8798468704466016,0.9711121483546042,0.40991002096028734,0.030206020297693138,0.33966302876276355,0.37074768720441753,0.4060285655259378,0.4481478453907706,0.4855560741773021,0.42451466218301503,0.026290689554645856,0.37921109852689733,0.40334681882603374,0.4270215608384876,0.4399234352233008,0.4855560741773021,0.0,0.0,0.0,0.0,0.0,0.0,0.0,0.0,0.0,0.0,0.0,0.0,0.0,0.0
qore_as_control,nq_150,50,True,15,5,2.0,0.5,5,9;16;29;31;36,,0,0,0,0,1.1349676894856704,0.22699353789713408,10,7.1006759792901555,3.5503379896450777,0.0,2.4153703001594073,-47.58462969984059,-47.58462969984059,-47.58462969984059,True,2.4153703001594073,0.0,3003,0.10987726860390075,0.24388636210932857,0.005039609422128048,0.005303840974626208,0.015326905065562422,0.16209952052692136,1.0,0.22699353789713408,0.38845474150042775,0.005516648474309958,0.006981500264907829,0.011308013605275427,0.6435856997821122,1.0,0.7845588176621918,0.08513276651413773,0.5945453816627453,0.6668724607016971,0.7848996603128018,0.907648840657293,0.9589421295367417,0.7100675979290155,0.09760994831523823,0.5946569219166553,0.5962382403882154,0.7315292747963784,0.8265963675111162,0.8685109446962673,0.3922794088310959,0.042566383257068865,0.29727269083137264,0.3334362303508486,0.3924498301564009,0.4538244203286465,0.47947106476837087,0.35503379896450776,0.04880497415761911,0.29732846095832766,0.2981191201941077,0.3657646373981892,0.4132981837555581,0.43425547234813366,0.0,0.0,0.0,0.0,0.0,0.0,0.0,0.0,0.0,0.0,0.0,0.0,0.0,0.0
qore_as_control,nq_151,50,True,15,5,2.0,0.5,5,0;1;4;10;22,4;6;18;22;28;38,1,1,4,2,2.962665702484882,0.5925331404969765,10,8.791730666282414,4.395865333141207,0.0,1.4331996306563246,-48.566800369343675,-48.566800369343675,-48.566800369343675,True,1.4331996306563246,0.0,3003,0.2515590226483344,0.3187507709693027,0.023584364173138552,0.03422704634552414,0.12146612704156688,0.8192370761133249,1.0,0.5925331404969765,0.35501258959908955,0.20338945230735767,0.20624960731718625,0.5500238504701617,0.9994850239501736,1.0,0.8416715816213117,0.05571130595336936,0.7270431795077594,0.7781201700292247,0.8360133475351307,0.9194946371696046,0.9977367541642936,0.8791730666282416,0.04837077192382133,0.8081633607473654,0.8302636952535187,0.8653131544692685,0.9402074879396389,0.9829597755185561,0.42083579081065586,0.02785565297668468,0.3635215897538797,0.38906008501461237,0.41800667376756534,0.4597473185848023,0.4988683770821468,0.4395865333141208,0.024185385961910666,0.4040816803736827,0.41513184762675936,0.43265657723463424,0.47010374396981947,0.49147988775927803,0.0,0.0,0.0,0.0,0.0,0.0,0.0,0.0,0.0,0.0,0.0,0.0,0.0,0.0
qore_as_control,nq_152,50,True,15,5,2.0,0.5,5,0;1;2;6;20,0;1,1,1,2,2,4.9625924163572215,0.9925184832714443,10,8.571879021623257,4.2859395108116285,0.0,-0.676652905545593,-50.676652905545595,-50.676652905545595,-50.676652905545595,True,-0.676652905545593,0.0,3003,0.3727967064825186,0.4633873044413939,2.960393085685946e-05,4.07468426194983e-05,0.0035953893481641694,0.9997373325309047,1.0,0.9925184832714443,0.008961574274231601,0.9799420711865438,0.9812879528812365,0.999344046587684,0.9999998092638873,1.0,0.7271946935861653,0.08205907423082925,0.5592894755286377,0.6361699980458527,0.7110742173751649,0.8394019367038691,0.9910344755994722,0.8571879021623257,0.05867035772361707,0.7950721740221726,0.8061325744944504,0.8434589716606381,0.9266855785962235,0.9910344755994722,0.36359734679308264,0.04102953711541463,0.27964473776431886,0.31808499902292636,0.3555371086875824,0.41970096835193454,0.4955172377997361,0.4285939510811628,0.029335178861808534,0.3975360870110863,0.4030662872472252,0.42172948583031905,0.46334278929811173,0.4955172377997361,0.0,0.0,0.0,0.0,0.0,0.0,0.0,0.0,0.0,0.0,0.0,0.0,0.0,0.0
qore_as_control,nq_153,50,True,15,5,2.0,0.5,5,2;11;12;30;46,0;1;46,1,1,2,1,2.4698590581825766,0.4939718116365153,10,7.1445745778539305,3.5722872889269652,0.0,1.1024282307443887,-48.89757176925561,-48.89757176925561,-48.89757176925561,True,1.1024282307443887,0.0,3003,0.24553715540292434,0.2383434650909662,0.026377081041142572,0.048823562033222107,0.16634545871143275,0.44784732411460304,1.0,0.4939718116365153,0.2639830925852277,0.25829984545813234,0.2899917756057043,0.38285200511913087,0.7964710147113006,1.0,0.7187036626200285,0.08140282055003803,0.5048148424709088,0.6316537442851087,0.7076391266879016,0.8360032750192222,0.8810390869623616,0.7144574577853932,0.0576141697114432,0.6368984042278476,0.65686278445668,0.7036665874951893,0.7945279473809401,0.835380112409646,0.35935183131001425,0.040701410275019015,0.2524074212354544,0.31582687214255434,0.3538195633439508,0.4180016375096111,0.4405195434811808,0.3572287288926966,0.0288070848557216,0.3184492021139238,0.32843139222834,0.35183329374759464,0.39726397369047006,0.417690056204823,0.0,0.0,0.0,0.0,0.0,0.0,0.0,0.0,0.0,0.0,0.0,0.0,0.0,0.0
qore_as_control,nq_154,50,True,15,5,2.0,0.5,5,2;9;10;15;42,,0,0,0,0,2.5871914719865066,0.5174382943973013,10,8.810327436942465,4.405163718471233,0.0,1.817972246484726,-48.18202775351527,-48.18202775351528,-48.18202775351527,True,1.817972246484726,0.0,3003,0.1814584896477531,0.33710132373899143,0.0034474924396700715,0.0037473804985694373,0.015155668986172184,0.7783739461972039,1.0,0.5174382943973013,0.41393628851324205,0.0053147511246182996,0.018351393084908952,0.7400413635236109,0.9215716005251731,1.0,0.8932389919437144,0.03360979848948984,0.8027547226253933,0.8447681988824791,0.8981064181163769,0.9320623652942489,0.9553666742846327,0.8810327436942463,0.04154876484681521,0.8188178041590437,0.8220578409560322,0.8771259336364466,0.9272207819489936,0.9452758521739885,0.4466194959718572,0.01680489924474492,0.40137736131269663,0.42238409944123956,0.44905320905818846,0.46603118264712445,0.47768333714231637,0.44051637184712317,0.020774382423407605,0.40940890207952185,0.4110289204780161,0.4385629668182233,0.4636103909744968,0.47263792608699423,0.0,0.0,0.0,0.0,0.0,0.0,0.0,0.0,0.0,0.0,0.0,0.0,0.0,0.0
qore_as_control,nq_155,50,True,15,5,2.0,0.5,5,7;18;22;33;42,,0,0,0,0,2.290929946890881,0.45818598937817623,10,6.725530340256641,3.3627651701283203,0.0,1.0718352232374393,-48.92816477676256,-48.928164776762564,-48.928164776762564,True,1.0718352232374393,0.0,3003,0.22837391651800695,0.25286563870568085,0.030590506027212187,0.04448548475518501,0.15057102229247601,0.5085237945745278,1.0,0.45818598937817623,0.3240744710348403,0.07026124773525068,0.1465966030330687,0.33608821665486477,0.849392338608388,1.0,0.7515813625810347,0.09312167544643385,0.5110233614192161,0.6126043878965327,0.7656221219027011,0.8658554404342622,0.9274238675226398,0.672553034025664,0.06596202994552251,0.5618814159050374,0.5949343220654899,0.6847467930925834,0.7553436461401658,0.7678793098015115,0.37579068129051735,0.046560837723216925,0.25551168070960806,0.30630219394826635,0.38281106095135053,0.4329277202171311,0.4637119337613199,0.336276517012832,0.032981014972761256,0.2809407079525187,0.29746716103274495,0.3423733965462917,0.3776718230700829,0.38393965490075577,0.0,0.0,0.0,0.0,0.0,0.0,0.0,0.0,0.0,0.0,0.0,0.0,0.0,0.0
qore_as_control,nq_156,50,True,15,5,2.0,0.5,5,1;3;7;9;16,0;3;4;5;6;7;8;14;16;17;24;27;39;42;43;49,1,1,9,3,4.221852057700074,0.8443704115400148,10,8.82560056660679,4.412800283303395,0.0,0.1909482256033206,-49.80905177439668,-49.80905177439668,-49.80905177439668,True,0.1909482256033206,0.0,3003,0.5815967265198887,0.22365916861279994,0.2927789513050607,0.3340258336591213,0.6100862307598982,0.9214012431620898,1.0,0.8443704115400148,0.13166259226460358,0.6533110272326749,0.6934728861610736,0.8374698519307332,0.9909422015931977,1.0,0.8922785237705871,0.03297303973774005,0.8153574152719382,0.8548566094741983,0.8918023866897363,0.9363756687554643,0.9825039947372144,0.8825600566606789,0.03998233422298085,0.8267192456776074,0.8582995155859825,0.8654012339453423,0.9160537883535783,0.9825039947372144,0.44613926188529357,0.016486519868870026,0.4076787076359691,0.42742830473709914,0.44590119334486816,0.46818783437773215,0.4912519973686072,0.44128002833033947,0.019991167111490425,0.4133596228388037,0.42914975779299125,0.43270061697267115,0.45802689417678916,0.4912519973686072,0.0,0.0,0.0,0.0,0.0,0.0,0.0,0.0,0.0,0.0,0.0,0.0,0.0,0.0
qore_as_control,nq_157,50,True,15,5,2.0,0.5,5,0;1;10;31;49,0;1;49,1,1,3,3,2.4982886367059853,0.49965772734119707,10,7.270359531888193,3.6351797659440965,0.0,1.1368911292381112,-48.86310887076189,-48.863108870761884,-48.86310887076189,True,1.1368911292381112,0.0,3003,0.17067528132945584,0.3433223457599231,0.00013413633987799533,0.00014242084793599302,0.0003713879954406442,0.7786627241862369,1.0,0.49965772734119707,0.4367304912529087,0.00016771669010873247,0.02063165136899927,0.44706647895443963,0.9998907550696409,1.0,0.7792767775240517,0.08097977801733548,0.6221584460005143,0.6731265175940514,0.7719640171161876,0.8977909002554887,0.9616185129263017,0.7270359531888194,0.08296566272583206,0.6221584460005143,0.63023008327096,0.707300227769631,0.8114072026566874,0.9182237780245253,0.38963838876202583,0.04048988900866774,0.31107922300025714,0.3365632587970257,0.3859820085580938,0.44889545012774434,0.48080925646315087,0.3635179765944097,0.04148283136291603,0.31107922300025714,0.31511504163548,0.3536501138848155,0.4057036013283437,0.45911188901226263,0.0,0.0,0.0,0.0,0.0,0.0,0.0,0.0,0.0,0.0,0.0,0.0,0.0,0.0
qore_as_control,nq_158,50,True,15,5,2.0,0.5,5,14;22;25;45;47,,0,0,0,0,1.3242459923116507,0.2648491984623301,10,6.668412624453531,3.3342063122267653,0.0,2.0099603199151144,-47.990039680084884,-47.99003968008489,-47.990039680084884,True,2.0099603199151144,0.0,3003,0.10318927859221882,0.2457696504455646,0.002469679774676407,0.0034947388701065305,0.010028775180068976,0.15870290868838938,1.0,0.2648491984623301,0.3736206490882823,0.0035046071338657317,0.007461783504851251,0.12851696790741965,0.6715307476836144,1.0,0.7112631417759978,0.05051479510382131,0.6052635170362864,0.6456398949773373,0.7130995439335466,0.7739635928319156,0.8621464264262653,0.666841262445353,0.04363813545864167,0.6052635170362864,0.6121934071114303,0.6496358898005655,0.7275119967685497,0.7296466939627988,0.3556315708879989,0.025257397551910653,0.3026317585181432,0.32281994748866866,0.3565497719667733,0.3869817964159578,0.43107321321313263,0.3334206312226765,0.021819067729320834,0.3026317585181432,0.30609670355571517,0.32481794490028276,0.36375599838427486,0.3648233469813994,0.0,0.0,0.0,0.0,0.0,0.0,0.0,0.0,0.0,0.0,0.0,0.0,0.0,0.0
qore_as_control,nq_159,50,True,15,5,2.0,0.5,5,15;17;25;27;40,32;49,1,0,2,0,3.2077251772009245,0.6415450354401849,10,7.145377569418241,3.5726887847091207,0.0,0.3649636075081961,-49.635036392491806,-49.6350363924918,-49.635036392491806,True,0.3649636075081961,0.0,3003,0.23057642021766858,0.3631921347003938,0.0010955206300150302,0.0018765715841142722,0.04535864862495994,0.9193531366140518,1.0,0.6415450354401849,0.374131101820571,0.06944143504358874,0.1776227888916534,0.7984010844104972,0.9999951352332354,1.0,0.7487187848738004,0.0658540143016545,0.6273761698050032,0.6764903075717983,0.7374083291104443,0.8193208436823994,0.9608526390611256,0.7145377569418241,0.0778386506906023,0.6470141282636521,0.662901236958293,0.6917301051093766,0.7640420157741374,0.9335939959605442,0.3743593924369002,0.03292700715082725,0.3136880849025016,0.33824515378589914,0.36870416455522215,0.4096604218411997,0.4804263195305628,0.35726887847091204,0.03891932534530115,0.32350706413182606,0.3314506184791465,0.3458650525546883,0.3820210078870687,0.4667969979802721,0.0,0.0,0.0,0.0,0.0,0.0,0.0,0.0,0.0,0.0,0.0,0.0,0.0,0.0
qore_as_control,nq_160,50,True,15,5,2.0,0.5,5,4;12;25;41;48,4,1,1,1,1,4.886625539303988,0.9773251078607975,10,7.405512967891585,3.7027564839457927,0.0,-1.183869055358195,-51.183869055358194,-51.18386905535819,-51.183869055358194,True,-1.183869055358195,0.0,3003,0.6724235181201619,0.38051543195572585,0.034820770640464925,0.11829725017245708,0.9294152460755838,0.9962200185881596,1.0,0.9773251078607975,0.02590692414362409,0.9333141735735867,0.945022379661635,0.9910799378692812,0.9998586956269647,1.0,0.7850406476889297,0.05638773399453914,0.6482330586020736,0.7243136213051051,0.7820778338062148,0.8660579921766297,0.9363065129736569,0.7405512967891585,0.03772558062384105,0.6901429339884184,0.6926089618223573,0.7477740764956926,0.7844804178855215,0.7890870099270134,0.39252032384446484,0.02819386699726957,0.3241165293010368,0.36215681065255256,0.3910389169031074,0.43302899608831485,0.46815325648682843,0.37027564839457927,0.018862790311920525,0.3450714669942092,0.34630448091117866,0.3738870382478463,0.39224020894276074,0.3945435049635067,0.0,0.0,0.0,0.0,0.0,0.0,0.0,0.0,0.0,0.0,0.0,0.0,0.0,0.0
qore_as_control,nq_161,50,True,15,5,2.0,0.5,5,2;27;39;42;46,2;12;21;25;32,1,1,1,1,1.005912011757505,0.20118240235150103,10,8.25161957552727,4.125809787763635,0.0,3.11989777600613,-46.88010222399387,-46.88010222399387,-46.880102223993866,True,3.11989777600613,0.0,3003,0.06906437959453653,0.24881712456737873,0.000630016956097572,0.000769263663682933,0.0016198313700177657,0.009042843010858056,1.0,0.20118240235150103,0.3994094568097246,0.000630016956097572,0.0007482794414492999,0.0016198313700177657,0.6010945961047652,1.0,0.8596783570227259,0.03706217568140949,0.7919276767736331,0.8149986396765583,0.8548446832528194,0.9171492249686387,0.9550085302784225,0.8251619575527271,0.01841027132074047,0.7919276767736331,0.8015503986472767,0.8272363891045994,0.847835705812563,0.84847393976097,0.42983917851136294,0.018531087840704744,0.39596383838681654,0.40749931983827914,0.4274223416264097,0.45857461248431935,0.47750426513921124,0.41258097877636357,0.009205135660370236,0.39596383838681654,0.40077519932363836,0.4136181945522997,0.4239178529062815,0.424236969880485,0.0,0.0,0.0,0.0,0.0,0.0,0.0,0.0,0.0,0.0,0.0,0.0,0.0,0.0
qore_as_control,nq_162,50,True,15,5,2.0,0.5,5,1;4;6;17;46,1;4;17;46,1,1,4,4,4.857751288991583,0.9715502577983166,10,7.827820481251692,3.913910240625846,0.0,-0.9438410483657371,-50.94384104836574,-50.943841048365734,-50.94384104836574,True,-0.9438410483657371,0.0,3003,0.39041113007728645,0.42620279260797733,0.0011365155774563835,0.0020143454713683426,0.1582706612009516,0.9819886174275877,1.0,0.9715502577983166,0.02775039380923773,0.9186238682843512,0.9418046063481825,0.9777120346519688,0.9939358690445335,1.0,0.7548650018283111,0.07714397528277192,0.5896063754312288,0.6578535817275231,0.7515632823314772,0.8518503312101091,0.9954629919022873,0.7827820481251692,0.05953050591802624,0.7329971636696736,0.7395273609368274,0.7570365714630587,0.8949817310475899,0.9039489850659316,0.37743250091415553,0.03857198764138596,0.2948031877156144,0.32892679086376153,0.3757816411657386,0.42592516560505456,0.49773149595114363,0.3913910240625846,0.02976525295901312,0.3664985818348368,0.3697636804684137,0.37851828573152935,0.44749086552379497,0.4519744925329658,0.0,0.0,0.0,0.0,0.0,0.0,0.0,0.0,0.0,0.0,0.0,0.0,0.0,0.0
qore_as_control,nq_163,50,True,15,5,2.0,0.5,5,1;2;4;30;34,,0,0,0,0,2.88902709883366,0.5778054197667319,10,7.0016096071529965,3.5008048035764983,0.0,0.6117777047428383,-49.388222295257165,-49.388222295257165,-49.388222295257165,True,0.6117777047428383,0.0,3003,0.19595370638359325,0.38374713271595556,0.0005152305801931336,0.000639129121277501,0.004577705251586932,0.952175286980478,1.0,0.5778054197667319,0.47225678999029175,0.0005743606957782214,0.000849201848260212,0.9006973887803048,0.9945975543122374,1.0,0.6989293213645643,0.06511001969891886,0.5860111247961509,0.6170083665258072,0.6888025320000364,0.7739113348816331,0.9877180006845907,0.7001609607152998,0.12945591127449552,0.5893546303883794,0.6093005781559705,0.6355403772477239,0.8624917694152274,0.9877180006845907,0.34946466068228216,0.03255500984945943,0.29300556239807546,0.3085041832629036,0.3444012660000182,0.38695566744081655,0.49385900034229535,0.3500804803576499,0.06472795563724776,0.2946773151941897,0.30465028907798525,0.31777018862386197,0.4312458847076137,0.49385900034229535,0.0,0.0,0.0,0.0,0.0,0.0,0.0,0.0,0.0,0.0,0.0,0.0,0.0,0.0
qore_as_control,nq_164,50,True,15,5,2.0,0.5,5,4;30;32;40;49,4;32,1,1,2,2,2.7295165062672355,0.5459033012534471,10,7.2770348874884165,3.6385174437442083,0.0,0.9090009374769727,-49.090999062523025,-49.090999062523025,-49.090999062523025,True,0.9090009374769727,0.0,3003,0.2045694902626543,0.323310832340771,0.011139950312932526,0.012579076618976759,0.02651765227280469,0.7599249549417914,1.0,0.5459033012534471,0.37073867559587415,0.020198607439025348,0.11448926002313196,0.5605532050777977,0.9571357819404482,1.0,0.7500124484474293,0.07560162236657539,0.6173826887918505,0.6776379769180325,0.7331198078650751,0.8220845596416996,0.9916811686892356,0.7277034887488416,0.056446954465889716,0.6352919124058442,0.6547634135639803,0.7298958857683595,0.7986957482793761,0.809163786533612,0.37500622422371466,0.037800811183287694,0.30869134439592527,0.33881898845901626,0.36655990393253757,0.4110422798208498,0.4958405843446178,0.3638517443744208,0.028223477232944858,0.3176459562029221,0.32738170678199013,0.36494794288417975,0.39934787413968803,0.404581893266806,0.0,0.0,0.0,0.0,0.0,0.0,0.0,0.0,0.0,0.0,0.0,0.0,0.0,0.0
qore_as_control,nq_165,50,True,15,5,2.0,0.5,5,3;5;6;12;17,0;3;5;12,1,1,3,3,1.6489847049185253,0.32979694098370504,10,7.214671432407011,3.6073357162035053,0.0,1.95835101128498,-48.04164898871502,-48.04164898871502,-48.04164898871502,True,1.95835101128498,0.0,3003,0.1501542834265738,0.2456609834196955,0.004720885430980973,0.0068135388547102115,0.06276019924031784,0.2758858586116637,1.0,0.32979694098370504,0.3477522095158827,0.02026529265887943,0.06520129317017595,0.18711178756136498,0.7236009323044641,1.0,0.751740938820087,0.07800611366381933,0.5226861652345332,0.6551528103206042,0.7462699592080996,0.8567089868410367,0.9338345467186335,0.721467143240701,0.09029630488830429,0.5683768249936224,0.6374218410914443,0.7231923754861866,0.8426954342752668,0.8499249150447876,0.3758704694100435,0.03900305683190967,0.2613430826172666,0.3275764051603021,0.3731349796040498,0.42835449342051835,0.46691727335931676,0.3607335716203505,0.04514815244415214,0.2841884124968112,0.31871092054572214,0.3615961877430933,0.4213477171376334,0.4249624575223938,0.0,0.0,0.0,0.0,0.0,0.0,0.0,0.0,0.0,0.0,0.0,0.0,0.0,0.0
qore_as_control,nq_166,50,True,15,5,2.0,0.5,5,0;4;11;12;16,0;1;2,1,1,3,1,4.810567859281019,0.9621135718562035,10,8.020173145914969,4.010086572957484,0.0,-0.8004812863235342,-50.80048128632353,-50.80048128632353,-50.80048128632353,True,-0.8004812863235342,0.0,3003,0.755797133699925,0.2716932288532567,0.3437491730022812,0.37105048053731426,0.9166120165284214,0.9999151181799467,1.0,0.9621135718562035,0.07078881894690056,0.8205688928263416,0.8905848304144831,0.9962864203726686,0.999241523714125,1.0,0.8088640854735055,0.08321957638377386,0.6291248901665408,0.6933834249554589,0.8126822018604885,0.9125383061123451,0.9556729270077785,0.8020173145914968,0.05954121538266888,0.692344786167408,0.721445829931658,0.8116879880124301,0.8618453259685886,0.8828780049991715,0.40443204273675276,0.04160978819188693,0.3145624450832704,0.34669171247772945,0.4063411009302442,0.45626915305617255,0.47783646350388925,0.4010086572957484,0.02977060769133444,0.346172393083704,0.360722914965829,0.40584399400621507,0.4309226629842943,0.44143900249958573,0.0,0.0,0.0,0.0,0.0,0.0,0.0,0.0,0.0,0.0,0.0,0.0,0.0,0.0
qore_as_control,nq_167,50,True,15,5,2.0,0.5,5,2;4;24;26;27,4;5;24,1,1,2,2,2.6863229211826494,0.5372645842365299,10,8.129930450157557,4.064965225078779,0.0,1.3786423038961293,-48.62135769610387,-48.62135769610387,-48.62135769610387,True,1.3786423038961293,0.0,3003,0.25453794722965434,0.26984438656008153,0.02418463331023555,0.024956148652466252,0.12121462280521023,0.5841620376524802,1.0,0.5372645842365299,0.27873639244241066,0.16715818558508816,0.25219990776778717,0.4973965454047746,0.8568022796603804,1.0,0.8322207448884084,0.05849788799378659,0.6938682475133668,0.7536660363251334,0.8405831433283681,0.9105851875642701,0.9529026361001262,0.8129930450157558,0.05860276652358264,0.7351050369040439,0.7440745975383558,0.7935466878382915,0.8771963674248109,0.9128246267573507,0.4161103724442042,0.029248943996893297,0.3469341237566834,0.3768330181625667,0.42029157166418407,0.45529259378213505,0.4764513180500631,0.4064965225078779,0.02930138326179132,0.36755251845202197,0.3720372987691779,0.39677334391914576,0.43859818371240544,0.4564123133786753,0.0,0.0,0.0,0.0,0.0,0.0,0.0,0.0,0.0,0.0,0.0,0.0,0.0,0.0
qore_as_control,nq_168,50,True,15,5,2.0,0.5,5,4;5;14;21;31,0;4;17;19;39,1,1,2,1,3.557211370466202,0.7114422740932403,10,8.11975466054936,4.05987733027468,0.0,0.502665959808478,-49.497334040191525,-49.497334040191525,-49.497334040191525,True,0.502665959808478,0.0,3003,0.32174294050281105,0.3317797290972354,0.027728236088190594,0.035202116203621965,0.1742870885760845,0.9300289816784321,1.0,0.7114422740932403,0.29233180952308674,0.3454214978513081,0.3543330668405731,0.8821234484791087,0.9847864015245258,1.0,0.8128805946009044,0.06650306863440167,0.6946427724112643,0.7268672532540325,0.8062494487840295,0.901693813278429,0.9657506973859467,0.811975466054936,0.04161783643024335,0.728437009749651,0.7801923308680471,0.8086283526078699,0.8743132329983948,0.8808364611203667,0.4064402973004522,0.033251534317200834,0.34732138620563213,0.3634336266270162,0.40312472439201474,0.4508469066392145,0.4828753486929733,0.405987733027468,0.020808918215121677,0.3642185048748255,0.39009616543402353,0.40431417630393496,0.4371566164991974,0.44041823056018337,0.0,0.0,0.0,0.0,0.0,0.0,0.0,0.0,0.0,0.0,0.0,0.0,0.0,0.0
qore_as_control,nq_169,50,True,15,5,2.0,0.5,5,10;14;22;28;48,0;1;4;6;8;15;17;18;19;20;22;25;31;33;41;44;46,1,1,5,1,1.038144697470931,0.2076289394941862,10,8.388943975212301,4.194471987606151,0.0,3.15632729013522,-46.84367270986478,-46.84367270986478,-46.84367270986478,True,3.15632729013522,0.0,3003,0.07523690971979276,0.2473381613156507,0.0009743533210876814,0.001002652197261667,0.0050150482032775435,0.03196606424898575,1.0,0.2076289394941862,0.39629025603554496,0.0009925230721951172,0.001002652197261667,0.010197864411249985,0.6103745856410498,1.0,0.875869422548533,0.04832137964091608,0.791457358103162,0.8186717344908219,0.8690412582466355,0.9474781633158292,0.9660161799223285,0.8388943975212302,0.034110283819084236,0.8051553820784922,0.8116778301599394,0.8271454697259851,0.8959503680343458,0.911457161482653,0.4379347112742665,0.02416068982045804,0.395728679051581,0.40933586724541093,0.43452062912331774,0.4737390816579146,0.48300808996116423,0.4194471987606151,0.017055141909542118,0.4025776910392461,0.4058389150799697,0.41357273486299256,0.4479751840171729,0.4557285807413265,0.0,0.0,0.0,0.0,0.0,0.0,0.0,0.0,0.0,0.0,0.0,0.0,0.0,0.0
qore_as_control,nq_170,50,True,15,5,2.0,0.5,5,0;2;4;7;30,0;1;5;8;21;45,1,1,3,1,2.91725852558361,0.583451705116722,10,8.395563012593872,4.197781506296936,0.0,1.280522980713326,-48.71947701928667,-48.71947701928667,-48.71947701928667,True,1.280522980713326,0.0,3003,0.3100843568947596,0.2572541652536244,0.06664844630114276,0.09094923664059261,0.22879399614449672,0.6514707006352598,1.0,0.583451705116722,0.26928702862503134,0.24253901042895468,0.3189154393312053,0.46636479423392213,0.9099498552944607,1.0,0.8411819635711434,0.05161753666155131,0.7179803244458146,0.7765171393718094,0.8359088607451124,0.9131673799509389,0.9460750558885074,0.8395563012593872,0.054792655291906696,0.7549269412947006,0.7778250901272686,0.8401463215832488,0.9076280984087258,0.9194617257089497,0.4205909817855717,0.025808768330775656,0.3589901622229073,0.3882585696859047,0.4179544303725562,0.45658368997546944,0.4730375279442537,0.4197781506296936,0.027396327645953348,0.3774634706473503,0.3889125450636343,0.4200731607916244,0.4538140492043629,0.45973086285447484,0.0,0.0,0.0,0.0,0.0,0.0,0.0,0.0,0.0,0.0,0.0,0.0,0.0,0.0
qore_as_control,nq_171,50,True,15,5,2.0,0.5,5,2;16;24;27;32,2;4;6;15;24;32;42;44,1,1,5,3,4.952187763961222,0.9904375527922443,10,8.652156225826884,4.326078112913442,0.0,-0.6261096510477797,-50.62610965104778,-50.62610965104778,-50.62610965104778,True,-0.6261096510477797,0.0,3003,0.651241017617741,0.33829736010112316,0.15565346649467782,0.19351230232010216,0.7600811415827733,0.9981222685633553,1.0,0.9904375527922443,0.010010207954209288,0.9746941088952367,0.9778770308503696,0.9960868617434374,0.9995021518157914,1.0,0.8531441206088378,0.0460596733383513,0.7634389776519799,0.79179441767225,0.8496399333994461,0.9128849980098804,0.9702498312973658,0.8652156225826886,0.041006098607231235,0.8078715259163067,0.8251886079274048,0.8619309386688628,0.9215362851561544,0.951300948590752,0.4265720603044189,0.02302983666917565,0.38171948882598994,0.395897208836125,0.42481996669972305,0.4564424990049402,0.4851249156486829,0.4326078112913443,0.020503049303615618,0.40393576295815337,0.4125943039637024,0.4309654693344314,0.4607681425780772,0.475650474295376,0.0,0.0,0.0,0.0,0.0,0.0,0.0,0.0,0.0,0.0,0.0,0.0,0.0,0.0
qore_as_control,nq_172,50,True,15,5,2.0,0.5,5,8;34;46;47;49,,0,0,0,0,1.5174932417694282,0.3034986483538856,10,6.488765919871286,3.244382959935643,0.0,1.7268897181662146,-48.27311028183379,-48.27311028183378,-48.27311028183379,True,1.7268897181662146,0.0,3003,0.10939874812089476,0.2539748928683284,0.0023982544785807747,0.0040649903458498315,0.00940668185307255,0.2511819377527653,1.0,0.3034986483538856,0.3698105471601479,0.00940668185307255,0.030929758148834967,0.07870687320780399,0.7464661256464293,1.0,0.7048966445920558,0.07129208780537877,0.5911141483097001,0.6401538459935171,0.6875701617168434,0.7682915296718004,0.9969754560720111,0.6488765919871285,0.03000395666738658,0.5911141483097001,0.6270168886458447,0.6464837415484554,0.6704494428770643,0.7172726577236617,0.3524483222960279,0.035646043902689384,0.29555707415485005,0.32007692299675855,0.3437850808584217,0.3841457648359002,0.49848772803600555,0.3244382959935643,0.01500197833369329,0.29555707415485005,0.31350844432292235,0.3232418707742277,0.33522472143853216,0.35863632886183083,0.0,0.0,0.0,0.0,0.0,0.0,0.0,0.0,0.0,0.0,0.0,0.0,0.0,0.0
qore_as_control,nq_173,50,True,15,5,2.0,0.5,5,0;1;2;3;29,0;1,1,1,2,2,4.53462624014615,0.90692524802923,10,8.904616751255249,4.4523083756276245,0.0,-0.08231786451852585,-50.08231786451853,-50.08231786451853,-50.08231786451852,True,-0.08231786451852585,0.0,3003,0.385166133544154,0.4143384828472574,0.0010541744921162433,0.001201978338112118,0.059243585744546426,0.9918751734643501,1.0,0.90692524802923,0.12062870922383769,0.6863143015635821,0.7592381113808491,0.9796884701057073,0.9999998569480447,1.0,0.7535083613428193,0.10852498070889781,0.46777604025552594,0.5831640426213212,0.7652210392541802,0.8979447899252743,0.9680288452773953,0.8904616751255249,0.019606578444068247,0.8634984398777981,0.8639543807125508,0.8887696861255454,0.9106441335135206,0.929908210278519,0.37675418067140964,0.054262490354448904,0.23388802012776297,0.2915820213106606,0.3826105196270901,0.44897239496263713,0.48401442263869765,0.44523083756276244,0.009803289222034123,0.43174921993889903,0.4319771903562754,0.4443848430627727,0.4553220667567603,0.4649541051392595,0.0,0.0,0.0,0.0,0.0,0.0,0.0,0.0,0.0,0.0,0.0,0.0,0.0,0.0
qore_as_control,nq_174,50,True,15,5,2.0,0.5,5,0;3;6;10;12,0;2;6;8;9;12;17;28;45,1,1,9,3,4.607213046768014,0.9214426093536028,10,8.10577575546342,4.05288787773171,0.0,-0.5543251690363045,-50.554325169036304,-50.55432516903632,-50.554325169036304,True,-0.5543251690363045,0.0,3003,0.4779679689651118,0.3889876444695494,0.005039432597780507,0.017048503415197674,0.35276404101393605,0.9710321068932269,1.0,0.9214426093536028,0.0930790188044277,0.7415583613692994,0.8151729662750133,0.9650189008292557,0.9900163643743498,1.0,0.7903577827152498,0.07124311295985061,0.6308860146265095,0.6767467148006031,0.7981602579591793,0.8645351208836027,0.9455594165375784,0.8105775755463419,0.02598637180790643,0.7754033213980045,0.7776269357153576,0.8030447900119524,0.845223791234104,0.8537075646829089,0.3951788913576249,0.035621556479925306,0.31544300731325475,0.33837335740030156,0.39908012897958967,0.43226756044180137,0.4727797082687892,0.40528878777317096,0.012993185903953215,0.38770166069900225,0.3888134678576788,0.4015223950059762,0.422611895617052,0.42685378234145444,0.0,0.0,0.0,0.0,0.0,0.0,0.0,0.0,0.0,0.0,0.0,0.0,0.0,0.0
qore_as_control,nq_175,50,True,15,5,2.0,0.5,5,8;13;17;22;25,0;1;2;3;4;5;6;8;17;22;23;44,1,1,12,3,4.924036949602333,0.9848073899204666,10,7.173403260561949,3.5867016302809747,0.0,-1.3373353193213582,-51.337335319321355,-51.33733531932136,-51.337335319321355,True,-1.3373353193213582,0.0,3003,0.9678097231587203,0.046080067862175805,0.8482272034943366,0.8947471160113001,0.9893884463474932,0.9998435962456865,1.0,0.9848073899204666,0.012724938439452159,0.9606025261023887,0.9701319493587214,0.9893884463474932,0.9950340496693515,0.9959304625282962,0.7762028330676103,0.07486420762285174,0.6392264766505563,0.6814213531590031,0.7689081682482372,0.8692967422975614,1.0,0.7173403260561949,0.04374027484539841,0.6602358289191556,0.6679885405933921,0.7168868607906334,0.7628478091828491,0.8102620497470028,0.38810141653380514,0.03743210381142587,0.31961323832527816,0.34071067657950155,0.3844540841241186,0.4346483711487807,0.5,0.35867016302809746,0.021870137422699203,0.3301179144595778,0.33399427029669604,0.3584434303953167,0.38142390459142456,0.4051310248735014,0.0,0.0,0.0,0.0,0.0,0.0,0.0,0.0,0.0,0.0,0.0,0.0,0.0,0.0
qore_as_control,nq_176,50,True,15,5,2.0,0.5,5,0;2;8;36;47,,0,0,0,0,2.0610392768951975,0.4122078553790395,10,7.713437931181258,3.856718965590629,0.0,1.7956796886954316,-48.20432031130457,-48.20432031130457,-48.20432031130457,True,1.7956796886954316,0.0,3003,0.15082021322246966,0.3262513604827629,0.0005784646408086106,0.0012779134150372768,0.012073513230037936,0.6066127839458347,1.0,0.4122078553790395,0.4641280927070041,0.009952872213105209,0.012475412426920846,0.07534236245574338,0.9837939277914818,1.0,0.7816334544490998,0.05325046658705546,0.663125187019704,0.7211555355196824,0.7751455792703017,0.8434927414561454,0.9831320228850794,0.7713437931181258,0.08921142975756717,0.663125187019704,0.6717145288451892,0.7564701765449658,0.8444135251875022,0.9831320228850794,0.3908167272245499,0.02662523329352773,0.331562593509852,0.3605777677598412,0.38757278963515085,0.4217463707280727,0.4915660114425397,0.3856718965590629,0.044605714878783585,0.331562593509852,0.3358572644225946,0.3782350882724829,0.4222067625937511,0.4915660114425397,0.0,0.0,0.0,0.0,0.0,0.0,0.0,0.0,0.0,0.0,0.0,0.0,0.0,0.0
qore_as_control,nq_177,50,True,15,5,2.0,0.5,5,8;12;15;17;36,5;7;12;13;18;20;21;31;34;37;39;43;47,1,1,4,1,3.2143136160894827,0.6428627232178965,10,8.027199888648651,4.0135999443243255,0.0,0.7992863282348428,-49.20071367176516,-49.20071367176515,-49.20071367176516,True,0.7992863282348428,0.0,3003,0.2940412423891971,0.3110578987180622,0.06313196891004454,0.06653724296427513,0.1660009395602586,0.8587814578680485,1.0,0.6428627232178965,0.31999206901223715,0.2181764474013443,0.25393639377742655,0.771775276699523,0.9667142314588263,1.0,0.8087493394285205,0.048730093190758265,0.6906372899031764,0.7509978419490114,0.8064656317250551,0.8676389343357523,0.9814526124195154,0.802719988864865,0.0320093065073217,0.7608741932582744,0.7710018945214795,0.8012047542402282,0.8460138231613412,0.8685688467260383,0.4043746697142602,0.024365046595379133,0.3453186449515882,0.3754989209745057,0.40323281586252757,0.43381946716787617,0.4907263062097577,0.4013599944324325,0.01600465325366085,0.3804370966291372,0.38550094726073975,0.4006023771201141,0.4230069115806706,0.43428442336301915,0.0,0.0,0.0,0.0,0.0,0.0,0.0,0.0,0.0,0.0,0.0,0.0,0.0,0.0
qore_as_control,nq_178,50,True,15,5,2.0,0.5,5,2;24;37;40;46,2;5;17;21;24;26;28;34;46,1,1,6,3,3.6354862176153993,0.7270972435230798,10,8.32698252625508,4.16349126312754,0.0,0.5280050455121406,-49.47199495448786,-49.471994954487855,-49.47199495448786,True,0.5280050455121406,0.0,3003,0.4400199107133694,0.2577027830403125,0.12468857167922484,0.18232281086492316,0.38241944168863096,0.8551608028588726,1.0,0.7270972435230798,0.21903637551893596,0.44181396604441464,0.4734384364505878,0.742587314239048,0.9720839181088357,1.0,0.8727392846438551,0.06148251329599745,0.6855386692074714,0.7601710268306819,0.8856001143183827,0.9280311916363377,0.9608096216794502,0.832698252625508,0.07599885727521484,0.7274597682158596,0.73373071165687,0.8537216408698334,0.9247221945926319,0.9608096216794502,0.43636964232192754,0.030741256647998726,0.3427693346037357,0.38008551341534097,0.44280005715919135,0.46401559581816887,0.4804048108397251,0.416349126312754,0.03799942863760742,0.3637298841079298,0.366865355828435,0.4268608204349167,0.46236109729631597,0.4804048108397251,0.0,0.0,0.0,0.0,0.0,0.0,0.0,0.0,0.0,0.0,0.0,0.0,0.0,0.0
qore_as_control,nq_179,50,True,15,5,2.0,0.5,5,3;20;28;29;36,,0,0,0,0,1.0066692786750728,0.20133385573501456,10,6.667270105069407,3.3336350525347034,0.0,2.3269657738596305,-47.673034226140366,-47.67303422614037,-47.67303422614037,True,2.3269657738596305,0.0,3003,0.06778493814989266,0.2491472897998189,0.0002474418406160379,0.0004593556259699065,0.0007020185965363528,0.003783904413214909,1.0,0.20133385573501456,0.39933451896958794,0.0005480920328847855,0.0005839102564015243,0.0019815484635676748,0.6014008002347776,1.0,0.7094113157534089,0.04794959338408136,0.5842075905476081,0.6459444708176633,0.7125951705462165,0.7640206489023265,0.828604235344252,0.6667270105069406,0.05260811189852852,0.5842075905476081,0.6148992167329536,0.6596162591620061,0.7414922108176878,0.7728240796907412,0.35470565787670444,0.02397479669204068,0.29210379527380403,0.32297223540883163,0.35629758527310823,0.38201032445116323,0.414302117672126,0.3333635052534703,0.02630405594926426,0.29210379527380403,0.3074496083664768,0.32980812958100303,0.3707461054088439,0.3864120398453706,0.0,0.0,0.0,0.0,0.0,0.0,0.0,0.0,0.0,0.0,0.0,0.0,0.0,0.0
qore_as_control,nq_180,50,True,15,5,2.0,0.5,5,10;13;14;38;42,1;5;13;41,1,1,3,1,4.972552594584754,0.9945105189169509,10,8.274921466995517,4.1374607334977584,0.0,-0.8350918610869957,-50.835091861086994,-50.835091861087,-50.835091861086994,True,-0.8350918610869957,0.0,3003,0.9957791418140481,0.003912210215128224,0.9891170623516706,0.9899113212695677,0.9975258246923956,0.9999856213597679,1.0,0.9945105189169509,0.0037274960634066795,0.9896686012381866,0.9905957970040008,0.9934376291348541,0.9989706991969155,0.9999339488665954,0.8759221492643516,0.04641413461978819,0.775536584144969,0.8195378192133799,0.8756937551752871,0.9422634860874212,0.9719446373616691,0.8274921466995517,0.05955515896664693,0.775536584144969,0.7783414039397912,0.8071672269729124,0.9397504274923408,0.9448579894325054,0.4379610746321758,0.023207067309894094,0.3877682920724845,0.40976890960668994,0.43784687758764357,0.4711317430437106,0.48597231868083457,0.41374607334977587,0.029777579483323467,0.3877682920724845,0.3891707019698956,0.4035836134864562,0.4698752137461704,0.4724289947162527,0.0,0.0,0.0,0.0,0.0,0.0,0.0,0.0,0.0,0.0,0.0,0.0,0.0,0.0
qore_as_control,nq_181,50,True,15,5,2.0,0.5,5,5;17;30;42;48,17;30,1,1,2,2,3.0622917643991716,0.6124583528798344,10,7.808408263231524,3.904204131615762,0.0,0.8419123672165902,-49.158087632783406,-49.158087632783406,-49.15808763278341,True,0.8419123672165902,0.0,3003,0.22751660114509792,0.32893159423636675,0.009976124787162857,0.013864149244307362,0.03583732772204152,0.7966462875125462,1.0,0.6124583528798344,0.31599580229288515,0.16150424476190792,0.2386045195413677,0.6563663262173884,0.9560665046837273,1.0,0.7896814437952419,0.05612247253673101,0.6907405727705249,0.7296015279011461,0.7825147168040926,0.8637835382777291,0.9962307642458018,0.7808408263231523,0.06401528693282724,0.731191527903169,0.7347818403889212,0.7699792190119652,0.8088938866081287,0.9631256282932871,0.3948407218976209,0.028061236268365507,0.34537028638526246,0.36480076395057304,0.3912573584020463,0.43189176913886457,0.4981153821229009,0.39042041316157616,0.03200764346641362,0.3655957639515845,0.3673909201944606,0.3849896095059826,0.40444694330406433,0.48156281414664354,0.0,0.0,0.0,0.0,0.0,0.0,0.0,0.0,0.0,0.0,0.0,0.0,0.0,0.0
qore_as_control,nq_182,50,True,15,5,2.0,0.5,5,1;3;35;36;39,,0,0,0,0,4.963170326392718,0.9926340652785438,10,6.806500050880309,3.4032500254401543,0.0,-1.5599203009525637,-51.55992030095256,-51.55992030095257,-51.55992030095256,True,-1.5599203009525637,0.0,3003,0.9942516889073626,0.008355602831916104,0.974859585928369,0.9804642336516942,0.999068683690197,0.999951955904653,1.0,0.9926340652785438,0.00954769200196513,0.974859585928369,0.9810592055292332,0.998898562290544,0.9996183892079263,0.9999848595530793,0.74416474750175,0.07415492533998352,0.625388138827592,0.6613880272692205,0.7262852640397822,0.8495384783445482,0.9962264504719673,0.680650005088031,0.06849451839202951,0.6319615526860222,0.6353600404069845,0.6517038305486882,0.729202133902106,0.8746125533955563,0.372082373750875,0.03707746266999176,0.312694069413796,0.33069401363461026,0.3631426320198911,0.4247692391722741,0.49811322523598367,0.3403250025440155,0.034247259196014755,0.3159807763430111,0.31768002020349223,0.3258519152743441,0.364601066951053,0.43730627669777816,0.0,0.0,0.0,0.0,0.0,0.0,0.0,0.0,0.0,0.0,0.0,0.0,0.0,0.0
qore_as_control,nq_183,50,True,15,5,2.0,0.5,5,2;17;21;38;43,12;27;29;49,1,0,1,0,1.847502936738838,0.3695005873477676,10,6.278008647688827,3.1390043238444134,0.0,1.2915013871055754,-48.708498612894424,-48.70849861289443,-48.708498612894424,True,1.2915013871055754,0.0,3003,0.14176797507753375,0.2648389863080882,0.016035280621141602,0.017321802307024046,0.025497062606866183,0.3903036841767201,1.0,0.3695005873477676,0.3638030827805681,0.016035280621141602,0.06237405015125516,0.14723793413021188,0.8209390070164237,1.0,0.6620918068628784,0.08831575455407248,0.5089884565547277,0.5530517877004992,0.6574909596590299,0.7810987163272636,0.9636865476485716,0.6278008647688827,0.08789508726303272,0.5222554752686903,0.5296201440681239,0.617121323217528,0.7200954596827964,0.8149103521189447,0.3310459034314392,0.04415787727703624,0.25449422827736384,0.2765258938502496,0.32874547982951496,0.3905493581636318,0.4818432738242858,0.3139004323844414,0.04394754363151636,0.26112773763434516,0.2648100720340619,0.308560661608764,0.3600477298413982,0.40745517605947235,0.0,0.0,0.0,0.0,0.0,0.0,0.0,0.0,0.0,0.0,0.0,0.0,0.0,0.0
qore_as_control,nq_184,50,True,15,5,2.0,0.5,5,0;2;15;28;36,0;2;4;9,1,1,4,2,3.118788996243619,0.6237577992487238,10,8.289451448847501,4.1447257244237505,0.0,1.0259367281801315,-48.974063271819865,-48.97406327181987,-48.97406327181987,True,1.0259367281801315,0.0,3003,0.23114564344682711,0.30762909811286937,0.005972537797005182,0.011969566813629404,0.053189897548749906,0.6701995128777096,1.0,0.6237577992487238,0.22664704814834313,0.3403776885556173,0.38651467441403675,0.6170758990704591,0.8822461021663508,1.0,0.784979756975742,0.06645168237776253,0.6241596846106072,0.7059066872251408,0.7905351624388081,0.8704872491327056,0.9935238292823434,0.8289451448847499,0.05107942371885979,0.7712460796280212,0.789120778715008,0.8044845561683313,0.9107963806425216,0.9336981821084636,0.392489878487871,0.033225841188881264,0.3120798423053036,0.3529533436125704,0.39526758121940403,0.4352436245663528,0.4967619146411717,0.41447257244237495,0.025539711859429895,0.3856230398140106,0.394560389357504,0.4022422780841656,0.4553981903212608,0.4668490910542318,0.0,0.0,0.0,0.0,0.0,0.0,0.0,0.0,0.0,0.0,0.0,0.0,0.0,0.0
qore_as_control,nq_185,50,True,15,5,2.0,0.5,5,20;25;37;43;48,,0,0,0,0,1.664934584179525,0.332986916835905,10,6.993636784822675,3.4968183924113374,0.0,1.8318838082318125,-48.168116191768185,-48.16811619176818,-48.168116191768185,True,1.8318838082318125,0.0,3003,0.11735166193912017,0.2522913969174978,0.0037025860712918933,0.004010259778746642,0.009834926345833099,0.2701041015937351,1.0,0.332986916835905,0.34794128145091,0.019760197486447417,0.06560694311508178,0.1818714674364567,0.731570343079435,1.0,0.7426361534831516,0.06846902373447918,0.56072046401286,0.6478288317386502,0.7612724397684623,0.8131771743287904,0.9686841064890898,0.6993636784822674,0.07284522866797562,0.5825945189584022,0.5920758808232258,0.7175484757699019,0.7685039945795401,0.8187251929024747,0.3713180767415758,0.03423451186723959,0.28036023200643,0.3239144158693251,0.38063621988423113,0.4065885871643952,0.4843420532445449,0.3496818392411337,0.03642261433398781,0.2912972594792011,0.2960379404116129,0.35877423788495094,0.38425199728977005,0.40936259645123735,0.0,0.0,0.0,0.0,0.0,0.0,0.0,0.0,0.0,0.0,0.0,0.0,0.0,0.0
qore_as_control,nq_186,50,True,15,5,2.0,0.5,5,2;6;7;22;23,0;2;6;7;13;15;18;22;34;38;49,1,1,8,4,4.900224304979085,0.980044860995817,10,8.177049319898,4.088524659949,0.0,-0.8116996450300853,-50.81169964503009,-50.81169964503009,-50.81169964503009,True,-0.8116996450300853,0.0,3003,0.8818332823262004,0.11540995273142134,0.6523326258345071,0.715492236679057,0.9389633922635613,0.9914998646527383,1.0,0.980044860995817,0.014331894388859859,0.962531594236021,0.9636218062981009,0.9825295306239975,0.9959624222911385,1.0,0.8486696374478822,0.04386473822756434,0.7110169338648752,0.7935894756359209,0.8473178662957584,0.9018287900983148,0.9470220094397225,0.8177049319897998,0.039344800119913474,0.750261190608375,0.7577717371258819,0.8223532009015129,0.8683923391596229,0.882152918886229,0.4243348187239411,0.02193236911378217,0.3555084669324376,0.39679473781796043,0.4236589331478792,0.4509143950491574,0.47351100471986124,0.4088524659948999,0.019672400059956737,0.3751305953041875,0.37888586856294093,0.41117660045075644,0.43419616957981144,0.4410764594431145,0.0,0.0,0.0,0.0,0.0,0.0,0.0,0.0,0.0,0.0,0.0,0.0,0.0,0.0
qore_as_control,nq_187,50,True,15,5,2.0,0.5,5,0;2;9;12;30,0;5;17,1,1,2,1,3.2308272416378596,0.646165448327572,10,7.784468621893892,3.892234310946946,0.0,0.6614070693090865,-49.338592930690915,-49.338592930690915,-49.338592930690915,True,0.6614070693090865,0.0,3003,0.23038567751767325,0.37254537380042735,0.0013185817402846189,0.0021296256537053837,0.020454153910547966,0.9425949261321978,1.0,0.646165448327572,0.3948285353520062,0.020454153910547966,0.14867631835401382,0.8951159374633084,0.9896990340979163,1.0,0.7814856103539912,0.05256510438775167,0.658915839617631,0.7094988296434929,0.7804392082132934,0.8480232373511889,0.9418952722938317,0.7784468621893893,0.06740154282888126,0.6678225029220137,0.6957648317235396,0.7844421881530106,0.8536212441628819,0.8762502394473445,0.3907428051769956,0.026282552193875836,0.3294579198088155,0.35474941482174643,0.3902196041066467,0.42401161867559445,0.47094763614691587,0.38922343109469465,0.03370077141444063,0.33391125146100686,0.3478824158617698,0.3922210940765053,0.42681062208144094,0.43812511972367224,0.0,0.0,0.0,0.0,0.0,0.0,0.0,0.0,0.0,0.0,0.0,0.0,0.0,0.0
qore_as_control,nq_188,50,True,15,5,2.0,0.5,5,8;25;33;38;40,40,1,1,1,1,1.0024302216208807,0.20048604432417613,10,6.682250384102587,3.3411251920512934,0.0,2.3386949704304127,-47.66130502956959,-47.66130502956959,-47.66130502956959,True,2.3386949704304127,0.0,3003,0.06707420968616544,0.24933541839438123,3.46017424409155e-05,5.100650497353183e-05,0.00023514677329520946,0.0015634845869884188,1.0,0.20048604432417613,0.3997572502891622,3.46017424409155e-05,7.659223310906844e-05,0.0011211036364123274,0.6004539753091666,1.0,0.7558671760091187,0.09088548832684044,0.561846716979215,0.648119806876233,0.7422953673541692,0.8718140227572765,0.9344287261181643,0.6682250384102588,0.061443826478335926,0.561846716979215,0.590719922019858,0.6624135829014983,0.7459841843341155,0.7791835371536322,0.37793358800455934,0.04544274416342022,0.2809233584896075,0.3240599034381165,0.3711476836770846,0.43590701137863824,0.46721436305908215,0.3341125192051294,0.030721913239167963,0.2809233584896075,0.295359961009929,0.33120679145074916,0.37299209216705775,0.3895917685768161,0.0,0.0,0.0,0.0,0.0,0.0,0.0,0.0,0.0,0.0,0.0,0.0,0.0,0.0
qore_as_control,nq_189,50,True,15,5,2.0,0.5,5,0;1;2;19;29,,0,0,0,0,1.9855484472870935,0.3971096894574187,10,6.510085577313013,3.2550427886565063,0.0,1.2694943413694129,-48.730505658630584,-48.730505658630584,-48.73050565863059,True,1.2694943413694129,0.0,3003,0.13329904745622448,0.33699252667723717,1.7785387668592137e-05,3.15237702504615e-05,9.758779585816644e-05,0.5954116588526022,1.0,0.3971096894574187,0.48608147929585743,3.5663416596916944e-05,6.0433168301416744e-05,0.0006024340965124087,0.9939251047912504,1.0,0.6919537512714714,0.07629402624939295,0.539617305514358,0.5976188942811844,0.697555825375988,0.7672445978823808,0.9926413947884674,0.6510085577313012,0.12571398893494418,0.5566457274668415,0.5599545894006822,0.5920466431005631,0.7396444191094951,0.9926413947884674,0.3459768756357357,0.038147013124696476,0.269808652757179,0.2988094471405922,0.348777912687994,0.3836222989411904,0.4963206973942337,0.3255042788656506,0.06285699446747209,0.27832286373342074,0.2799772947003411,0.29602332155028155,0.36982220955474754,0.4963206973942337,0.0,0.0,0.0,0.0,0.0,0.0,0.0,0.0,0.0,0.0,0.0,0.0,0.0,0.0
qore_as_control,nq_190,50,True,15,5,2.0,0.5,5,0;3;15;19;41,0;3;15;17,1,1,4,3,4.824221676193318,0.9648443352386634,10,8.298663797050786,4.149331898525393,0.0,-0.674889777667925,-50.67488977766793,-50.67488977766793,-50.67488977766793,True,-0.674889777667925,0.0,3003,0.409014951190571,0.43735039575577245,0.00132700387355926,0.00473739131794714,0.08401513331972152,0.9972018940264097,1.0,0.9648443352386634,0.047341062071766804,0.8762878217227301,0.9077405022213175,0.9930335243721173,0.9999923228517085,1.0,0.8071136483231164,0.06068707753944346,0.6886223996290819,0.7289936481664998,0.8013249510481002,0.8924071360769221,0.9802686933800855,0.8298663797050784,0.06311199286276192,0.7603330293976294,0.7808362009519375,0.7990642135489398,0.893036721232062,0.9802686933800855,0.4035568241615582,0.03034353876972173,0.34431119981454095,0.3644968240832499,0.4006624755240501,0.44620356803846106,0.49013434669004274,0.4149331898525392,0.03155599643138096,0.3801665146988147,0.39041810047596875,0.3995321067744699,0.446518360616031,0.49013434669004274,0.0,0.0,0.0,0.0,0.0,0.0,0.0,0.0,0.0,0.0,0.0,0.0,0.0,0.0
qore_as_control,nq_191,50,True,15,5,2.0,0.5,5,0;8;29;36;47,0;2;6;8;9;30;35;36;47,1,1,8,4,4.825034657983528,0.9650069315967056,10,7.913629567748726,3.956814783874363,0.0,-0.8682198741091649,-50.868219874109165,-50.868219874109165,-50.868219874109165,True,-0.8682198741091649,0.0,3003,0.8860718435563272,0.15380032757103038,0.5589092573657104,0.6094553217096726,0.9706383589024273,0.9986608978481035,1.0,0.9650069315967056,0.04881152714163363,0.8696102174686642,0.9100214740421695,0.9870983699941195,0.9990750846473266,1.0,0.838372960436664,0.06329204399781746,0.6513965732261001,0.7520984457534418,0.8514782885332562,0.9063050650853296,0.950210876696935,0.7913629567748726,0.06749658458290095,0.6640118913609583,0.7126139891097103,0.8099805788096242,0.8603913146055989,0.8808266821062378,0.419186480218332,0.03164602199890873,0.32569828661305006,0.3760492228767209,0.4257391442666281,0.4531525325426648,0.4751054383484675,0.3956814783874363,0.033748292291450474,0.33200594568047914,0.35630699455485515,0.4049902894048121,0.43019565730279946,0.4404133410531189,0.0,0.0,0.0,0.0,0.0,0.0,0.0,0.0,0.0,0.0,0.0,0.0,0.0,0.0
qore_as_control,nq_192,50,True,15,5,2.0,0.5,5,0;3;6;13;37,3;11;22,1,1,3,1,1.9542509836729094,0.3908501967345819,10,7.762841816988372,3.881420908494186,0.0,1.9271699248212766,-48.07283007517872,-48.072830075178715,-48.07283007517872,True,1.9271699248212766,0.0,3003,0.14430088051580234,0.3031830452190974,0.003250597256065685,0.004076001336977908,0.017374292874895978,0.5369068168980936,1.0,0.3908501967345819,0.42885580929773853,0.003872266656092638,0.009273077143613974,0.11447918793529319,0.9274100944826511,1.0,0.8117167797592921,0.055032519209374145,0.6336708821690412,0.7375392126281956,0.8215084330880476,0.8667801245201116,0.9282989067069218,0.7762841816988372,0.06696776870339574,0.6336708821690412,0.7117629682467431,0.7796887096045608,0.8351210760079764,0.8861784256323648,0.40585838987964606,0.027516259604687072,0.3168354410845206,0.3687696063140978,0.4107542165440238,0.4333900622600558,0.4641494533534609,0.3881420908494186,0.03348388435169787,0.3168354410845206,0.35588148412337156,0.3898443548022804,0.4175605380039882,0.4430892128161824,0.0,0.0,0.0,0.0,0.0,0.0,0.0,0.0,0.0,0.0,0.0,0.0,0.0,0.0
qore_as_control,nq_193,50,True,15,5,2.0,0.5,5,5;8;29;31;41,,0,0,0,0,1.9492009203025176,0.3898401840605036,10,7.9725342969492425,3.9862671484746213,0.0,2.0370662281721037,-47.9629337718279,-47.96293377182789,-47.9629337718279,True,2.0370662281721037,0.0,3003,0.15225003052805963,0.26133478658846815,0.0026815559412576937,0.002948962574423075,0.054674011144015315,0.40301738248234575,1.0,0.3898401840605036,0.3423533667949841,0.08518430106042374,0.0988759976832484,0.21872231746209625,0.810352303665005,1.0,0.8293139549958383,0.06546379415721089,0.6664616877247251,0.7469626323031171,0.8184856375518921,0.9110222935150468,0.9606280645615027,0.7972534296949243,0.05251397513317958,0.7280277928605742,0.7438111592636352,0.7898664524259311,0.8587962741058879,0.9057319459115851,0.41465697749791913,0.032731897078605444,0.33323084386236257,0.37348131615155855,0.40924281877594604,0.4555111467575234,0.48031403228075137,0.39862671484746215,0.02625698756658979,0.3640138964302871,0.3719055796318176,0.39493322621296556,0.42939813705294394,0.45286597295579256,0.0,0.0,0.0,0.0,0.0,0.0,0.0,0.0,0.0,0.0,0.0,0.0,0.0,0.0
qore_as_control,nq_194,50,True,15,5,2.0,0.5,5,0;1;15;19;40,0;1;19,1,1,3,3,2.9579913947709304,0.5915982789541862,10,7.197537680083782,3.598768840041891,0.0,0.6407774452709605,-49.35922255472904,-49.359222554729044,-49.35922255472904,True,0.6407774452709605,0.0,3003,0.19889853996873313,0.392047906923256,0.00025783971147591545,0.00036549925451448217,0.0037286003431412757,0.9791826624019266,1.0,0.5915982789541862,0.47934830775867016,0.0002760074379971123,0.0040452539776688525,0.9481354786276381,0.9999523139672476,1.0,0.7269382192822506,0.062987034280679,0.6176098455120703,0.6619028116434199,0.7203710146810354,0.8011492959699319,0.9943174468111927,0.7197537680083783,0.10035961128334694,0.6437493216649084,0.6440794051415545,0.6738526099344726,0.7997391001724067,0.9858582577058477,0.3634691096411253,0.0314935171403395,0.30880492275603516,0.33095140582170995,0.3601855073405177,0.40057464798496595,0.49715872340559636,0.35987688400418916,0.05017980564167347,0.3218746608324542,0.32203970257077724,0.3369263049672363,0.39986955008620334,0.49292912885292384,0.0,0.0,0.0,0.0,0.0,0.0,0.0,0.0,0.0,0.0,0.0,0.0,0.0,0.0
qore_as_control,nq_195,50,True,15,5,2.0,0.5,5,8;10;22;30;40,,0,0,0,0,1.8542219335881223,0.37084438671762443,10,9.412237308935344,4.706118654467672,0.0,2.85189672087955,-47.14810327912045,-47.148103279120456,-47.14810327912045,True,2.85189672087955,0.0,3003,0.16526835809746687,0.23734610744672022,0.016220548785174118,0.017620285112330988,0.09319303465162122,0.2673380195157178,1.0,0.37084438671762443,0.3197200621594834,0.10990113831259306,0.15130675814386288,0.25602672457569575,0.7099515531236265,1.0,0.9388646973439227,0.015801677950436646,0.8907180944202108,0.9204245923749419,0.9388147009452671,0.9587827613761741,0.9740944859292562,0.9412237308935344,0.012603699391947063,0.9255738342555417,0.9281598374174822,0.9402520224130534,0.9594938151152488,0.9607241427584309,0.4694323486719614,0.007900838975218323,0.4453590472101054,0.46021229618747095,0.46940735047263354,0.47939138068808707,0.4870472429646281,0.4706118654467672,0.006301849695973531,0.46278691712777087,0.4640799187087411,0.4701260112065267,0.4797469075576244,0.48036207137921544,0.0,0.0,0.0,0.0,0.0,0.0,0.0,0.0,0.0,0.0,0.0,0.0,0.0,0.0
qore_as_control,nq_196,50,True,15,5,2.0,0.5,5,0;11;12;16;46,0;1;5;6;10;12;15;16;22;26;37;38;45;46,1,1,9,4,4.1094968113042665,0.8218993622608535,10,7.703895960752088,3.851947980376044,0.0,-0.25754883092822256,-50.25754883092822,-50.25754883092822,-50.25754883092822,True,-0.25754883092822256,0.0,3003,0.3323353608344203,0.37189723668737973,0.03488359424570146,0.05950999066551177,0.13610943825519342,0.9677275443467585,1.0,0.8218993622608535,0.22823311323770792,0.3895951092491136,0.550890178885258,0.9425690344132441,0.9937999537209738,1.0,0.79924348349028,0.07418704489338092,0.618390669546667,0.7068031524849783,0.8050191415473004,0.8734435705010325,0.9850395099358101,0.7703895960752087,0.09067057163151057,0.625473691476947,0.6502011591014749,0.7700821330923476,0.8181768796556028,0.9850395099358101,0.39962174174514,0.03709352244669046,0.3091953347733335,0.35340157624248913,0.4025095707736502,0.43672178525051625,0.49251975496790507,0.38519479803760437,0.045335285815755286,0.3127368457384735,0.32510057955073746,0.3850410665461738,0.4090884398278014,0.49251975496790507,0.0,0.0,0.0,0.0,0.0,0.0,0.0,0.0,0.0,0.0,0.0,0.0,0.0,0.0
qore_as_control,nq_197,50,True,15,5,2.0,0.5,5,1;3;4;12;32,1,1,1,1,1,3.0338340488706748,0.606766809774135,10,8.366675199396592,4.183337599698296,0.0,1.1495035508276215,-48.850496449172375,-48.85049644917238,-48.85049644917238,True,1.1495035508276215,0.0,3003,0.21113519399242398,0.3538172841919341,0.0008733009033719595,0.0009191803675002943,0.0041187091405731156,0.8485090712449073,1.0,0.606766809774135,0.3731487503582529,0.0009471358810006885,0.14365172148626473,0.7829895830620031,0.956875492013404,1.0,0.8307665565404094,0.07054647893343914,0.6375313092742788,0.7430644305543633,0.8274012824483625,0.9199940046067858,0.982304086126195,0.8366675199396593,0.09463757303228476,0.670603613411473,0.7425779432583413,0.8422637125680097,0.947913252057957,0.982304086126195,0.4153832782702047,0.03527323946671957,0.3187656546371394,0.37153221527718167,0.41370064122418126,0.4599970023033929,0.4911520430630975,0.41833375996982963,0.04731878651614238,0.3353018067057365,0.3712889716291706,0.42113185628400485,0.4739566260289785,0.4911520430630975,0.0,0.0,0.0,0.0,0.0,0.0,0.0,0.0,0.0,0.0,0.0,0.0,0.0,0.0
qore_as_control,nq_198,50,True,15,5,2.0,0.5,5,4;20;21;37;45,0;1;4;5;11;12;15;16;18;20;21;37;45;48,1,1,14,5,4.497473374262016,0.8994946748524033,10,8.340737711705756,4.170368855852878,0.0,-0.3271045184091381,-50.327104518409136,-50.327104518409136,-50.327104518409136,True,-0.3271045184091381,0.0,3003,0.6499456578317321,0.25683409253129325,0.0018002793060133023,0.3655438491040355,0.6751944472390685,0.9021866522169233,1.0,0.8994946748524033,0.05572441662860671,0.8472670770938318,0.8488869300664178,0.8857355018440469,0.9652616343195364,1.0,0.8376567060035737,0.06394880555391799,0.6754218006813958,0.7280425946102972,0.8468137040246383,0.9090377762987205,0.9428151480186957,0.8340737711705755,0.04342894269914589,0.7791128757121243,0.7910324719436175,0.8305096541511331,0.8763603060088531,0.9379473969300774,0.41882835300178684,0.031974402776958996,0.3377109003406979,0.3640212973051486,0.42340685201231915,0.45451888814936026,0.47140757400934785,0.41703688558528773,0.021714471349572946,0.38955643785606214,0.39551623597180874,0.41525482707556655,0.43818015300442653,0.4689736984650387,0.0,0.0,0.0,0.0,0.0,0.0,0.0,0.0,0.0,0.0,0.0,0.0,0.0,0.0
qore_as_control,nq_199,50,True,15,5,2.0,0.5,5,7;10;19;29;34,1;7;9;11;16;17;19;45,1,1,7,2,4.879598961921775,0.975919792384355,10,7.783596190717228,3.891798095358614,0.0,-0.9878008665631608,-50.98780086656316,-50.98780086656316,-50.98780086656316,True,-0.9878008665631608,0.0,3003,0.8524995835907525,0.2691780077071182,0.2093888624277644,0.3705173904337835,0.980031651558279,0.9997929716959272,1.0,0.975919792384355,0.02046722456636078,0.9393299537378131,0.9524588814599443,0.980031651558279,0.9952065902016465,0.9998627838431488,0.8320263269285668,0.06655562124422776,0.672332835355094,0.746093257836076,0.8334738437990069,0.9166084779775862,0.9906435147351497,0.7783596190717228,0.05631549708361128,0.7163282353438636,0.7213320396291322,0.7650616930222687,0.8353670037972669,0.9167755073305484,0.4160131634642834,0.03327781062211388,0.336166417677547,0.373046628918038,0.41673692189950345,0.4583042389887931,0.49532175736757483,0.3891798095358614,0.02815774854180564,0.3581641176719318,0.3606660198145661,0.38253084651113434,0.41768350189863346,0.4583877536652742,0.0,0.0,0.0,0.0,0.0,0.0,0.0,0.0,0.0,0.0,0.0,0.0,0.0,0.0
cohesion_fixed,nq_0,50,True,15,5,2.0,1.0,5,0;1;25;32;37,0;1;4;38,1,1,3,2,4.651345229987886,0.9302690459975771,10,8.54112862304598,4.697620742675289,3.843507880370691,0.046275512687403264,-49.9537244873126,-46.110216606941904,-46.110216606941904,True,0.046275512687403264,0.0,3003,0.6954076668625202,0.22858955068262507,0.2905352114913259,0.3477799280138798,0.7782883320883904,0.9707335292412549,1.0,0.9302690459975771,0.06258803143681826,0.8392681420813102,0.8565923480079869,0.9348276468194453,0.9978683136756512,1.0,0.84504695520103,0.05480203067357499,0.7315275149424315,0.7803308574414901,0.8371791211299134,0.9182245904344735,0.9546248272224303,0.8541128623045979,0.05306950606707552,0.7935596433002927,0.7957951283410465,0.849582073861139,0.932401675562219,0.9339137450017412,0.46477582536056655,0.030141116870466247,0.40234013321833734,0.42918197159281957,0.46044851662145236,0.5050235247389604,0.5250436549723366,0.4697620742675289,0.02918822833689154,0.43645780381516097,0.43768732058757553,0.4672701406236265,0.5128209215592204,0.5136525597509577,0.3802711298404635,0.024660913803108746,0.3291873817240942,0.35114888584867054,0.3767306045084611,0.413201065695513,0.4295811722500936,0.38435078803706907,0.02388127773018398,0.35710183948513174,0.3581078077534709,0.38231193323751256,0.41958075400299855,0.4202611852507835
cohesion_fixed,nq_1,50,True,15,5,2.0,1.0,5,1;12;30;43;48,0;1;7;9;14;30,1,1,5,2,4.953911101777492,0.9907822203554983,10,7.231898500225278,3.9775441751239025,3.2543543251013745,-0.9763669266535895,-50.97636692665359,-47.72201260155222,-47.722012601552215,True,-0.9763669266535895,0.0,3003,0.8639052672390833,0.16388658889443072,0.5558162086154392,0.6006478350684598,0.975722234362328,0.9990451281563338,1.0,0.9907822203554983,0.008221658782613026,0.975722234362328,0.981531145366935,0.9923038044660316,0.9982562204301149,1.0,0.8002189231544901,0.07068623992456836,0.5748703822428153,0.6940824859924525,0.8198892321751923,0.8661154586975607,0.9804006111199353,0.7231898500225278,0.0720891293767687,0.5748703822428153,0.6449385270722676,0.727373102895465,0.8035481954222434,0.8305628905463935,0.4401204077349695,0.03887743195851261,0.3161787102335484,0.38174536729584885,0.4509390776963558,0.47636350228365837,0.5392203361159644,0.39775441751239027,0.03964902115722278,0.3161787102335484,0.3547161898897472,0.4000552065925057,0.44195150748223383,0.45680958980051645,0.3600985154195206,0.031808807966055765,0.2586916720092669,0.3123371186966036,0.3689501544788365,0.3897519564139023,0.44118027500397083,0.3254354325101375,0.03244010821954591,0.2586916720092669,0.2902223371825204,0.32731789630295927,0.36159668794000954,0.3737533007458771
cohesion_fixed,nq_2,50,True,15,5,2.0,1.0,5,0;1;32;37;47,0;1;6;7;16;19;22;23;32;33;35;38;45,1,1,5,3,2.577519988485161,0.5155039976970321,10,6.9611088309995095,3.82860985704973,3.1324989739497795,1.251089868564569,-48.74891013143543,-45.61641115748566,-45.61641115748565,True,1.251089868564569,0.0,3003,0.22484116569570436,0.28837841613678655,0.03044310099209357,0.03299282421648798,0.12450390732661144,0.6398982811870063,1.0,0.5155039976970321,0.34003029074323676,0.1675297902923603,0.19365374683071473,0.33196014372863014,0.9380761491303696,1.0,0.6836549450417442,0.07819619538884955,0.5294433976582195,0.5848300682742998,0.6826258850143849,0.7601253642533016,0.9914678296876349,0.696110883099951,0.1290005241152224,0.5294433976582195,0.5450017873505875,0.6982608293433419,0.7979585093999697,0.9914678296876349,0.3760102197729593,0.04300790746386725,0.2911938687120207,0.3216565375508649,0.3754442367579117,0.41806895033931585,0.5453073063281992,0.382860985704973,0.07095028826337232,0.2911938687120207,0.2997509830428231,0.38404345613883806,0.4388771801699834,0.5453073063281992,0.3076447252687849,0.0351882879249823,0.23824952894619877,0.2631735307234349,0.3071816482564732,0.34205641391398567,0.4461605233594357,0.3132498973949779,0.05805023585185007,0.23824952894619877,0.24525080430776433,0.3142173732045038,0.35908132922998637,0.4461605233594357
cohesion_fixed,nq_3,50,True,15,5,2.0,1.0,5,4;29;37;45;49,4;6;24;29;37;45;47;49,1,1,8,5,4.886831560180945,0.9773663120361891,10,8.856787463091608,4.871233104700385,3.985554358391224,-0.015598455480559714,-50.01559845548056,-46.030044097089345,-46.03004409708934,True,-0.015598455480559714,0.0,3003,0.6488217968144936,0.373874638717219,0.11628361549214983,0.1269956989650969,0.8773408311169042,0.9959425045269324,1.0,0.9773663120361891,0.031190666060200142,0.9166791270391447,0.9417499170367502,0.9926764706912634,0.9992479441669514,1.0,0.8770839478405789,0.05203005428390668,0.7335027086765308,0.7959126644359245,0.885940961482407,0.9362356605323047,0.9648015792053208,0.8856787463091609,0.03960406417755598,0.8235275241142893,0.8388334778521304,0.8875584679418291,0.9213332469499077,0.9587757464696431,0.4823961713123184,0.028616529856148674,0.40342648977209195,0.4377519654397585,0.48726752881532387,0.5149296132927675,0.5306408685629265,0.48712331047003843,0.02178223529765578,0.4529401382628591,0.4613584128186717,0.488157157368006,0.5067332858224493,0.5273266605583037,0.3946877765282605,0.023413524427758008,0.33007621890443883,0.358160698996166,0.3986734326670831,0.4213060472395371,0.43416071064239437,0.3985554358391224,0.0178218288799002,0.3705873858514302,0.3774750650334587,0.3994013105738231,0.41459996112745845,0.43144908591133946
cohesion_fixed,nq_4,50,True,15,5,2.0,1.0,5,0;16;26;29;40,0;3;7;16;24;26;27;33;40;47,1,1,10,4,4.92330446547078,0.984660893094156,10,8.538989055969182,4.696443980783051,3.8425450751861323,-0.22686048468772935,-50.22686048468773,-46.384315409501596,-46.384315409501596,True,-0.22686048468772935,0.0,3003,0.9113224950959051,0.11993890459505818,0.565046861290938,0.7578513971947919,0.9536035261757196,0.9934595014659637,1.0,0.984660893094156,0.015235231736811027,0.9573064170726214,0.9666835562601132,0.9884488427406037,0.9987199762464815,1.0,0.8621608599217513,0.049494517849883235,0.7828573157131418,0.801528309997786,0.8540748480942886,0.9390994381775845,0.9961978873983273,0.8538989055969182,0.037165515244139136,0.7936334192159885,0.8048739331658882,0.8576456948968794,0.8991801478727514,0.9274032216896974,0.47418847295696326,0.027221984817435776,0.43057152364222795,0.4408405704987823,0.4697411664518587,0.5165046909976715,0.54790883806908,0.46964439807830505,0.02044103338427651,0.4364983805687937,0.4426806632412385,0.4717051321932837,0.49454908133001324,0.5100717719293335,0.38797238696478814,0.02227253303244746,0.3522857920709138,0.36068773949900373,0.38433368164242987,0.42259474717991297,0.4482890493292473,0.3842545075186132,0.016724481859862618,0.3571350386471948,0.3621932699246497,0.38594056270359567,0.4046310665427381,0.41733144976036385
cohesion_fixed,nq_5,50,True,15,5,2.0,1.0,5,0;5;8;10;21,19;44,1,0,2,0,3.6462572718587354,0.7292514543717471,10,8.888063393982742,4.888434866690508,3.999628527292234,1.2421775948317726,-48.75782240516823,-44.758193877875996,-44.758193877875996,True,1.2421775948317726,0.0,3003,0.34472967078393685,0.2965196778300248,0.041979128378639076,0.05062070202353751,0.24670706198671444,0.727691902733077,1.0,0.7292514543717471,0.14812555477582529,0.5748247679972405,0.5971748237321418,0.6837382759156182,0.9027977282445532,1.0,0.8577232414320025,0.041658605204728735,0.7706363317502762,0.8021359459682343,0.8579986361669506,0.9151032761107717,0.9498130575018967,0.8888063393982742,0.03318003622246618,0.8253358999437135,0.8515022859569994,0.8908637194271076,0.9205579341626748,0.9401880407050404,0.47174778278760143,0.022912232862600794,0.42384998246265193,0.4411747702825289,0.47189924989182286,0.5033068018609244,0.5223971816260432,0.4888434866690508,0.018249019922356398,0.4539347449690424,0.46832625727634963,0.48997504568490924,0.5063068637894712,0.5171034223877722,0.38597545864440114,0.018746372342127938,0.3467863492876243,0.3609611756857054,0.38609938627512774,0.4117964742498473,0.4274158758758535,0.39996285272922344,0.014931016300109784,0.3714011549746711,0.38317602868064976,0.40088867374219844,0.41425107037320363,0.4230846183172682
cohesion_fixed,nq_6,50,True,15,5,2.0,1.0,5,0;3;5;11;12,9;33,0,0,0,0,2.7910423166953375,0.5582084633390675,10,9.058967500802558,4.982432125441406,4.076535375361151,2.1913898087460684,-47.80861019125393,-43.73207481589277,-43.73207481589278,True,2.1913898087460684,0.0,3003,0.21775347078789625,0.31845045485524226,0.005132950259452377,0.006384980184301503,0.09252569900760393,0.7228593233951532,1.0,0.5582084633390675,0.35597235486470297,0.21179516982965602,0.23256200892837317,0.33230802089193057,0.9932907433589209,1.0,0.8869005734734968,0.02964309003678438,0.8264856550994403,0.8536430423449258,0.8836788156540736,0.9312960414607308,0.9912544258246628,0.9058967500802557,0.04134476421715397,0.8531181538474404,0.8598464136018997,0.911144196796386,0.9409752679965673,0.9912544258246628,0.48779531541042326,0.016303699520231408,0.45456711030469216,0.4695036732897092,0.4860233486097405,0.512212822803402,0.5451899342035645,0.49824321254414067,0.022739620319434672,0.46921498461609223,0.4729155274810449,0.5011293082380124,0.5175363973981121,0.5451899342035645,0.39910525806307356,0.013339390516552972,0.3719185447947481,0.3841393690552166,0.3976554670443331,0.4190832186573288,0.4460644916210983,0.4076535375361151,0.018605143897719292,0.38390316923134815,0.38693088612085486,0.4100148885583737,0.42343887059845525,0.4460644916210983
cohesion_fixed,nq_7,50,True,15,5,2.0,1.0,5,4;9;34;42;49,,0,0,0,0,3.3993854674387642,0.6798770934877528,10,9.030805196519799,4.96694285808589,4.06386233843391,1.5675573906471256,-48.432442609352876,-44.36858027091896,-44.36858027091897,True,1.5675573906471256,0.0,3003,0.37533909442970875,0.25002774033927777,0.06976390871041713,0.13510334288819043,0.2966788368158298,0.6985045602699089,1.0,0.6798770934877528,0.1826660828696685,0.48682121177011095,0.49903119798057294,0.6931314337676172,0.8808346578419081,1.0,0.9020283108241354,0.03857569694231769,0.7943326014718397,0.8287368790182269,0.9121759359718671,0.9400704756533181,0.959833036820289,0.9030805196519799,0.01592805632759846,0.8821516395633218,0.8840157506795449,0.9023486741241026,0.9118164221402961,0.9442512721648904,0.4961155709532744,0.021216633318274728,0.43688293080951185,0.4558052834600248,0.5016967647845268,0.517038761609325,0.527908170251159,0.4966942858085889,0.00876043098017916,0.485183401759827,0.48620866287374964,0.4962917707682564,0.5014990321771629,0.5193381996906897,0.4059127398708609,0.017359063624042957,0.35744967066232786,0.3729315955582021,0.41047917118734023,0.42303171404399315,0.43192486656913,0.40638623384339095,0.007167625347419301,0.3969682378034948,0.39780708780579516,0.40605690335584615,0.4103173899631332,0.4249130724742006
cohesion_fixed,nq_8,50,True,15,5,2.0,1.0,5,1;7;18;39;43,,0,0,0,0,1.2787881284364273,0.25575762568728544,10,6.252202546025151,3.4387114003138333,2.8134911457113176,2.159923271877406,-47.8400767281226,-45.02658558241128,-45.02658558241128,True,2.159923271877406,0.0,3003,0.09689845531934176,0.25037917961685063,0.00034149855185878434,0.0008316570927742562,0.006410640469217219,0.19640369503060384,1.0,0.25575762568728544,0.385773928015619,0.0004610734896623171,0.0017763511059218015,0.007950803993801277,0.7066507933690611,1.0,0.715233094885228,0.11432537797623439,0.5358401563699648,0.583190048811033,0.6845679582897632,0.8778782067085884,0.9284828564623164,0.625220254602515,0.06038739575687314,0.5651599426267471,0.5654177413784884,0.6057908877249436,0.6930863682380601,0.7697520577727326,0.39337820218687547,0.0628789578869289,0.29471208600348064,0.32075452684606814,0.3765123770593698,0.48283301368972364,0.510665571054274,0.34387114003138325,0.033213067666280224,0.3108379684447109,0.3109797577581686,0.333184988248719,0.3811975025309331,0.4233636317750029,0.3218548926983526,0.05144642008930547,0.2411280703664842,0.26243552196496484,0.30805558123039345,0.3950451930188648,0.4178172854080424,0.28134911457113176,0.02717432809059291,0.25432197418203617,0.2544379836203198,0.27260589947622466,0.31188886570712704,0.3463884259977297
cohesion_fixed,nq_9,50,True,15,5,2.0,1.0,5,15;19;34;43;48,,0,0,0,0,3.542308456279136,0.7084616912558273,10,8.074523201595353,4.440987760877444,3.6335354407179086,0.8986793045983084,-49.10132069540169,-45.46778525468379,-45.46778525468378,True,0.8986793045983084,0.0,3003,0.2952912138872416,0.3257321819617548,0.02290870881484414,0.024692597946344895,0.10531192533353927,0.8165687886656544,1.0,0.7084616912558273,0.215318398674323,0.42146111880574033,0.45649252618733793,0.7525791573127115,0.9436914171603799,1.0,0.8028197967143825,0.0548417584516134,0.6917062878500331,0.7443901373438356,0.7936123731953348,0.8789932896632668,0.9715507705767298,0.8074523201595352,0.041995619384851,0.7442550252681914,0.7524255337177295,0.8068066099764211,0.8657810959879659,0.8703895572696649,0.4415508881929104,0.03016296714838737,0.3804384583175182,0.4094145755391096,0.43648680525743416,0.48344630931479676,0.5343529238172013,0.44409877608774434,0.023097590661668055,0.4093402638975053,0.4138340435447512,0.4437436354870316,0.4761796027933813,0.4787142564983157,0.36126890852147214,0.02467879130322603,0.31126782953251486,0.33497556180472604,0.3571255679379007,0.3955469803484701,0.43719784675952844,0.3633535440717909,0.018898028723182945,0.33491476137068615,0.3385914901729783,0.3630629744893895,0.3896014931945847,0.3916753007713492
cohesion_fixed,nq_10,50,True,15,5,2.0,1.0,5,5;8;11;42;46,0;1;2;3;5;8;9;11;14;17;23;36;39;42,1,1,7,4,3.7488202508841377,0.7497640501768276,10,7.949576893064805,4.372267291185643,3.5773096018791626,0.6234470403015049,-49.37655295969849,-45.799243357819336,-45.799243357819336,True,0.6234470403015049,0.0,3003,0.5007304155489777,0.22753863215925263,0.22669412770077685,0.22913772111102734,0.47402294454254706,0.8328641038501784,1.0,0.7497640501768276,0.18558002486166233,0.5542444064698542,0.56601265367924,0.6684119405120023,0.976999551763585,1.0,0.7733554057865185,0.04624587830789768,0.6624707970179882,0.710804866605954,0.7752164084396791,0.8321245995095089,0.929307138028552,0.7949576893064805,0.03294891641692985,0.7355661916940868,0.747746970154733,0.7936063140963306,0.8374507417164526,0.8437152271896872,0.4253454731825852,0.025435233069343723,0.36435893835989347,0.39094267663327464,0.4263690246418235,0.45766852973022987,0.5111189259157036,0.43722672911856425,0.01812190402931142,0.40456140543174773,0.4112608335851031,0.4364834727529818,0.4605979079440489,0.46404337495432796,0.34800993260393337,0.020810645238553957,0.2981118586580947,0.3198621899726793,0.34884738379785557,0.374456069779279,0.4181882121128484,0.3577309601879162,0.014827012387618431,0.33100478626233903,0.33648613656962983,0.3571228413433488,0.37685283377240364,0.3796718522353592
cohesion_fixed,nq_11,50,True,15,5,2.0,1.0,5,0;3;14;32;37,3;7;14;37,1,1,4,3,4.822405174546096,0.9644810349092191,10,7.769646693458948,4.27330568140242,3.496341012056526,-0.5490994931436752,-50.54909949314367,-47.052758481087146,-47.052758481087146,True,-0.5490994931436752,0.0,3003,0.39271962100199687,0.4733303640894587,0.0014370916220352444,0.0015871961488474104,0.021003593819066392,0.99995463334752,1.0,0.9644810349092191,0.06615918057722359,0.8323120353114397,0.8959882871993787,0.9986944419325737,0.99995463334752,0.9999811021960103,0.7481102920107146,0.07157483236133819,0.6209964035212671,0.6747943135156134,0.7296513281865755,0.8367549542706905,0.9891966633331664,0.7769646693458948,0.08161068936957558,0.6958722358301179,0.7129019536533021,0.7473040418546626,0.8526193485243491,0.9779077523569578,0.411460660605893,0.03936615779873601,0.34154802193669687,0.3711368724335874,0.40130823050261655,0.4602152248488798,0.5440581648332415,0.4273305681402421,0.04488587915326658,0.3827297297065649,0.39209607450931616,0.4110172230200644,0.468940641688392,0.5378492637963268,0.3366496314048215,0.03220867456260219,0.2794483815845702,0.303657441082026,0.328343097683959,0.3765397294218107,0.4451384984999248,0.34963410120565264,0.03672481021630901,0.31314250612355304,0.32080587914398595,0.33628681883459816,0.38367870683595706,0.440058488560631
cohesion_fixed,nq_12,50,True,15,5,2.0,1.0,5,0;14;21;29;39,0;1;41,1,1,2,1,4.683645611999037,0.9367291223998073,10,7.706736545523187,4.238705100037753,3.468031445485434,-0.4449405119612839,-50.444940511961285,-46.976909066475855,-46.97690906647585,True,-0.4449405119612839,0.0,3003,0.7419618985161068,0.2805072304808907,0.15002156486425344,0.29439326449693604,0.9089206893428288,0.9891259270920633,1.0,0.9367291223998073,0.048217733800498624,0.8665476935513193,0.8848701684538687,0.923976952899466,0.9923068338962233,1.0,0.7848749721162018,0.08857639739959748,0.6073458529529993,0.6578385707314264,0.7907486260170352,0.8875094012240874,0.9810396952354722,0.7706736545523187,0.06138215579449056,0.6769357352463435,0.6889358511295827,0.7652684445733582,0.8478426665865423,0.8603001554486251,0.431681234663911,0.04871701856977862,0.3340402191241496,0.3618112139022845,0.43491174430936935,0.4881301706732481,0.5395718323795097,0.4238705100037753,0.033760185686969806,0.37231465438548894,0.3789147181212705,0.42089764451534695,0.46631346662259826,0.47316508549674385,0.3531937374522909,0.039859378829818874,0.27330563382884965,0.2960273568291419,0.35583688170766586,0.39937923055083935,0.4414678628559625,0.34680314454854344,0.027621970107520752,0.3046210808608546,0.31002113300831213,0.34437080005801113,0.381529199963944,0.3871350699518813
cohesion_fixed,nq_13,50,True,15,5,2.0,1.0,5,0;1;4;5;31,0;1;3;4;5;16;31,1,1,7,5,4.862721176295766,0.9725442352591532,10,8.473733470427755,4.660553408735265,3.8131800616924894,-0.2021677675605007,-50.2021677675605,-46.38898770586801,-46.38898770586801,True,-0.2021677675605007,0.0,3003,0.4646575058671093,0.45421832341159346,0.0038132332008759414,0.0074836396788998515,0.17690415858432743,0.9998283122110779,1.0,0.9725442352591532,0.05325191975534689,0.8660559272771651,0.9186076497047901,0.9994721929694124,0.9999031290811845,1.0,0.7383134855530242,0.08548107604101357,0.5998283077104525,0.6461500072089761,0.7143019527358323,0.8697828434526137,0.9730758912675583,0.8473733470427754,0.045143429981589864,0.7973343155604457,0.8044192151568237,0.8344213787572481,0.91610573781935,0.9415715370489981,0.40607241705416336,0.04701459182255747,0.3299055692407489,0.35538250396493687,0.39286607400470774,0.47838056389893757,0.5351917401971571,0.4660553408735265,0.024828886489874406,0.43853387355824514,0.442430568336253,0.45893175831648647,0.5038581558006424,0.5178643453769489,0.3322410684988609,0.03846648421845611,0.2699227384697036,0.29076750324403927,0.32143587873112456,0.3914022795536762,0.43788415107040124,0.381318006169249,0.020314543491715457,0.3588004420022005,0.3619886468205707,0.3754896204407616,0.41224758201870754,0.4237071916720492
cohesion_fixed,nq_14,50,True,15,5,2.0,1.0,5,10;11;28;31;45,0;1;2;9;11,1,1,5,1,4.900310647844276,0.9800621295688552,10,7.280395526872177,4.004217539779697,3.2761779870924803,-0.8960931080645791,-50.896093108064576,-47.619915120972095,-47.619915120972095,True,-0.8960931080645791,0.0,3003,0.9820936058471043,0.02007557867297912,0.9447687022372733,0.9502498758326263,0.9916343344960253,0.999998235682689,1.0,0.9800621295688552,0.01931521564426678,0.9447687022372733,0.958823635410797,0.9806734535960574,0.9979815017855748,0.9999825952481481,0.8149801875715768,0.06321091040111151,0.6565833858737296,0.7510948247516791,0.8064011885017052,0.8942575195434357,0.988420034123388,0.7280395526872178,0.04348410834571663,0.6565833858737296,0.6745421975213093,0.7327140112838975,0.7816837536888195,0.7952058646932404,0.44823910316436716,0.034766000720611326,0.36112086223055123,0.41310215361342356,0.44352065367593785,0.4918416357488896,0.5436310187678633,0.4004217539779697,0.02391625959014415,0.36112086223055123,0.37099820863672006,0.4029927062061436,0.4299260645288507,0.4373632255812822,0.3667410844072095,0.028444909680500178,0.2954625236431783,0.3379926711382556,0.3628805348257673,0.402415883794546,0.4447890153555246,0.327617798709248,0.01956784875557248,0.2954625236431783,0.30354398888458917,0.3297213050777539,0.35175768915996874,0.3578426391119582
cohesion_fixed,nq_15,50,True,15,5,2.0,1.0,5,15;17;18;36;49,,0,0,0,0,1.5684782229875203,0.31369564459750404,10,6.7277308414002235,3.7002519627701225,3.0274788786301,2.131773739782602,-47.8682262602174,-44.84074738158729,-44.8407473815873,True,2.131773739782602,0.0,3003,0.11323870017186702,0.2529008943551967,0.0014233246782830713,0.0018663934410029814,0.017702439279364563,0.2744838570374892,1.0,0.31369564459750404,0.36173913556378,0.02253121931865023,0.022861840671895978,0.19534840771386994,0.7308963293012942,1.0,0.695363297925048,0.0420780590263974,0.5951163999469785,0.6392294045116999,0.6939632209543349,0.7521830824932422,0.7810639028989055,0.6727730841400222,0.038927795961306966,0.6007419461771868,0.6330553165802418,0.6791131690941097,0.719477820716063,0.7379943881876815,0.38244981385877636,0.02314293246451857,0.3273140199708382,0.3515761724814349,0.3816797715248842,0.4137006953712832,0.429585146594398,0.37002519627701225,0.02141028777871883,0.33040807039745274,0.3481804241191331,0.37351224300176034,0.39571280139383463,0.4058969135032248,0.31291348406627156,0.01893512656187883,0.2678023799761403,0.287653232030265,0.31228344942945074,0.338482387121959,0.3514787563045075,0.30274788786301,0.017517508182588137,0.27033387577973406,0.2848748924611088,0.30560092609234935,0.32376501932222834,0.33209747468445666
cohesion_fixed,nq_16,50,True,15,5,2.0,1.0,5,5;7;27;43;46,4;27,1,1,1,1,3.3698220628839843,0.6739644125767968,10,7.973541831371615,4.385448007254388,3.588093824117226,1.015625944370404,-48.984374055629594,-45.39628023151237,-45.39628023151237,True,1.015625944370404,0.0,3003,0.2767836658072834,0.34651042148037947,0.020970955058019457,0.025237623113477093,0.09368226445974033,0.8815569507128245,1.0,0.6739644125767968,0.32954726637079457,0.10080121749222096,0.280199795419928,0.7513847956767018,0.9873353549614292,1.0,0.8115223619544392,0.060935609241202816,0.6661138707140283,0.7306440613206006,0.8146832059381333,0.88770600047637,0.9465931949063494,0.7973541831371614,0.06994821224951733,0.6661138707140283,0.7048871958328106,0.8158369662203857,0.8727029702203903,0.8754010807403813,0.4463372990749415,0.03351458508266155,0.36636262889271554,0.40185423372633033,0.4480757632659733,0.4882383002620035,0.5206262571984922,0.43854480072543883,0.038471516737234535,0.36636262889271554,0.3876879577080458,0.4487103314212121,0.47998663362121463,0.4814705944072097,0.3651850628794976,0.027421024158541266,0.29975124182131274,0.3287898275942702,0.36660744267215994,0.3994677002143665,0.4259669377078572,0.35880938241172267,0.0314766955122828,0.29975124182131274,0.31719923812476475,0.3671266347991735,0.39271633659917565,0.39393048633317157
cohesion_fixed,nq_17,50,True,15,5,2.0,1.0,5,1;13;20;22;29,8;12;22;27;28,1,1,3,1,3.4541732124427247,0.690834642488545,10,8.234791843263714,4.529135513795044,3.705656329468672,1.0749623013523193,-48.92503769864768,-45.21938136917901,-45.21938136917901,True,1.0749623013523193,0.0,3003,0.3296365212883904,0.29033752894846027,0.06148911629295474,0.06997189077987512,0.13091426645490062,0.6717974689067406,1.0,0.690834642488545,0.16423552734491184,0.5587252810903992,0.5650776879495852,0.6035375548081793,0.8869216313223127,1.0,0.8060854358688682,0.05618200636593765,0.6657980917813399,0.7276866396906454,0.8112841725445199,0.8787527553471383,0.9311324514888029,0.8234791843263715,0.03817658881959394,0.7619133640651818,0.7888264088284315,0.8121712809874541,0.8782508768837685,0.8896908322021307,0.44334698972787745,0.030900103501265708,0.36618895047973693,0.400227651829855,0.44620629489948593,0.483314015440926,0.5121228483188416,0.4529135513795043,0.020997123850776664,0.41905235023585,0.43385452485563736,0.4466942045430997,0.48303798228607264,0.48932995771117194,0.36273844614099066,0.02528190286467194,0.29960914130160293,0.3274589878607904,0.36507787764503397,0.3954387399062122,0.4190096031699613,0.3705656329468671,0.017179464968817275,0.3428610138293318,0.35497188397279417,0.36547707644435434,0.39521289459769576,0.4003608744909588
cohesion_fixed,nq_18,50,True,15,5,2.0,1.0,5,3;10;18;34;41,0;1;2;4;5;6;7;10;16;17;20;22;25;27;33;36;37;43;49,1,1,8,1,1.8937122567109992,0.37874245134219986,10,8.053153524811632,4.4292344386463975,3.623919086165234,2.5355221819353986,-47.4644778180646,-43.840558731899364,-43.84055873189937,True,2.5355221819353986,0.0,3003,0.15361939443605802,0.257929527470913,0.009505688093200194,0.01049057644694883,0.04643039122318151,0.3749743838772662,1.0,0.37874245134219986,0.344799685877518,0.09767301071179196,0.11305885509106003,0.14849173524848225,0.8045639556363051,1.0,0.8152295475896106,0.03492667533151032,0.7513784686799734,0.7697264764504322,0.8149434179816809,0.8560331049575993,0.9187583623871677,0.8053153524811633,0.017954185845475323,0.780024649579194,0.7830068588836426,0.8076644256154368,0.8211198490723608,0.8398851800241024,0.44837625117428587,0.01920967143233068,0.41325815777398534,0.4233495620477377,0.4482188798899245,0.4708182077266796,0.5053170993129422,0.4429234438646398,0.009874802215011422,0.4290135572685567,0.4306537723860035,0.4442154340884903,0.4516159169897984,0.4619368490132563,0.36685329641532477,0.015717003899179644,0.33812031090598804,0.3463769144026945,0.3667245380917564,0.3852148972309197,0.41344126307422546,0.36239190861652343,0.008079383630463899,0.3510110923106373,0.3523530864976392,0.36344899152694654,0.3695039320825623,0.3779483310108461
cohesion_fixed,nq_19,50,True,15,5,2.0,1.0,5,0;9;11;18;27,0;1;2;3;4;5;6;8;9;11;12;13;15;17;18;21;23;27;31;32;36;43;45;47;49,1,1,14,5,4.934066199304034,0.9868132398608068,10,7.83209567562719,4.307652621594953,3.524443054032235,-0.6264135777090809,-50.62641357770908,-47.10197052367684,-47.10197052367685,True,-0.6264135777090809,0.0,3003,0.834889412523544,0.15337692187017973,0.5857389427525248,0.61462042134446,0.9120099556145781,0.9942853231964713,1.0,0.9868132398608068,0.012327564831334098,0.9672293455038817,0.9727435475887043,0.9860393932702867,0.9999130439255711,1.0,0.8042214599012174,0.05533367125014969,0.6852700868056046,0.7422133379634208,0.7961197326348654,0.8726681313635367,0.9607198672584023,0.783209567562719,0.036250093886057246,0.7052118429451573,0.7364224596726064,0.7926605039990331,0.8169935005380164,0.8364373648259474,0.4423218029456696,0.030433519187582327,0.37689854774308257,0.40821733587988146,0.43786585294917596,0.47996747224994524,0.5283959269921212,0.4307652621594954,0.01993755163733149,0.3878665136198365,0.40503235281993355,0.43596327719946826,0.44934642529590907,0.4600405506542711,0.3618996569555478,0.024900152062567363,0.30837153906252207,0.33399600208353936,0.3582538796856894,0.39270065911359153,0.43232394026628107,0.35244430540322347,0.016312542248725758,0.3173453293253208,0.33139010685267284,0.3566972267995649,0.3676470752421074,0.37639681417167636
cohesion_fixed,nq_20,50,True,15,5,2.0,1.0,5,0;6;9;30;42,0;21;42;48,1,1,4,2,1.835181676421668,0.3670363352843336,10,8.389580345605077,4.614269190082793,3.775311155522285,2.7790875136611253,-47.220912486338875,-43.44560133081659,-43.44560133081659,True,2.7790875136611253,0.0,3003,0.12836435043567926,0.26289758511116973,3.089860688252585e-05,0.0001852546936059319,0.0029887390139422894,0.3533134101339004,1.0,0.3670363352843336,0.34835435087947564,0.0029887390139422894,0.07310679241298063,0.19516014401906065,0.7834995683508509,1.0,0.8584620281536771,0.03852168527806289,0.7567086688072092,0.8128852222132589,0.8608854598803558,0.9069636486781257,0.9833612363511843,0.8389580345605078,0.04368054969029562,0.7567086688072092,0.7750986961532339,0.8474875505183059,0.875069017554743,0.9130452554345058,0.47215411548452246,0.02118692690293459,0.41618976784396505,0.4470868722172924,0.4734870029341957,0.4988300067729691,0.5408486799931513,0.4614269190082793,0.024024302329662607,0.41618976784396505,0.4263042828842787,0.4661181527850683,0.4812879596551087,0.5021748904889782,0.3863079126691547,0.017334758375128302,0.34051890096324416,0.36579834999596644,0.3873984569461601,0.40813364190515655,0.442512556358033,0.3775311155522285,0.019656247360633008,0.34051890096324416,0.3487944132689553,0.3813693977332377,0.3937810578996343,0.41087036494552753
cohesion_fixed,nq_21,50,True,15,5,2.0,1.0,5,0;1;23;25;30,0;1;3;16,1,1,4,2,1.9021688947859883,0.38043377895719765,10,6.3640214726006805,3.500211809930375,2.863809662670307,1.5980429151443867,-48.40195708485561,-45.538147422185304,-45.538147422185304,True,1.5980429151443867,0.0,3003,0.14107293565172008,0.3159501698046642,0.0009190956788062148,0.0014504074310666471,0.0077470374689247576,0.5818261858282185,1.0,0.38043377895719765,0.4589073846593938,0.0015317577658026783,0.0020527317758006437,0.01670140439790948,0.9524406159325914,1.0,0.6682120749456636,0.0902621133301983,0.48737675803338143,0.5314564219883379,0.6763840830102625,0.7587789175851242,0.9300924316791355,0.6364021472600682,0.11657297510223699,0.48809058822770957,0.4960594468745596,0.6442946818712982,0.7111308786658112,0.9300924316791355,0.36751664122011507,0.04964416233160907,0.26805721691835976,0.2923010320935858,0.3720112456556444,0.4173284046718183,0.5115508374235245,0.3500211809930375,0.06411513630623034,0.26844982352524027,0.27283269578100783,0.354362075029214,0.3911219832661961,0.5115508374235245,0.30069543372554863,0.040617950998589246,0.21931954111502167,0.23915538989475205,0.3043728373546181,0.3414505129133059,0.418541594255611,0.28638096626703063,0.05245783879600666,0.2196407647024693,0.2232267510935518,0.2899326068420842,0.320008895399615,0.418541594255611
cohesion_fixed,nq_22,50,True,15,5,2.0,1.0,5,0;3;5;26;30,0;3;5;12;17;22;24;26;28;31;34;48,1,1,9,4,3.9168099562395193,0.7833619912479038,10,7.779250985182057,4.2785880418501305,3.5006629433319247,0.3617780856106112,-49.63822191438939,-46.137558971057466,-46.13755897105746,True,0.3617780856106112,0.0,3003,0.4663939921617695,0.29074850658762286,0.18000368944503914,0.19219023330626983,0.35053350442203085,0.970556242091465,1.0,0.7833619912479038,0.2500338102335794,0.3691553898481414,0.469494523287999,0.9301728183734529,0.9989914098280559,1.0,0.7717241875242173,0.07890030771256175,0.624808113535255,0.6823605008221161,0.7516551904641169,0.912568745066179,0.9763227270039844,0.7779250985182056,0.1050571459027654,0.6627960183337469,0.6704093264649122,0.7665825813818857,0.9030742004271732,0.9763227270039844,0.4244483031383195,0.04339516924190896,0.34364446244439023,0.3752982754521638,0.4134103547552643,0.5019128097863985,0.5369774998521915,0.42785880418501315,0.05778143024652097,0.3645378100835608,0.36872512955570175,0.42162041976003717,0.4966908102349453,0.5369774998521915,0.3472758843858978,0.035505138470652786,0.2811636510908648,0.3070622253699522,0.3382448357088526,0.4106559352797806,0.4393452271517929,0.35006629433319253,0.04727571565624442,0.2982582082501861,0.30168419690921044,0.34496216162184856,0.40638339019222797,0.4393452271517929
cohesion_fixed,nq_23,50,True,15,5,2.0,1.0,5,5;7;8;33;34,5;8;31;33,1,1,4,3,4.975225691185964,0.9950451382371928,10,8.251881144429756,4.538534629436366,3.7133465149933906,-0.43669106174959715,-50.4366910617496,-46.72334454675621,-46.72334454675621,True,-0.43669106174959715,0.0,3003,0.7507447675220594,0.24828956432739166,0.33691533701965687,0.3706689950389776,0.747557583242082,0.9981547893163213,1.0,0.9950451382371928,0.00517652377621711,0.985627269342099,0.9888355804256012,0.9970771777974237,0.9995492787982345,1.0,0.836330826979516,0.04365658435366459,0.7527573902845481,0.7847001749816079,0.8286640385253552,0.9056339522141035,0.9326124124819022,0.8251881144429758,0.046539723800880325,0.7710822631795677,0.7742269275097748,0.8143493195749083,0.8838417374166585,0.9265952218029283,0.4599819548387338,0.024011121394515524,0.4140165646565015,0.43158509623988434,0.45576522118894536,0.4980986737177569,0.5129368268650462,0.45385346294363665,0.025596848090484178,0.42409524474876226,0.4258248101303761,0.4478921257661995,0.4861129555791622,0.5096273719916106,0.37634887214078216,0.019645462959149065,0.33874082562804664,0.35311507874172354,0.37289881733640984,0.4075352784963466,0.41967558561685603,0.3713346514993391,0.02094287571039614,0.3469870184308055,0.3484021173793987,0.36645719380870867,0.3977287818374963,0.41696784981131774
cohesion_fixed,nq_24,50,True,15,5,2.0,1.0,5,0;1;2;4;7,0;2;4;7,1,1,4,4,4.799399813523605,0.9598799627047212,10,9.102010331457288,5.0061056823015075,4.095904649155779,0.20670586877790242,-49.7932941312221,-45.69738948206631,-45.69738948206632,True,0.20670586877790242,0.0,3003,0.36910450325593136,0.4463964184866513,0.0021646328049644307,0.0033922230263529586,0.014892892961310479,0.9976131067705598,1.0,0.9598799627047212,0.07559291261409196,0.808725166878413,0.8836153293341622,0.9961066870294212,0.9994469546391942,1.0,0.8103232650275454,0.06992408805889677,0.6545802474284361,0.7063350359124521,0.8148282687560893,0.9006586420856272,0.9928394773274056,0.9102010331457286,0.03274099815975174,0.8764364835091011,0.880561811392627,0.9026524724683546,0.9432574437778863,0.9928394773274056,0.44567779576514993,0.038458248432393226,0.36001913608563985,0.38848426975184863,0.4481555478158491,0.4953622531470949,0.5460617125300731,0.5006105682301507,0.018007548987863442,0.4820400659300056,0.48430899626594487,0.496458859857595,0.5187915940778375,0.5460617125300731,0.3646454692623954,0.031465839626503546,0.2945611113427963,0.3178507661606034,0.36667272094024017,0.4052963889385322,0.44677776479733255,0.4095904649155779,0.014733449171888294,0.3943964175790955,0.3962528151266821,0.40619361261075954,0.4244658497000489,0.44677776479733255
cohesion_fixed,nq_25,50,True,15,5,2.0,1.0,5,7;15;19;24;43,0;3;5;15;19;24;34;37;41;42;43;45,1,1,8,4,2.775772143902786,0.5551544287805572,10,7.718850651428917,4.2453678582859045,3.473482793143012,1.4695957143831184,-48.53040428561688,-45.056921492473876,-45.05692149247387,True,1.4695957143831184,0.0,3003,0.28673695700351237,0.2641449169472779,0.08223251580252831,0.08957053461402542,0.15750701680110116,0.6555375255222347,1.0,0.5551544287805572,0.3043602096923626,0.24014238116827652,0.2700953962916766,0.384126903662024,0.9345911760382835,1.0,0.8054760571231461,0.05282117110789357,0.7061812074376752,0.7432686369016485,0.7976930166604819,0.8631720022685551,0.9644144907837168,0.7718850651428917,0.04377499046359293,0.7061812074376752,0.7186566963542707,0.7662608350743592,0.8428789783677398,0.849015955979171,0.4430118314177303,0.02905164410934146,0.38839966409072135,0.40879775029590665,0.43873115916326505,0.4747446012477053,0.5304279699310442,0.42453678582859045,0.02407624475497611,0.38839966409072135,0.39526118299484886,0.42144345929089755,0.46358343810225694,0.46695877578854406,0.3624642257054157,0.023769526998552105,0.31778154334695385,0.33447088660574176,0.3589618574972168,0.38842740102084977,0.43398652085267253,0.34734827931430123,0.019698745708616818,0.31778154334695385,0.32339551335942174,0.3448173757834616,0.3792955402654829,0.38205718019062695
cohesion_fixed,nq_26,50,True,15,5,2.0,1.0,5,8;23;29;45;46,,0,0,0,0,2.121553989416201,0.4243107978832402,10,6.7274156580008535,3.7000786119004694,3.0273370461003837,1.5785246224842684,-48.42147537751573,-45.39413833141535,-45.39413833141535,True,1.5785246224842684,0.0,3003,0.16533667246641356,0.25767760385077765,0.011494954684073872,0.014085325677308535,0.037702903035325336,0.40548408609663555,1.0,0.4243107978832402,0.3113310878713211,0.1398823528696895,0.17024733563936306,0.2702100497747364,0.7982667107911607,1.0,0.6854720812645261,0.06156359434057325,0.5120357580545339,0.6056491496444653,0.6913996795406004,0.763682866344862,0.8071053609353325,0.6727415658000854,0.0486356660378534,0.5933203550883271,0.6064977436695099,0.6830811854709264,0.723065006272703,0.7361726600395357,0.37700964469548937,0.033859976887315284,0.2816196669299937,0.3331070323044559,0.38026982374733026,0.4200255764896741,0.4439079485144329,0.3700078611900469,0.02674961632081937,0.3263261952985799,0.3335737590182305,0.37569465200900953,0.39768575344998663,0.40489496302174466,0.3084624365690367,0.027703617453257962,0.23041609112454026,0.2725421173400093,0.3111298557932702,0.3436572898551879,0.3631974124208996,0.3027337046100384,0.021886049717034034,0.2669941597897472,0.2729239846512795,0.30738653346191686,0.3253792528227164,0.3312776970177911
cohesion_fixed,nq_27,50,True,15,5,2.0,1.0,5,0;13;14;20;29,0,1,1,1,1,1.3869545106647316,0.27739090213294637,10,6.411275353263262,3.5262014442947947,2.8850739089684683,2.139246933630063,-47.86075306636994,-44.975679157401466,-44.97567915740147,True,2.139246933630063,0.0,3003,0.09480811112232826,0.26002735071785216,0.00019080281988457896,0.0002471728893008277,0.0007222663957482359,0.23892887171579122,1.0,0.27739090213294637,0.39086585833325777,0.00019080281988457896,0.0003621882328473622,0.0006469440291963784,0.7541989989853437,1.0,0.6749185367627637,0.0691947343993817,0.49418419433855076,0.6064982918958368,0.6682690087720599,0.7493175420217332,0.926695339507379,0.6411275353263263,0.07817961483418762,0.49418419433855076,0.5775291994955882,0.6374378180539524,0.7075093737166877,0.8045433906870663,0.3712051952195201,0.03805710391965994,0.2718013068862029,0.3335740605427102,0.3675479548246329,0.41212464811195326,0.5096824367290584,0.3526201444294794,0.0429987881588032,0.2718013068862029,0.3176410597225735,0.3505907999296738,0.3891301555441782,0.4424988648778865,0.3037133415432437,0.031137630479721765,0.22238288745234785,0.2729242313531266,0.30072105394742693,0.33719289390977997,0.4170129027783206,0.28850739089684685,0.03518082667538442,0.22238288745234785,0.2598881397730147,0.2868470181242786,0.3183792181725094,0.3620445258091798
cohesion_fixed,nq_28,50,True,15,5,2.0,1.0,5,14;31;32;35;40,0;1;3;11;14;15;18;25;28;31;32;35;40;45,1,1,10,5,4.9930864887400315,0.9986172977480061,10,8.423135163671047,4.632724340019076,3.7904108236519702,-0.36036214872095584,-50.36036214872095,-46.569951325068985,-46.569951325068985,True,-0.36036214872095584,0.0,3003,0.7949709843727217,0.284894693066483,0.26740832045743973,0.3030743015777061,0.9972936063693785,0.9999977349361738,1.0,0.9986172977480061,0.001061733088697729,0.9972936063693785,0.9973645624740806,0.9989723763062304,0.9997392077038874,0.9999970196528603,0.8549964811619327,0.04669820908577827,0.7573698638998101,0.7995302025851869,0.8503699329954374,0.9136746412383325,0.993528228238419,0.8423135163671047,0.05544683712935106,0.7985202554687765,0.7996780450996331,0.8190234167633348,0.8814155204734545,0.9934554844056915,0.470248064639063,0.02568401499717805,0.4165534251448956,0.43974161142185286,0.46770346314749056,0.5025210526810829,0.5464405255311304,0.46327243400190754,0.03049576042114309,0.43918614050782706,0.43982292480479823,0.4504628792198341,0.48477853626039996,0.5464005164231304,0.38474841652286973,0.02101419408860022,0.3408164387549145,0.3597885911633341,0.38266646984794683,0.4111535885572496,0.4470877027072886,0.3790410823651971,0.024951076708207974,0.3593341149609494,0.3598551202948349,0.3685605375435006,0.39663698421305454,0.44705496798256117
cohesion_fixed,nq_29,50,True,15,5,2.0,1.0,5,2;4;9;10;22,1;2,1,1,2,1,2.7579169733478777,0.5515833946695754,10,8.54679389984977,4.700736644917374,3.846057254932397,1.942819671569496,-48.057180328430505,-44.2111230734981,-44.21112307349811,True,1.942819671569496,0.0,3003,0.259646865280563,0.2674362145844589,0.02388676940415537,0.03623385278064051,0.1328601750427932,0.5913549525403377,1.0,0.5515833946695754,0.26607826950588737,0.2799219707929895,0.308266693101534,0.4248589152699229,0.8809409242882458,1.0,0.8660041491906013,0.050187146127116576,0.716088608679798,0.7845717249775574,0.8747340253442412,0.9240740800761139,0.9428035632273248,0.8546793899849771,0.049223668108567736,0.7607982256085692,0.7761817259190584,0.868919594343032,0.9005301268696916,0.9203128769218178,0.47630228205483066,0.027602930369914118,0.3938487347738889,0.4315144487376566,0.48110371393933266,0.5082407440418627,0.5185419597750287,0.4700736644917374,0.027073017459712256,0.4184390240847131,0.42689994925548214,0.47790577688866764,0.4952915697783304,0.5061720823069998,0.38970186713577054,0.02258421575720246,0.3222398739059091,0.35305727623990085,0.3936303114049085,0.41583333603425127,0.42426160345229613,0.3846057254932397,0.02215065064885548,0.3423592015238561,0.3492817766635763,0.39101381745436437,0.40523855709136125,0.414140794614818
cohesion_fixed,nq_30,50,True,15,5,2.0,1.0,5,0;1;25;27;33,0;1;3;6;10;25;27;29,1,1,6,4,3.3758250044626807,0.6751650008925362,10,7.933957345585538,4.3636765400720465,3.5702808055134923,0.9878515356093658,-49.012148464390634,-45.44186765887714,-45.44186765887714,True,0.9878515356093658,0.0,3003,0.2633682597518741,0.35814773369276554,0.013371341942503528,0.01500144697719938,0.04326505757603461,0.87138614975744,1.0,0.6751650008925362,0.35017884009539435,0.020050081078188887,0.26977581347753843,0.7773007851365876,0.9736438904685366,1.0,0.7982289269353908,0.07586581846824546,0.6125713516560192,0.6866829786379565,0.8152504426852613,0.8895463079121726,0.9477852254155247,0.7933957345585538,0.09011605905196321,0.6768597748541418,0.6813232141873294,0.8137842492781611,0.8778151077616124,0.9477852254155247,0.4390259098144649,0.041726200157535,0.33691424341081055,0.3776756382508761,0.4483877434768937,0.48925046935169497,0.5212818739785385,0.4363676540072047,0.04956383247857976,0.372272876169778,0.3747277678030312,0.4475813371029886,0.48279830926888684,0.5212818739785385,0.35920301712092584,0.034139618310710454,0.2756571082452086,0.3090073403870804,0.36686269920836756,0.4002958385604777,0.42650335143698614,0.3570280805513492,0.04055222657338345,0.30458689868436384,0.30659544638429825,0.3662029121751725,0.3950167984927256,0.42650335143698614
cohesion_fixed,nq_31,50,True,15,5,2.0,1.0,5,0;3;5;6;44,0,1,1,1,1,2.774005721982603,0.5548011443965206,10,8.118790882970668,4.465334985633867,3.6534558973368005,1.6913292636512645,-48.30867073634874,-44.65521483901193,-44.65521483901193,True,1.6913292636512645,0.0,3003,0.1910439178241231,0.35004776188379105,0.001521647276085501,0.003083618961044088,0.01616084892095139,0.841500217678973,1.0,0.5548011443965206,0.41110574025927,0.030075959915959426,0.07348276146742583,0.6085093064211884,0.9987309967403318,1.0,0.7597123413486297,0.06454945456285147,0.6405324400920127,0.6850975031230356,0.7513120070009254,0.8348138598418589,1.0,0.8118790882970668,0.1148319652782668,0.6755333986115426,0.6776554000798461,0.8189363573849594,0.9618248900629738,0.9851905059022481,0.4178417877417464,0.03550220000956831,0.352292842050607,0.3768036267176696,0.413221603850509,0.45914762291302236,0.55,0.44653349856338675,0.06315758090304673,0.37154336923634845,0.3727104700439154,0.4504149965617277,0.5290036895346356,0.5418547782462364,0.3418705536068834,0.02904725455328316,0.2882395980414057,0.308293876405366,0.3380904031504164,0.3756662369288365,0.44999999999999996,0.36534558973368003,0.051674384375220074,0.30399002937519415,0.3049449300359308,0.3685213608232317,0.4328212005283383,0.4433357276560117
cohesion_fixed,nq_32,50,True,15,5,2.0,1.0,5,3;5;15;19;32,,0,0,0,0,4.754475675595298,0.9508951351190597,10,7.884039045177902,4.336221474847846,3.5478175703300554,-0.41825420074745256,-50.418254200747455,-46.87043663041739,-46.870436630417394,True,-0.41825420074745256,0.0,3003,0.6995815005463472,0.23989088212721255,0.20115025015396373,0.43791857216837904,0.6736564441988904,0.9940117675851071,1.0,0.9508951351190597,0.08261332541792876,0.7862747818672942,0.8650004477172667,0.985277003781801,0.9999339773815912,1.0,0.8072129452692665,0.05539814944748499,0.6819043800791291,0.7406240011556884,0.8003005389905975,0.8749534327896858,0.9951525436247781,0.7884039045177901,0.049133309267554756,0.6819043800791291,0.7264670999662873,0.7915512910350033,0.8385656875201886,0.855806162441956,0.44396711989809656,0.03046898219611674,0.375047409043521,0.4073432006356286,0.4401652964448286,0.4812243880343272,0.5473338989936279,0.43362214748478456,0.02702332009715512,0.375047409043521,0.39955690498145807,0.4353532100692519,0.4612111281361037,0.4706933893430758,0.3632458253711699,0.024929167251368244,0.3068569710356081,0.33328080052005976,0.3601352425457689,0.39372904475535864,0.4478186446311502,0.3547817570330055,0.022109989170399635,0.3068569710356081,0.3269101949848293,0.35619808096575145,0.37735455938408485,0.38511277309888015
cohesion_fixed,nq_33,50,True,15,5,2.0,1.0,5,5;28;31;39;47,0;6,1,0,2,0,1.2300992047129007,0.24601984094258014,10,6.037403700293252,3.3205720351612893,2.7168316651319637,2.0904728304483884,-47.90952716955161,-45.192695504419646,-45.192695504419646,True,2.0904728304483884,0.0,3003,0.08347363853224035,0.2514528237394525,1.8270208570063746e-05,1.977890556867553e-05,0.00042724440620863467,0.1401384887455082,1.0,0.24601984094258014,0.3873553144784852,2.0164799976933592e-05,2.8303237720035453e-05,0.00014837068404571917,0.6919560633338173,1.0,0.6622540021369535,0.11245446719387417,0.5057952209542509,0.5516594523844564,0.6376555444490543,0.8794803135247378,0.9314832836022618,0.6037403700293253,0.117113246031696,0.5057952209542509,0.5103784896975443,0.5588921975154315,0.707626508184416,0.9211445596747128,0.36423970117532445,0.0618499569566308,0.27818737152483797,0.30341269881145105,0.3507105494469798,0.4837141724386058,0.512315805981244,0.3320572035161289,0.06441228531743282,0.27818737152483797,0.28070816933364934,0.3073907086334874,0.3891945795014288,0.5066295078210921,0.29801430096162906,0.050604510237243376,0.22760784942941292,0.24824675357300535,0.28694499500207443,0.395766141086132,0.4191674776210178,0.27168316651319635,0.05270096071426318,0.22760784942941292,0.2296703203638949,0.25150148888194424,0.31843192868298714,0.4145150518536207
cohesion_fixed,nq_34,50,True,15,5,2.0,1.0,5,2;6;7;8;31,1;4;8;13;31,1,1,5,2,4.9860102208989,0.9972020441797801,10,8.244662323566812,4.534564277961747,3.710098045605066,-0.4514459429371529,-50.451445942937156,-46.74134789733209,-46.74134789733209,True,-0.4514459429371529,0.0,3003,0.7420913479480303,0.344221717550784,0.1434909917012017,0.18636777993479192,0.9630323597990139,0.9997065763222435,1.0,0.9972020441797801,0.0031568957263782044,0.9918928208478788,0.9932691965278341,0.9987865010450462,0.9999988555832833,1.0,0.830179913941522,0.0462260663223047,0.7525212681558764,0.7853419742671847,0.8177787435105062,0.901615159976112,0.9838110073825619,0.8244662323566813,0.059634649461069646,0.7594405071375887,0.7627662629732915,0.8088667624750217,0.8608429072547712,0.9838110073825619,0.4565989526678371,0.025424336477267585,0.41388669748573204,0.4319380858469516,0.4497783089307784,0.49588833798686155,0.5410960540604091,0.4534564277961747,0.03279905720358831,0.4176922789256738,0.4195214446353103,0.4448767193612619,0.47346359899012413,0.5410960540604091,0.37358096127368495,0.020801729845037115,0.33863457067014435,0.35340388842023307,0.36800043457972775,0.40572682198925036,0.4427149533221528,0.37100980456050653,0.02683559225748133,0.3417482282119149,0.3432448183379812,0.36399004311375976,0.387379308264647,0.4427149533221528
cohesion_fixed,nq_35,50,True,15,5,2.0,1.0,5,3;5;6;11;15,3;5;6,1,1,3,3,3.8917988597479978,0.7783597719495996,10,9.007959164971728,4.954377540734451,4.053581624237277,1.0625786809864533,-48.937421319013545,-44.88383969477627,-44.88383969477627,True,1.0625786809864533,0.0,3003,0.2898679268804874,0.38000600417092056,0.014722419727773276,0.023612264083877187,0.04690624083204889,0.997442254911628,1.0,0.7783597719495996,0.27165455804597854,0.3892864251968178,0.4369583796647335,0.9949270949955803,0.9996476112755972,1.0,0.8162749092827407,0.06784981947965385,0.669618924414143,0.7322697311721307,0.8168417954414511,0.8972743587877341,1.0,0.900795916497173,0.05227868571973919,0.8262996203661307,0.85032781136599,0.8909587513399411,0.9680920471987644,0.994325666766258,0.44895120010550743,0.037317400713809616,0.3682904084277786,0.40274835214467186,0.4492629874927981,0.49350089733325375,0.55,0.4954377540734451,0.02875327714585656,0.4544647912013719,0.4676802962512945,0.4900273132369676,0.5324506259593205,0.546879116721442,0.36732370917723334,0.030532418765844227,0.30132851598636434,0.32952137902745876,0.367578807948653,0.40377346145448034,0.44999999999999996,0.4053581624237278,0.023525408573882627,0.3718348291647588,0.38264751511469547,0.4009314381029735,0.435641421239444,0.44744655004481604
cohesion_fixed,nq_36,50,True,15,5,2.0,1.0,5,3;17;20;27;31,5;7,1,0,2,0,1.7750659077830901,0.355013181556618,10,7.486184147000069,4.117401280850038,3.3687828661500303,2.3423353730669483,-47.657664626933055,-44.28888176078302,-44.28888176078302,True,2.3423353730669483,0.0,3003,0.15548492325141597,0.26342596692357073,0.01804831410913509,0.02671003592876883,0.03540578707676514,0.42188585860156236,1.0,0.355013181556618,0.37828918941377576,0.01804831410913509,0.04267083964743985,0.10463539532920806,0.82911102815594,1.0,0.82061206065399,0.07562018492584212,0.6315943312965909,0.713257980186055,0.8356448150203857,0.9111157418922184,0.9618676427390258,0.7486184147000068,0.06257247960557843,0.6933482477639039,0.6994861330783522,0.7151516836034495,0.8205859940441882,0.9003538185054402,0.4513366333596945,0.041591101709213166,0.347376882213125,0.39229188910233026,0.4596046482612121,0.5011136580407202,0.5290272035064641,0.41174012808500376,0.03441486378306815,0.38134153627014716,0.3847173731930937,0.3933334259818972,0.4513222967243035,0.4951946001779921,0.36927542729429547,0.03402908321662895,0.2842174490834659,0.32096609108372476,0.37604016675917357,0.41000208385149833,0.43284043923256166,0.3368782866150031,0.028157615822510286,0.31200671149375675,0.31476875988525854,0.32181825762155225,0.3692636973198847,0.40515921832744806
cohesion_fixed,nq_37,50,True,15,5,2.0,1.0,5,0;3;17;30;33,0;3;23;30,1,1,3,3,3.3002181450110157,0.6600436290022031,10,7.393257980810526,4.06629188944579,3.3269660913647368,0.7660737444347738,-49.23392625556522,-45.906960164200484,-45.90696016420049,True,0.7660737444347738,0.0,3003,0.2807282174562324,0.3422841615176813,0.03103827881771497,0.03157297571771724,0.15394718138594857,0.9394572245933027,1.0,0.6600436290022031,0.3594992484251549,0.19301527612957856,0.2191064302608522,0.8495929993045096,0.9997466832476659,1.0,0.7298329141301496,0.06682281755659202,0.5747405347673046,0.6668266282749001,0.7204142392770725,0.8261738131200157,0.9216692486229623,0.7393257980810526,0.09375077224334087,0.5924404992720992,0.6589938477904123,0.7140237469101149,0.8609062028528548,0.9216692486229623,0.40140810277158223,0.036752549656125615,0.31610729412201755,0.366754645551195,0.3962278316023899,0.45439559721600864,0.5069180867426293,0.40662918894457895,0.05156292473383749,0.32584227459965454,0.36244661628472674,0.39271306080056323,0.47349841156907013,0.5069180867426293,0.3284248113585673,0.030070267900466404,0.25863324064528703,0.30007198272370506,0.3241864076746826,0.37177821590400706,0.414751161880333,0.3326966091364737,0.04218784750950338,0.26659822467244465,0.2965472315056855,0.3213106861095517,0.3874077912837846,0.414751161880333
cohesion_fixed,nq_38,50,True,15,5,2.0,1.0,5,0;5;6;8;11,0;1;2;3;4;5;6;7;8;11;17;19;25;26;31;33;45;47,1,1,15,5,4.56826899721508,0.9136537994430161,10,8.587860043478145,4.72332302391298,3.8645370195651654,0.1550540266978997,-49.8449459733021,-45.98040895373694,-45.980408953736934,True,0.1550540266978997,0.0,3003,0.49006622372708536,0.3517442024774396,0.03882999010163419,0.07014248922133512,0.43417249523661416,0.9634123531198893,1.0,0.9136537994430161,0.0841939097758362,0.7719825489588368,0.817990968054228,0.9107867890773398,0.9993984249926355,1.0,0.852644236098058,0.04850966864535422,0.7511672601531357,0.7949144993283592,0.8564502455827572,0.9121764704462508,0.9878484784859262,0.8587860043478145,0.05793940266294754,0.7769626385069662,0.7848017348506778,0.8650180666667349,0.9044535972635569,0.9878484784859262,0.4689543298539318,0.02668031775494482,0.41314199308422467,0.4372029746305976,0.47104763507051645,0.501697058745438,0.5433166631672594,0.472332302391298,0.03186667146462114,0.4273294511788314,0.4316409541678728,0.47575993666670424,0.49744947849495624,0.5433166631672594,0.383689906244126,0.021829350890409396,0.33802526706891106,0.35771152469776163,0.38540261051224073,0.4104794117008129,0.4445318153186668,0.3864537019565165,0.026072731198326402,0.3496331873281348,0.35316078068280504,0.38925813000003073,0.40700411876860065,0.4445318153186668
cohesion_fixed,nq_39,50,True,15,5,2.0,1.0,5,0;1;27;41;47,2;3;4;6;8;10;11;15;16;19;23;33;38;40;43;44;45;47,1,1,8,1,4.692962626592501,0.9385925253185002,10,8.500325287756468,4.675178908266057,3.825146379490411,-0.01778371832644421,-50.01778371832644,-46.19263733883603,-46.192637338836036,True,-0.01778371832644421,0.0,3003,0.7616325292989787,0.1818635584550805,0.44179100323897424,0.4837756398004381,0.8138167495567322,0.955409254035782,1.0,0.9385925253185002,0.04269656789140742,0.8936890051200281,0.8960576416638442,0.9219428047998028,0.9910880880772406,1.0,0.8622900926824496,0.05276632386955162,0.7296388336053895,0.7964272860231201,0.8591258784919027,0.9406635466016948,0.9701003071413852,0.8500325287756467,0.03820141846036514,0.791255382796923,0.8148265511120764,0.8422519278062155,0.9095692523487761,0.9207753488865875,0.47425955097534733,0.02902147812825339,0.4013013584829642,0.43803500731271605,0.4725192331705465,0.5173649506309321,0.5335551689277619,0.4675178908266058,0.021010780153200827,0.4351904605383076,0.448154603111642,0.4632385602934185,0.5002630887918269,0.5064264418876231,0.3880305417071023,0.023744845741298228,0.3283374751224253,0.358392278710404,0.3866066453213562,0.4232985959707627,0.4365451382136233,0.38251463794904106,0.01719063830716432,0.35606492225861536,0.36667194800043434,0.379013367512797,0.4093061635569492,0.41434890699896443
cohesion_fixed,nq_40,50,True,15,5,2.0,1.0,5,1;6;13;30;34,,0,0,0,0,4.128041013555297,0.8256082027110596,10,8.86337336104519,4.8748553485748545,3.988518012470336,0.7468143350195575,-49.25318566498044,-45.264667652510106,-45.264667652510106,True,0.7468143350195575,0.0,3003,0.40098101852178536,0.33592408915820343,0.0733510016476158,0.07556141603491237,0.2502682183605743,0.9733070154966512,1.0,0.8256082027110596,0.20716831804087843,0.4615600657448096,0.5680856940121193,0.9492853567089555,0.9957285818753794,1.0,0.8728578134204888,0.03454862357418073,0.7654346630284025,0.826699613545478,0.8762298319604421,0.9157206672412831,0.9435299184595061,0.8863373361045189,0.019571600874911693,0.8414803837477999,0.8687112542533697,0.8911691074313665,0.9050062365538187,0.9132556977593554,0.4800717973812688,0.019001742965799404,0.42098906466562136,0.4546847874500129,0.4819264075782432,0.5036463669827057,0.5189414551527284,0.48748553485748547,0.010764380481201433,0.46281421106128995,0.4777911898393533,0.4901430090872515,0.4977534301046003,0.5022906337676455,0.39278601603922,0.015546880608381327,0.3444455983627811,0.3720148260954651,0.39430342438219895,0.41207430025857733,0.4245884633067777,0.39885180124703357,0.00880722039371026,0.3786661726865099,0.3909200644140164,0.40102609834411496,0.4072528064492184,0.41096506399170996
cohesion_fixed,nq_41,50,True,15,5,2.0,1.0,5,8;12;17;31;42,,0,0,0,0,1.4354384896634054,0.2870876979326811,10,8.029609282684909,4.4162851054767,3.613324177208209,2.9808466158132942,-47.01915338418671,-43.405829206978495,-43.405829206978495,True,2.9808466158132942,0.0,3003,0.11155777367428805,0.24544349308052352,0.004066000132087808,0.005019798031304377,0.02079348088499579,0.2013027567766853,1.0,0.2870876979326811,0.3652417518062726,0.02079348088499579,0.023376484294343206,0.1556682742267091,0.6926902980573345,1.0,0.8207491464689466,0.04639669206875713,0.7017447830175803,0.7610041658145558,0.8245424582715183,0.8659370421957732,0.9979269220183202,0.8029609282684909,0.04943359304413242,0.7017447830175803,0.7340278885538198,0.8084318700275067,0.8608664454805075,0.862236782956441,0.4514120305579206,0.02551818063781642,0.38595963065966915,0.4185522911980057,0.4534983520493351,0.47626537320767526,0.5488598071100761,0.44162851054767005,0.027188476174272825,0.38595963065966915,0.40371533870460097,0.4446375285151287,0.4734765450142791,0.4742302306260426,0.36933711591102597,0.020878511430940706,0.3157851523579111,0.34245187461655013,0.3710441062221832,0.38967166898809796,0.44906711490824414,0.3613324177208209,0.02224511686985959,0.3157851523579111,0.33031254984921893,0.363794341512378,0.3873899004662284,0.38800655233039844
cohesion_fixed,nq_42,50,True,15,5,2.0,1.0,5,0;13;14;17;21,0;14;21;29,1,1,4,3,4.752438773689272,0.9504877547378545,10,8.090624904723967,4.449843697598182,3.640781207125785,-0.30259507609109004,-50.30259507609109,-46.66181386896531,-46.661813868965304,True,-0.30259507609109004,0.0,3003,0.6226762567343006,0.33821109612196043,0.013348642360912762,0.14338689534167315,0.7645628947985844,0.9589793451310777,1.0,0.9504877547378545,0.034452927962938217,0.8935789444804229,0.9136307189299204,0.9505576201586586,0.9858375313784096,1.0,0.8230620763780979,0.056310589637365405,0.7006544533727264,0.7534161255319717,0.8221172831498527,0.8895689403091531,0.9960040639598509,0.8090624904723966,0.05266751241373544,0.7235527145358642,0.7554095520752075,0.8016660325369938,0.8736415995401111,0.9062698630899018,0.45268414200795387,0.030970824300550977,0.3853599493549995,0.4143788690425845,0.45216450573241895,0.48926291717003423,0.5478022351779179,0.44498436975981814,0.028967131827554487,0.39795399299472534,0.4154752536413642,0.4409163178953466,0.48050287974706113,0.49844842469944595,0.3703779343701441,0.02533976533681443,0.31529450401772685,0.3390372564893872,0.3699527774174337,0.4003060231391189,0.44820182878193293,0.3640781207125785,0.023700380586180955,0.3255987215411389,0.3399342984338434,0.3607497146416472,0.39313871979305004,0.4078214383904558
cohesion_fixed,nq_43,50,True,15,5,2.0,1.0,5,8;26;34;35;36,,0,0,0,0,1.050378585090471,0.2100757170180942,10,6.789006493212653,3.7339535712669587,3.055052921945694,2.6835749861764877,-47.31642501382351,-44.26137209187782,-44.26137209187782,True,2.6835749861764877,0.0,3003,0.07581274248220522,0.24710400561972432,0.003892341097987937,0.004291075276528871,0.007457085021110518,0.025799168094368406,1.0,0.2100757170180942,0.3949837331865177,0.007457085021110518,0.00789240406738094,0.0168063475474908,0.6070279079540333,1.0,0.7275027627665309,0.05175440818881016,0.6286555406887996,0.6647967800858011,0.7241880967381179,0.787131280776798,0.9930370706456553,0.6789006493212653,0.03242798087113077,0.6443526407852209,0.6455175212481891,0.6657480344830562,0.7163617220892445,0.7494765327280788,0.40012651952159206,0.028464924503845586,0.34576054737883977,0.3656382290471906,0.39830345320596483,0.43292220442723883,0.5461703888551104,0.37339535712669586,0.017835389479121916,0.3543939524318715,0.355034636686504,0.36616141896568094,0.39399894714908446,0.4122120930004433,0.3273762432449389,0.02328948368496457,0.2828949933099598,0.29915855103861055,0.3258846435321531,0.35420907634955906,0.4468666817905449,0.3055052921945694,0.014592591392008851,0.2899586883533494,0.2904828845616851,0.2995866155173753,0.3223627749401601,0.3372644397276355
cohesion_fixed,nq_44,50,True,15,5,2.0,1.0,5,0;5;25;41;44,47,0,0,0,0,2.167692392974435,0.4335384785948871,10,8.5913875443638,4.7252631494000905,3.86612439496371,2.5575707564256556,-47.442429243574345,-43.57630484861064,-43.57630484861063,True,2.5575707564256556,0.0,3003,0.2345903323885867,0.2390186954226553,0.056706299187680574,0.07576670358535306,0.17400889678673861,0.4590055577812289,1.0,0.4335384785948871,0.32326929693076173,0.08869175361083383,0.13853805142884035,0.30205163471710866,0.8254566025962571,1.0,0.8905559376230471,0.03953634983866424,0.7671220927202687,0.8164073397072447,0.8985936465515634,0.9304133452201436,0.9604907647764178,0.85913875443638,0.050373377800001666,0.7671220927202687,0.7987466755426728,0.863865042910339,0.9227531346259106,0.9300586520784595,0.48980576569267587,0.021744992411265332,0.4219171509961478,0.44902403683898456,0.49422650560335984,0.511727339871079,0.5282699206270298,0.47252631494000896,0.02770535779000092,0.4219171509961478,0.43931067154847003,0.47512577360068653,0.5075142240442508,0.5115322586431528,0.40075017193037116,0.017791357427398912,0.34520494172412086,0.3673833028682601,0.40436714094820353,0.4186860053490647,0.432220844149388,0.3866124394963709,0.02266802001000075,0.34520494172412086,0.3594360039942027,0.3887392693096525,0.41523891058165974,0.41852639343530673
cohesion_fixed,nq_45,50,True,15,5,2.0,1.0,5,6;11;35;40;49,0;1;2;3;4;5;6;7;8;10;11;13;14;15;16;17;19;20;23;24;25;26;27;28;29;30;31;32;33;35;36;37;39;40;41;43;44;45;46;47;48;49,1,1,15,5,4.99606033146742,0.9992120662934839,10,8.518551726209793,4.685203449415386,3.833348276794408,-0.31085688205203343,-50.310856882052036,-46.477508605257626,-46.477508605257626,True,-0.31085688205203343,0.0,3003,0.9992720857135269,0.0012462911617858612,0.9951952674018574,0.9981079219573388,0.9997852390389154,0.9999898669543758,1.0,0.9992120662934839,0.0008740141991700565,0.9978691397175095,0.9981079219573388,0.9998675551330752,0.9999359591516543,0.9999647131587671,0.8965673873950656,0.03170772472414702,0.8219356055003086,0.8547069803793711,0.902762339083756,0.935069839366316,0.9533146059223175,0.8518551726209793,0.026453335462866823,0.8219356055003086,0.8225386329949347,0.8433211654861383,0.8825827222308867,0.9105372616088514,0.493112063067286,0.01743924859828086,0.4520645830251698,0.47008883920865413,0.4965192864960658,0.5142884116514738,0.5243230332572747,0.4685203449415386,0.014549334504576733,0.4520645830251698,0.4523962481472141,0.46382664101737603,0.48542049722698766,0.5007954938848682,0.4034553243277795,0.014268476125866163,0.36987102247513887,0.38461814117071697,0.4062430525876902,0.4207814277148423,0.42899157266504284,0.3833348276794407,0.01190400095829009,0.36987102247513887,0.3701423848477206,0.3794945244687622,0.397162225003899,0.4097417677239832
cohesion_fixed,nq_46,50,True,15,5,2.0,1.0,5,10;20;22;28;29,8;9;12,1,0,3,0,4.946537712654796,0.9893075425309592,10,8.46292831698153,4.654610574339843,3.808317742641689,-0.29192713831495265,-50.29192713831495,-46.48360939567327,-46.48360939567326,True,-0.29192713831495265,0.0,3003,0.992019548872579,0.013292169049330995,0.9505861102637396,0.9774702267835319,0.9982695028626256,0.9999580817916982,1.0,0.9893075425309592,0.01936760323413537,0.9505861102637396,0.969659467303294,0.9985713711886216,0.9995557456780574,0.999557271710669,0.8883264192005226,0.030517353134334253,0.8105155264124326,0.852226628968179,0.8910942422804693,0.9248559603600404,0.9788476870467662,0.8462928316981531,0.01916220943976381,0.8105155264124326,0.8114949328578668,0.8520368684979677,0.8641977923707129,0.866134138307158,0.48857953056028747,0.016784544223883837,0.44578353952683797,0.4687246459324985,0.4901018332542581,0.5086707781980223,0.5383662278757214,0.46546105743398425,0.01053921519187009,0.44578353952683797,0.44632221307182673,0.46862027767388226,0.4753087858038921,0.47637377606893694,0.39974688864023517,0.013732808910450417,0.36473198688559466,0.38350198303568056,0.4009924090262112,0.4161851821620181,0.44048145917104475,0.38083177426416887,0.008622994247893723,0.36473198688559466,0.36517271978604005,0.3834165908240854,0.38888900656682085,0.3897603622382211
cohesion_fixed,nq_47,50,True,15,5,2.0,1.0,5,2;16;19;29;36,2;6;9;22;36;38;40;43,1,1,3,2,4.099135489793822,0.8198270979587644,10,8.723644402056744,4.798004421131209,3.925639980925535,0.6988689313373868,-49.30113106866261,-45.375491087737075,-45.375491087737075,True,0.6988689313373868,0.0,3003,0.4596264396558828,0.2970570386104761,0.11040292289787214,0.12556905441314833,0.33715496616445384,0.8722210954253253,1.0,0.8198270979587644,0.12385385553361843,0.6824672117566136,0.6873791503939432,0.804658181935186,0.9669052151008339,1.0,0.8867764846553409,0.0356857391672401,0.7963446111201722,0.8386936303420846,0.892193678132366,0.9314880588485855,0.9731882327161061,0.8723644402056745,0.04323543229226439,0.7971885689135815,0.8184721369335404,0.8765647243374859,0.9182425599548255,0.9524649647784204,0.4877270665604375,0.019627156541982053,0.4379895361160947,0.4612814966881465,0.4907065229728013,0.512318432366722,0.5352535279938584,0.47980044211312095,0.023779487760745406,0.4384537129024698,0.45015967531344725,0.48211059838561726,0.5050334079751541,0.5238557306281312,0.3990494180949034,0.01605858262525805,0.3583550750040775,0.37741213365393805,0.40148715515956473,0.4191696264818635,0.4379347047222477,0.3925639980925535,0.01945594453151898,0.35873485601111166,0.3683124616200932,0.3944541259518687,0.4132091519796715,0.4286092341502892
cohesion_fixed,nq_48,50,True,15,5,2.0,1.0,5,1;2;3;25;34,0;1;2;4;6;7;9;16;18;41;47,1,1,5,2,4.693445346019639,0.9386890692039278,10,7.677023478348123,4.222362913091468,3.4546605652566553,-0.47108243292817154,-50.47108243292817,-47.01642186767151,-47.01642186767152,True,-0.47108243292817154,0.0,3003,0.612725422888045,0.3155680860964632,0.1915452425138488,0.23740946501758528,0.5084659531721255,0.9863449565299348,1.0,0.9386890692039278,0.09200355054363607,0.7559986128670868,0.840136517223272,0.9815852955353337,0.9958072255438676,1.0,0.7819894069464378,0.07051438975096905,0.6490571293701062,0.6916282871391205,0.7831699098710627,0.8714807734677534,0.9808060948898776,0.7677023478348123,0.08303096662575861,0.6490571293701062,0.6617405537187151,0.769876015244507,0.8783479181651637,0.90927162593952,0.43009417382054077,0.03878291436303297,0.3569814211535584,0.3803955579265163,0.4307434504290845,0.47931442540726443,0.5394433521894326,0.42223629130914675,0.04566703164416724,0.3569814211535584,0.3639573045452933,0.42343180838447886,0.48309135499084005,0.500099394266736,0.351895233125897,0.031731475387936074,0.29207570821654777,0.3112327292126042,0.3524264594419782,0.39216634806048906,0.44136274270044495,0.34546605652566553,0.03736393498159138,0.29207570821654777,0.2977832491734218,0.34644420686002814,0.3952565631743236,0.40917223167278405
cohesion_fixed,nq_49,50,True,15,5,2.0,1.0,5,1;6;20;41;45,10;21;45,1,1,1,1,1.3961955220132523,0.27923910440265043,10,7.771856230505067,4.274520926777787,3.4973353037272803,2.8783254047645346,-47.12167459523547,-43.624339291508186,-43.624339291508186,True,2.8783254047645346,0.0,3003,0.11698380047380484,0.2468064378349838,0.0034416468792690487,0.005008742668745945,0.012683794243680931,0.20294404321154036,1.0,0.27923910440265043,0.3703177448918828,0.004878433995599947,0.005482054216793012,0.16602100136011755,0.6875634408435809,1.0,0.8208419753260272,0.06359713261281733,0.7065565725144864,0.754900085664502,0.7988707592903137,0.9175893592084834,0.9665222867031614,0.7771856230505068,0.05526513055795032,0.7077655370892009,0.7327087434172773,0.7553670292657089,0.8675735598892056,0.8890551987382156,0.451463086429315,0.03497842293704952,0.38860611488296753,0.41519504711547606,0.4393789176096725,0.5046741475646659,0.5315872576867388,0.42745209267777867,0.030395821806872673,0.3892710453990605,0.40298980887950253,0.4154518660961399,0.47716545793906306,0.4889803593060186,0.3693788888967122,0.0286187096757678,0.3179504576315189,0.3397050385490259,0.3594918416806412,0.41291521164381756,0.43493502901642267,0.34973353037272803,0.02486930875107765,0.3184944916901404,0.3297189345377748,0.339915163169569,0.3904081019501425,0.400074839432197
cohesion_fixed,nq_50,50,True,15,5,2.0,1.0,5,3;12;17;28;29,,0,0,0,0,2.5551099194747704,0.5110219838949541,10,7.594973493197577,4.1772354212586675,3.41773807193891,1.6221255017838971,-48.3778744982161,-44.96013642627719,-44.960136426277195,True,1.6221255017838971,0.0,3003,0.1941964277486892,0.32181536800114163,0.0007412936282503081,0.0014668975746271295,0.00914917272576137,0.7180994228409607,1.0,0.5110219838949541,0.3892892378460222,0.0007412936282503081,0.08724178220636768,0.4216312181141248,0.9662979570635407,1.0,0.8188306649843569,0.07674335948131802,0.6020596657462578,0.6928291798979012,0.8379275774860966,0.9047311890280384,0.9362915590605765,0.7594973493197578,0.09785140792595586,0.6020596657462578,0.6711791624615217,0.7397378202625664,0.8686703351327852,0.9362915590605765,0.4503568657413963,0.04220884771472491,0.33113281616044177,0.38105604894384565,0.46086016761735316,0.4976021539654211,0.514960357483317,0.41772354212586676,0.05381827435927572,0.33113281616044177,0.36914853935383696,0.40685580114441156,0.47776868432303193,0.514960357483317,0.36847379924296064,0.03453451176659311,0.27092684958581603,0.3117731309540555,0.37706740986874343,0.4071290350626173,0.42133120157725945,0.341773807193891,0.04403313356668014,0.27092684958581603,0.30203062310768475,0.33288201911815485,0.39090165080975336,0.42133120157725945
cohesion_fixed,nq_51,50,True,15,5,2.0,1.0,5,31;34;42;43;49,2;3;4;5;6;15;17;19;20;21;22;25;26;28;29;37;38;40;42;43;45,1,1,8,2,4.891629251218168,0.9783258502436338,10,8.41789576007506,4.629842668041283,3.788053092033777,-0.2617865831768853,-50.261786583176885,-46.47373349114311,-46.47373349114311,True,-0.2617865831768853,0.0,3003,0.5870355282833698,0.3356586883279225,0.1064972079227494,0.17660850589012458,0.5566874793785468,0.9847315457964532,1.0,0.9783258502436338,0.01685329087955977,0.9498374749954576,0.9597908622383037,0.9775547703781495,0.9958064250967956,1.0,0.862697379280991,0.0438497922796168,0.7650829750332,0.8214472439865762,0.8500463076252761,0.9378917937355004,0.9747096197402245,0.841789576007506,0.040955819907576206,0.7721583280138364,0.8218296319307087,0.8381807479935695,0.8549039675882321,0.9486004185024541,0.47448355860454505,0.02411738575378924,0.42079563626826,0.4517959841926169,0.46752546919390187,0.5158404865545252,0.5360902908571235,0.46298426680412835,0.022525700949166914,0.42468708040761005,0.45200629756188976,0.46099941139646317,0.47019718217352763,0.5217302301763498,0.38821382067644594,0.019732406525827563,0.34428733876494,0.3696512597939593,0.38252083843137424,0.42205130718097517,0.43861932888310107,0.37880530920337774,0.01843011895840929,0.3474712476062264,0.36982333436881887,0.3771813365971063,0.3847067854147044,0.42687018832610435
cohesion_fixed,nq_52,50,True,15,5,2.0,1.0,5,11;23;26;34;39,,0,0,0,0,1.3968321913391848,0.27936643826783697,10,6.580139092928325,3.619076501110579,2.961062591817746,2.222244309771394,-47.7777556902286,-44.816693098410866,-44.81669309841086,True,2.222244309771394,0.0,3003,0.10186716210505416,0.24550411937708616,0.004663460369438572,0.006298719419950407,0.009735224935458791,0.15637614912164616,1.0,0.27936643826783697,0.36500832258989485,0.005742532691427073,0.04147165755962812,0.10619219574925294,0.6759328472146301,1.0,0.7191150369243071,0.06619746622492065,0.5880771985929996,0.640336851187307,0.7197019095791692,0.7970327075731451,0.9640358779516777,0.6580139092928325,0.06865532237745296,0.5901092547151223,0.5935581370846827,0.6539406778135024,0.7116648810691838,0.8279800863571871,0.39551327030836897,0.03640860642370635,0.3234424592261498,0.35218526815301887,0.39583605026854307,0.4383679891652298,0.5302197328734227,0.3619076501110579,0.03776042730759913,0.32456009009331727,0.3264569753965755,0.35966737279742633,0.3914156845880511,0.4553890474964529,0.3236017666159382,0.02978885980121429,0.2646347393668498,0.2881515830342881,0.32386585931062617,0.3586647184079153,0.43381614507825494,0.29610625918177463,0.030894895069853823,0.26554916462180506,0.26710116168810727,0.29427330501607607,0.3202491964811327,0.3725910388607342
cohesion_fixed,nq_53,50,True,15,5,2.0,1.0,5,16;17;41;43;44,0;3;4;7;9;11;13;14;22;28;34;37;41;43;44;45;46,1,1,11,3,1.1746234275758927,0.23492468551517853,10,7.091926641087197,3.900559652597959,3.191366988489239,2.7259362250220667,-47.27406377497793,-44.0826967864887,-44.0826967864887,True,2.7259362250220667,0.0,3003,0.09003233322710384,0.24458242497168464,0.004959694137032807,0.006922627547463185,0.01732804302380945,0.08539796583857778,1.0,0.23492468551517853,0.38431839677386154,0.006780734441526732,0.007463451193743026,0.05107567124400649,0.6433117982273169,1.0,0.7741979642051647,0.06328596323558185,0.5722299638779541,0.6792103188293375,0.7890810531915614,0.8463618740778938,0.9030358508903149,0.7091926641087197,0.05161108125308554,0.6369714160021454,0.644451272710258,0.7097410174282655,0.7619523547155256,0.7981891108223838,0.4258088803128406,0.034807279779570016,0.31472648013287474,0.3735656753561356,0.4339945792553588,0.4654990307428416,0.4966697179896732,0.39005596525979586,0.028386094689197044,0.35033427880117995,0.3544481999906419,0.39035755958554597,0.4190737950935391,0.43900401095231106,0.3483890838923241,0.028478683456011823,0.25750348374507936,0.30564464347320186,0.35508647393620263,0.3808628433350522,0.4063661329006417,0.31913669884892387,0.023224986563888494,0.2866371372009654,0.2900030727196161,0.31938345784271943,0.34287855962198655,0.3591850998700727
cohesion_fixed,nq_54,50,True,15,5,2.0,1.0,5,2;21;22;40;42,1;13;34;42;47,1,1,3,1,1.5065204010756492,0.3013040802151298,10,8.342245564672472,4.588235060569861,3.754010504102613,3.081714659494212,-46.91828534050579,-43.16427483640317,-43.16427483640317,True,3.081714659494212,0.0,3003,0.11609229776835119,0.24796306781101485,0.002048460275956406,0.003226307884120652,0.025885281777527774,0.24040714685034723,1.0,0.3013040802151298,0.36304425543080204,0.005125358549433111,0.01955095128039878,0.17858137219636985,0.7126497319811996,1.0,0.8756690806250961,0.05889213023272524,0.7558263161476708,0.803605243320556,0.8708893356791242,0.9491220907472673,0.9785048694943257,0.8342245564672472,0.05062073881695944,0.7558263161476708,0.7627305199777489,0.8391027047449607,0.8847673115611531,0.9347370945143906,0.48161799434380287,0.032390671627998885,0.41570447388121895,0.44198288382630585,0.47898913462351833,0.522017149910997,0.5381776782218791,0.458823506056986,0.027841406349327677,0.41570447388121895,0.4195017859877619,0.46150648760972846,0.4866220213586342,0.5141054019829148,0.39405108628129326,0.02650145860472636,0.34012184226645187,0.3616223594942502,0.39190020105560586,0.4271049408362703,0.44032719127244657,0.3754010504102613,0.022779332467631763,0.34012184226645187,0.343228733989987,0.3775962171352323,0.39814529020251893,0.4206316925314758
cohesion_fixed,nq_55,50,True,15,5,2.0,1.0,5,3;15;27;46;47,3;13;15;18;26;37,1,1,4,2,1.3461112479014088,0.26922224958028174,10,7.9296474198526266,4.3613060809189435,3.5683413389336818,3.0151948330175347,-46.98480516698247,-43.41646382804879,-43.416463828048784,True,3.0151948330175347,0.0,3003,0.09635928357615238,0.2527506258880702,0.0015187987150046636,0.0022786182368154887,0.008747038585822167,0.19652206574424624,1.0,0.26922224958028174,0.38294922837295214,0.002095530558919436,0.0048946753560147535,0.026961886517450358,0.7231841753093526,1.0,0.83622963147877,0.057302554076237196,0.699544048015416,0.763304368431574,0.8293001031841913,0.9117903768303625,0.9664707232113178,0.7929647419852627,0.054480573498344204,0.699544048015416,0.7395804985017179,0.7919346350861942,0.8464083405201812,0.9108070179411039,0.4599262973133235,0.03151640474193046,0.3847492264084788,0.41981740263736567,0.45611505675130526,0.5014847072566994,0.5315588977662248,0.4361306080918944,0.029964315424089318,0.3847492264084788,0.40676927417594483,0.43556404929740683,0.4655245872860997,0.5009438598676071,0.3763033341654465,0.025786149334306733,0.3147948216069372,0.3434869657942083,0.3731850464328861,0.4103056695736631,0.434911825445093,0.35683413389336816,0.024516258074254883,0.3147948216069372,0.3328112243257731,0.3563705857887874,0.3808837532340816,0.4098631580734967
cohesion_fixed,nq_56,50,True,15,5,2.0,1.0,5,26;28;36;40;48,,0,0,0,0,4.878788657160266,0.9757577314320534,10,7.388401911112721,4.063621051111997,3.324780860000726,-0.8151676060482691,-50.81516760604827,-47.49038674604754,-47.49038674604755,True,-0.8151676060482691,0.0,3003,0.9330376583913169,0.08424694526351437,0.7328951097589123,0.7909748507143421,0.9802181988883992,0.9998922333247666,1.0,0.9757577314320534,0.022165126385171745,0.9319392052275471,0.951250802691888,0.9886235227129061,0.9890374588040707,0.9891718333575253,0.7801170865830731,0.05663150425026204,0.686772415119918,0.7143807978709626,0.7731920331391495,0.8438760540419769,0.9983127565088373,0.7388401911112722,0.0339754100949111,0.6939255541777549,0.7011002353695107,0.740592137416953,0.7814091707343835,0.8004325698201402,0.4290643976206902,0.031147327337644127,0.37772482831595494,0.3929094388290295,0.42525561822653224,0.46413182972308725,0.5490720160798606,0.4063621051111997,0.018686475552201102,0.3816590547977652,0.3856051294532309,0.4073256755793241,0.4297750439039109,0.4402379134010771,0.3510526889623829,0.025484176912617913,0.3090475868039631,0.3214713590419332,0.3479364149126173,0.37974422431888954,0.44924074042897677,0.3324780860000725,0.015288934542709997,0.31226649937998974,0.3154951059162798,0.33326646183762887,0.3516341268304726,0.3601946564190631
cohesion_fixed,nq_57,50,True,15,5,2.0,1.0,5,0;1;2;4;6,0;1;2;4;5;38,1,1,6,4,4.295273099019019,0.8590546198038039,10,8.261734202623845,4.543953811443115,3.717780391180731,0.24868071242409595,-49.7513192875759,-46.03353889639517,-46.03353889639517,True,0.24868071242409595,0.0,3003,0.33664318130954857,0.41646741062494014,0.0005886777008341649,0.0017217040523661146,0.062494200583217765,0.9997169710320923,1.0,0.8590546198038039,0.27972805696359354,0.29960490136142665,0.578313201163702,0.9992927852109713,0.9999999046318025,1.0,0.7457573293022316,0.09976947572417909,0.548500771000665,0.6352987568766357,0.7196518679806604,0.8827119302455589,0.9698371188148246,0.8261734202623845,0.11055296487891056,0.6625845642301942,0.6716219013623713,0.8783079535144473,0.9564020056334983,0.9698371188148246,0.4101665311162274,0.054873211648298496,0.30167542405036574,0.3494143162821497,0.39580852738936323,0.4854915616350574,0.5334104153481536,0.45439538114431144,0.06080413068340081,0.3644215103266068,0.36939204574930423,0.483069374432946,0.5260211030984241,0.5334104153481536,0.33559079818600424,0.044896264075880585,0.24682534695029923,0.2858844405944861,0.32384334059129716,0.39722036861050153,0.436426703466671,0.37177803911807306,0.04974883419550974,0.2981630539035874,0.3022298556130671,0.3952385790815013,0.4303809025350742,0.436426703466671
cohesion_fixed,nq_58,50,True,15,5,2.0,1.0,5,0;1;19;34;45,,0,0,0,0,1.6298472887449684,0.32596945774899366,10,6.135741339489021,3.374657736718962,2.7610836027700594,1.7448104479739934,-48.255189552026,-45.49410594925594,-45.494105949255946,True,1.7448104479739934,0.0,3003,0.11378637139801435,0.2836573169000572,3.736677388009636e-05,4.033527485326801e-05,0.0003521159600495683,0.4049778179298474,1.0,0.32596945774899366,0.4159826316546985,3.736677388009636e-05,3.880868640843784e-05,9.588139552528754e-05,0.8518692276081449,1.0,0.6559633152437442,0.08401948358951677,0.5017713540105238,0.5776558610054511,0.6352909750649791,0.7719168287596966,0.9976584480528609,0.6135741339489021,0.07220989133755834,0.5304742709161109,0.544293208793268,0.6016499203045167,0.6734799915882045,0.7938241560409302,0.36077982338405934,0.04621071597423423,0.2759742447057881,0.31771072355299806,0.3494100362857385,0.4245542558178331,0.5487121464290735,0.3374657736718961,0.03971544023565708,0.291760849003861,0.29936126483629744,0.3309074561674842,0.37041399537351244,0.43660328582251157,0.2951834918596849,0.03780876761528255,0.22579710930473568,0.25994513745245296,0.2858809387792406,0.34736257294186346,0.44894630162378735,0.2761083602770059,0.03249445110190126,0.23871342191224987,0.2449319439569706,0.2707424641370325,0.303065996214692,0.3572208702184186
cohesion_fixed,nq_59,50,True,15,5,2.0,1.0,5,4;21;32;33;35,,0,0,0,0,1.5602162330421083,0.31204324660842164,10,6.484230710338081,3.566326890685944,2.9179038196521363,2.006110657643836,-47.99388934235616,-45.07598552270402,-45.07598552270403,True,2.006110657643836,0.0,3003,0.13691854479062776,0.2394743803242535,0.014666967948930375,0.014944113649669858,0.0626387534623279,0.21458654531291338,1.0,0.31204324660842164,0.34983612332621783,0.07382275757699291,0.07741034198065928,0.15165086643253378,0.7007803561785693,1.0,0.6889816111741396,0.07192947058078938,0.5663927547171717,0.6149624112615621,0.6812028232655992,0.7427394750625719,0.992185945396101,0.6484230710338081,0.03473109715882176,0.5965575903801702,0.6064848298318793,0.6442379745256284,0.689897680014901,0.6992520287091352,0.3789398861457768,0.03956120881943416,0.31151601509444443,0.3382293261938592,0.3746615527960796,0.40850671128441457,0.5457022699678555,0.3566326890685944,0.01910210343735197,0.3281066747090936,0.33356665640753363,0.35433088598909557,0.3794437240081956,0.38458861579002435,0.3100417250283629,0.032368261761355224,0.2548767396227272,0.276733085067703,0.3065412704695196,0.33423276377815736,0.4464836754282455,0.2917903819652136,0.01562899372146979,0.2684509156710766,0.2729181734243457,0.28990708853653274,0.31045395600670544,0.3146634129191108
cohesion_fixed,nq_60,50,True,15,5,2.0,1.0,5,1;3;17;30;35,1;3;4;5;6;17;18;22;28;35;37,1,1,10,4,4.083064488620652,0.8166128977241301,10,7.980892725757036,4.3894909991663695,3.5914017265906657,0.3064265105457178,-49.69357348945428,-46.10217176286362,-46.10217176286361,True,0.3064265105457178,0.0,3003,0.3630352501971397,0.34208048709798694,0.06580839063279133,0.0864670901481911,0.18767570962843036,0.9314323152315512,1.0,0.8166128977241301,0.17244046327215623,0.5630064128684596,0.6014886332650696,0.925376759518865,0.9741877409493368,1.0,0.774001375739864,0.05368977616675289,0.6721219432363235,0.7117178973506056,0.7612566654890717,0.8562043833981864,0.8880517670525634,0.7980892725757035,0.05426566977677834,0.7260190973878825,0.7419053158136333,0.7848609533427751,0.8793780336569614,0.8880517670525634,0.42570075665692525,0.02952937689171409,0.3696670687799779,0.3914448435428331,0.4186911660189894,0.4709124108690025,0.48842847187890986,0.43894909991663694,0.02984611837722809,0.39931050356333536,0.4080479236974983,0.43167352433852624,0.48365791851132883,0.48842847187890986,0.34830061908293886,0.0241603992750388,0.30245487445634556,0.32027305380777255,0.34256549947008225,0.38529197252918385,0.3996232951736535,0.35914017265906656,0.024419551399550248,0.32670859382454714,0.33385739211613497,0.35318742900424877,0.39572011514563266,0.3996232951736535
cohesion_fixed,nq_61,50,True,15,5,2.0,1.0,5,4;7;17;36;47,3;4;7;10;24;34;36;47,1,1,8,4,4.823144249449946,0.9646288498899891,10,7.56257556051863,4.159416558285247,3.4031590022333837,-0.6637276911646994,-50.6637276911647,-47.260568688931315,-47.260568688931315,True,-0.6637276911646994,0.0,3003,0.5593220164383835,0.3545072140739862,0.011181847429252934,0.16138616349779006,0.43729660856426794,0.9886801612931131,1.0,0.9646288498899891,0.03522271040100186,0.9072362217516751,0.9211156273232602,0.9785190695873325,0.99818168897212,1.0,0.7840019399605376,0.10672176167345412,0.599373129050258,0.6364079235544853,0.7738143929272955,0.9265802852145447,0.9707162506225401,0.7562575560518631,0.10886137921613452,0.6450744965303035,0.6454575553407762,0.7241350997489913,0.9061669270105176,0.9567208131694749,0.43120106697829574,0.05869696892039977,0.3296552209776419,0.35002435795496695,0.4255979161100125,0.5096191568679996,0.533893937842397,0.41594165582852466,0.059873758568873996,0.3547909730916669,0.3550016554374269,0.39827430486194526,0.4983918098557847,0.5261964472432112,0.35280087298224194,0.04802479275305436,0.2697179080726161,0.2863835655995184,0.34821647681728296,0.4169611283465451,0.43682231278014305,0.34031590022333835,0.048987620647260526,0.29028352343863656,0.2904558999033493,0.3258607948870461,0.4077751171547329,0.43052436592626364
cohesion_fixed,nq_62,50,True,15,5,2.0,1.0,5,6;11;14;19;20,2;11;19;20,1,1,4,3,4.476601534765985,0.8953203069531972,10,8.016470547823154,4.409058801302736,3.6074117465204196,-0.0675427334632488,-50.06754273346325,-46.46013098694283,-46.46013098694283,True,-0.0675427334632488,0.0,3003,0.5458061794779917,0.35330991595074146,0.024998272678825838,0.06317659404118108,0.5195237198227572,0.9764125102876366,1.0,0.8953203069531972,0.10951785698322646,0.7266290453472534,0.7591175016598027,0.9443043584321323,0.9991271779431892,1.0,0.8438524276840391,0.06083883999658039,0.7091776699071598,0.7665908188555381,0.8490689052601512,0.9212088893455812,0.95087316079755,0.8016470547823156,0.05560248137040467,0.7091776699071598,0.7443850448958191,0.7916229238368484,0.8693943468167202,0.8888128751680502,0.4641188352262215,0.033461361998119214,0.3900477184489379,0.421624950370546,0.46698789789308315,0.5066648891400697,0.5229802384386525,0.44090588013027354,0.030581364753722567,0.3900477184489379,0.4094117746927005,0.4353926081102666,0.4781668907491961,0.4888470813424276,0.37973359245781757,0.02737747799846118,0.3191299514582219,0.34496586848499217,0.38208100736706807,0.4145440002055115,0.42789292235889753,0.36074117465204203,0.0250211166166821,0.3191299514582219,0.3349732702031186,0.35623031572658176,0.3912274560675241,0.3999657938256226
cohesion_fixed,nq_63,50,True,15,5,2.0,1.0,5,0;4;12;13;15,0;18;49,1,1,2,1,3.374293117780343,0.6748586235560686,10,8.14030960665535,4.477170283660443,3.663139322994908,1.1028771658800998,-48.8971228341199,-45.233983511125004,-45.23398351112499,True,1.1028771658800998,0.0,3003,0.25368501580406944,0.3777941260465684,0.0076128599539524765,0.00861700339644005,0.022626165372483784,0.9652296775182783,1.0,0.6748586235560686,0.39073572848259097,0.008764055797618821,0.18491976221434717,0.922978832838462,0.9973587629219289,1.0,0.8244890228105759,0.06294815643142061,0.6600717970565935,0.740458318446794,0.8283640177686649,0.9078740005205611,0.9422032580631636,0.814030960665535,0.06272978251316406,0.7113582502398696,0.7335336210159706,0.8297554024630844,0.8769219412559844,0.9097591609884985,0.45346896254581676,0.03462148603728133,0.36303948838112643,0.4072520751457367,0.45560020977276566,0.4993307002863086,0.51821179193474,0.4477170283660442,0.03450138038224024,0.3912470376319283,0.4034434915587839,0.4563654713546965,0.4823070676907914,0.5003675385436742,0.3710200602647592,0.028326670394139275,0.29703230867546704,0.3332062433010573,0.3727638079958992,0.4085433002342525,0.42399146612842364,0.3663139322994907,0.02822840213092383,0.32011121260794134,0.3300901294571868,0.37338993110838803,0.394614873565193,0.4093916224448243
cohesion_fixed,nq_64,50,True,15,5,2.0,1.0,5,0;12;25;36;47,0;1;3;4;7;9;10;12;29;32;36,1,1,11,3,4.82950624630286,0.9659012492605721,10,8.371888670370181,4.604538768703599,3.7673499016665812,-0.22496747759926095,-50.224967477599264,-46.45761757593267,-46.45761757593268,True,-0.22496747759926095,0.0,3003,0.6750381581548139,0.3229697235151125,0.02597320994464736,0.23695415628287708,0.8479928818190589,0.9907023462807926,1.0,0.9659012492605721,0.03394437326998962,0.9170803882050143,0.9238546770268099,0.9817175121110647,0.9986768942909111,1.0,0.843917273969167,0.04729052685596076,0.7180343528058756,0.7870964364060743,0.8470879491759854,0.900445935034592,0.9365598334087873,0.8371888670370181,0.05272533782212858,0.7400844120733862,0.7852313569972023,0.8527218093982487,0.8871800637424565,0.9128865616539765,0.46415450068304187,0.02600978977077842,0.39491889404323155,0.43290304002334085,0.46589837204679196,0.49524526426902565,0.515107908374833,0.46045387687035993,0.028998935802170712,0.4070464266403624,0.43187724634846125,0.4689969951690368,0.4879490350583511,0.5020876089096871,0.3797627732861251,0.021280737085182345,0.323115458762644,0.35419339638273345,0.38118957712919344,0.40520067076556643,0.42145192503395434,0.3767349901666581,0.023726402019957862,0.33303798543302376,0.353354110648741,0.38372481422921195,0.39923102868410537,0.41079895274428946
cohesion_fixed,nq_65,50,True,15,5,2.0,1.0,5,0;3;6;9;37,0;3;4;5;6;7;9;37,1,1,8,5,4.809435886596704,0.9618871773193408,10,9.032599662622463,4.967929814442355,4.06466984818011,0.15849392784565097,-49.841506072154345,-45.77683622397424,-45.77683622397424,True,0.15849392784565097,0.0,3003,0.4910185692486752,0.41737840413291766,0.03169958165499073,0.03656765300107745,0.6605418276417427,0.9740260123240815,1.0,0.9618871773193408,0.028495356957551808,0.9183781891501285,0.9303429104419753,0.9581730535800844,0.9938378605946985,1.0,0.8867563658459126,0.03453191962352143,0.8290595965422194,0.844728319952915,0.8803100068655021,0.9388345893968091,0.9621318896970212,0.9032599662622465,0.03106407752781642,0.8489819271730679,0.8638565863417491,0.9064467494467239,0.9442445100323379,0.9599934102825345,0.48771600121525194,0.018992555792936787,0.4559827780982207,0.4646005759741032,0.48417050377602616,0.516359024168245,0.5291725393333617,0.4967929814442355,0.017085242640299016,0.46694005994518734,0.475121122487962,0.49854571219569815,0.5193344805177857,0.5279963756553939,0.39904036463066067,0.015539363830584645,0.3730768184439987,0.3801277439788117,0.39613950308947593,0.4224755652285641,0.4329593503636595,0.40646698481801086,0.013978834887517406,0.3820418672278805,0.3887354638537871,0.4079010372510258,0.42491002951455203,0.43199703462714056
cohesion_fixed,nq_66,50,True,15,5,2.0,1.0,5,9;13;16;20;26,0;3;9;11;13;16;24;26;31;34;38,1,1,7,4,4.594721764992725,0.9189443529985448,10,7.807348065027465,4.294041435765107,3.5133066292623596,-0.30068032922761834,-50.30068032922762,-46.787373699965265,-46.78737369996526,True,-0.30068032922761834,0.0,3003,0.4786638020578787,0.40648388535320057,0.015248912208777672,0.031864343427443084,0.293382890871856,0.99342168364769,1.0,0.9189443529985448,0.09469021702619149,0.7778602602358975,0.7995943045269907,0.9868899831411394,0.9991104602608228,1.0,0.831379165148673,0.08033925558809381,0.6531270598420962,0.7107937633874678,0.8360222307347205,0.9325259386211805,0.96290219040953,0.7807348065027465,0.04251233520875122,0.6960115143792851,0.7310546333411015,0.785744452713673,0.820401296067739,0.8408623100021911,0.4572585408317702,0.044186590573451597,0.3592198829131529,0.39093656986310726,0.4598122269040963,0.5128892662416493,0.5295962047252415,0.4294041435765106,0.02338178436481317,0.38280633290860683,0.4020800483376059,0.4321594489925201,0.4512207128372565,0.46247427050120515,0.3741206243169029,0.03615266501464221,0.2939071769289433,0.31985719352436054,0.3762100038306242,0.41963667237953123,0.43330598568428846,0.35133066292623594,0.019130550843938058,0.3132051814706783,0.3289745850034957,0.35358500372115287,0.3691805832304826,0.378388039500986
cohesion_fixed,nq_67,50,True,15,5,2.0,1.0,5,1;6;7;9;31,,0,0,0,0,1.722841432987692,0.3445682865975384,10,7.000849449073352,3.8504671969903437,3.1503822520830087,2.1276257640026515,-47.87237423599735,-44.72199198391435,-44.72199198391434,True,2.1276257640026515,0.0,3003,0.12283722306211063,0.2574230219954393,0.0008435461869508295,0.00177362497386915,0.011612525261100293,0.3288723676853604,1.0,0.3445682865975384,0.3531345629981438,0.003470657231903175,0.03930713822529867,0.23456490969438865,0.7566976025384033,1.0,0.720652836230283,0.09526656519442252,0.5416212232810725,0.6168641128666634,0.6982580968995594,0.8607046426519508,0.9821879902845941,0.7000849449073352,0.10569184414003611,0.5829328169584659,0.590441270042626,0.6657452676163498,0.8443161535162401,0.9057067898428386,0.3963590599266556,0.05239661085693239,0.2978916728045899,0.33927526207666486,0.38404195329475765,0.4733875534585729,0.5402033946565268,0.38504671969903437,0.05813051427701986,0.32061304932715623,0.3247426985234443,0.3661598971889924,0.46437388443393207,0.4981387344135612,0.3242937763036273,0.042869954337490135,0.24372955047648265,0.27758885078999856,0.31421614360480177,0.3873170891933778,0.44198459562806736,0.3150382252083009,0.04756132986301625,0.26231976763130965,0.26569857151918175,0.29958537042735744,0.37994226908230805,0.4075680554292774
cohesion_fixed,nq_68,50,True,15,5,2.0,1.0,5,0;2;16;33;47,4;11,0,0,0,0,1.4776379488234224,0.29552758976468446,10,8.462476448964228,4.654362046930326,3.8081144020339024,3.176724098106904,-46.8232759018931,-43.015161499859204,-43.0151614998592,True,3.176724098106904,0.0,3003,0.11106838076487202,0.2473668177074037,0.004085790780574578,0.005189102472718863,0.021976417758114944,0.20843025818446198,1.0,0.29552758976468446,0.3633667716811458,0.004085790780574578,0.03925416833323245,0.10248497921957518,0.7116241776644214,1.0,0.8544596726620374,0.042258283754034086,0.7405657847932803,0.8027119402069898,0.8501613614929202,0.9072406118781472,0.9716964205091411,0.8462476448964228,0.04616259780921161,0.7726178858974553,0.793587017510354,0.847706915414201,0.9041107452295682,0.9358053741959718,0.4699528199641205,0.023242056064718748,0.40731118163630414,0.4414915671138444,0.4675887488211061,0.49898233653298096,0.5344330312800276,0.46543620469303254,0.025389428795066393,0.4249398372436004,0.4364728596306947,0.46623880347781055,0.4972609098762626,0.5146929558077845,0.3845068526979168,0.019016227689315338,0.33325460315697614,0.36122037309314536,0.3825726126718141,0.4082582753451663,0.43726338922911345,0.3808114402033903,0.020773169014145214,0.3476780486538549,0.3571141578796592,0.38146811193639046,0.4068498353533057,0.42111241838818725
cohesion_fixed,nq_69,50,True,15,5,2.0,1.0,5,3;8;9;23;34,,0,0,0,0,2.9309044403171507,0.5861808880634303,10,6.787632268143693,3.7331977474790308,3.0544345206646617,0.8022933071618801,-49.19770669283812,-46.143272172173454,-46.14327217217346,True,0.8022933071618801,0.0,3003,0.209751533223185,0.32717413276627905,0.007914686794378538,0.009232325411485574,0.02608366840111751,0.7759667066568146,1.0,0.5861808880634303,0.3289680973394484,0.18812962295642427,0.21521103883936815,0.5809914308067547,0.9623800895560752,1.0,0.6845476034281823,0.08851542631096772,0.5330621242241766,0.6041144646829295,0.6668117782067542,0.8080387195538904,0.931255446751043,0.6787632268143693,0.06146337047087696,0.5677572957056466,0.6264487093711874,0.6675742180844184,0.7507828709219658,0.8054517472724566,0.3765011818855003,0.04868348447103224,0.29318416832329713,0.33226295557561125,0.3667464780137148,0.4444212957546397,0.5121904957130736,0.3733197747479031,0.033804853758982324,0.3122665126381056,0.344546790154153,0.3671658199464301,0.4129305790070812,0.44299846099985113,0.3080464215426821,0.03983194183993547,0.2398779559008795,0.27185150910731826,0.3000653001930394,0.36361742379925066,0.41906495103796937,0.30544345206646617,0.02765851671189463,0.25549078306754097,0.28190191921703434,0.30040839813798825,0.33785229191488464,0.3624532862726055
cohesion_fixed,nq_70,50,True,15,5,2.0,1.0,5,2;40;42;43;45,7;24,1,0,1,0,1.7823949426095185,0.3564789885219037,10,7.029385790640857,3.866162184852471,3.163223605788386,2.0837672422429527,-47.916232757757044,-44.753009151968655,-44.75300915196866,True,2.0837672422429527,0.0,3003,0.15631408623070273,0.24641854643598735,0.014453827727273855,0.016011208658681907,0.06414581532100096,0.32727521118586755,1.0,0.3564789885219037,0.3429297043357278,0.03034493608921114,0.05840914026146637,0.3182576240720369,0.7333147743713686,1.0,0.7693154302058377,0.0861716105924454,0.6088122521373979,0.6630451239875471,0.7600555316121794,0.894015822772316,0.9230323585886782,0.7029385790640859,0.06822080181281823,0.6124014363238487,0.6322535146518009,0.6929388379427683,0.7701717912663937,0.8612181281543223,0.4231234866132107,0.047394385825844966,0.3348467386755688,0.3646748181931509,0.4180305423866987,0.4917087025247738,0.507667797223773,0.3866162184852472,0.03752144099705002,0.33682078997811676,0.3477394330584905,0.38111636086852263,0.4235944851965165,0.47366997048487725,0.34619194359262695,0.03877722476660043,0.27396551346182907,0.2983703057943962,0.34202498922548075,0.40230712024754217,0.4153645613649052,0.3163223605788386,0.030699360815768212,0.2755806463457319,0.2845140815933104,0.3118224770742457,0.3465773060698772,0.38754815766944506
cohesion_fixed,nq_71,50,True,15,5,2.0,1.0,5,2;23;29;31;39,0;3;5;12;14;18;22;23;29,1,1,3,2,2.980859568168547,0.5961719136337094,10,8.704958373298915,4.787727105314403,3.917231267984512,1.8068675371458558,-48.193132462854145,-44.27590119486963,-44.27590119486963,True,1.8068675371458558,0.0,3003,0.2551146833633208,0.2899830705922579,0.06291111309801382,0.07069584515295878,0.09579688290310395,0.7022227361883007,1.0,0.5961719136337094,0.2777715890852565,0.23611922848094125,0.3009855885435559,0.5282519522088798,0.9272813035364993,1.0,0.8934424353513876,0.05973805336600915,0.7578737244721891,0.798304287032579,0.9122821096180855,0.9593858761603562,0.9725259696156057,0.8704958373298914,0.054556933114687615,0.8058049952223254,0.8063145433528932,0.8831756420312048,0.9239369956309198,0.9597263805368883,0.4913933394432632,0.03285592935130503,0.416830548459704,0.43906735786791845,0.501755160289947,0.5276622318881959,0.5348892832885831,0.47877271053144027,0.030006313213078197,0.443192747372279,0.44347299884409125,0.48574660311716267,0.5081653475970059,0.5278495092952886,0.40204909590812443,0.026882124014704124,0.3410431760124851,0.35923692916466055,0.4105269493281385,0.43172364427216026,0.4376366863270226,0.39172312679845117,0.02455061990160942,0.3626122478500464,0.3628415445088019,0.39742903891404213,0.4157716480339139,0.4318768712415997
cohesion_fixed,nq_72,50,True,15,5,2.0,1.0,5,0;1;10;17;43,0;1;2;3;4;11;14;43,1,1,8,3,2.369470297454111,0.47389405949082225,10,7.4012682114977695,4.070697516323773,3.3305706951739964,1.7012272188696622,-48.29877278113034,-44.96820208595635,-44.96820208595634,True,1.7012272188696622,0.0,3003,0.16464073490661837,0.3196980740869202,9.217856822192136e-05,9.498426440900413e-05,0.002144740580673852,0.6963970504296462,1.0,0.47389405949082225,0.40264748745663487,9.217856822192136e-05,0.011802373405308679,0.53804610752662,0.9207857382793322,1.0,0.7442388257562879,0.07985486305446554,0.5589411379130895,0.6600123398396006,0.7367257881617606,0.8597996288431209,0.9603900642861072,0.7401268211497769,0.08896156988723136,0.633054450170849,0.6597323602320312,0.7012634749167248,0.874443834685534,0.8888547734845879,0.40933135416595834,0.04392017467995605,0.30741762585219923,0.36300678691178034,0.40519918348896833,0.4728897958637165,0.528214535357359,0.4070697516323773,0.04892886343797724,0.348179947593967,0.3628527981276171,0.3856949112041987,0.48094410907704366,0.4888701254165233,0.3349074715903295,0.03593468837450949,0.2515235120608903,0.29700555292782027,0.33152660467279227,0.3869098329794044,0.4321755289287482,0.33305706951739966,0.04003270644925412,0.28487450257688207,0.296879562104414,0.3155685637125262,0.39349972560849034,0.39998464806806455
cohesion_fixed,nq_73,50,True,15,5,2.0,1.0,5,0;1;4;12;43,0;1;4,1,1,3,3,3.3132643397754595,0.6626528679550919,10,7.36322536899798,4.04977395294889,3.313451416049091,0.7365096131734301,-49.26349038682657,-45.95003897077748,-45.95003897077748,True,0.7365096131734301,0.0,3003,0.24305043615356456,0.3406328104596875,0.00456475841378493,0.0056511348018422865,0.03493845461507784,0.7801529783928233,1.0,0.6626528679550919,0.28250144167472724,0.15718118869637587,0.3388063681492841,0.7337521492871945,0.924434745785297,1.0,0.6950555412447774,0.05747998318275233,0.5796001897910623,0.640520974959473,0.6856068237864458,0.7487674027438153,0.9835149911374702,0.7363225368997981,0.07682314771868522,0.6541108222754324,0.6609095396439177,0.7082766852705185,0.8557951488587232,0.8917617871142135,0.3822805476846276,0.031613990750513785,0.31878010438508425,0.35228653622771017,0.37708375308254516,0.4118220715090984,0.5409332451256086,0.40497739529488885,0.04225273124527688,0.3597609522514878,0.36350024680415477,0.3895521768987852,0.4706873318722978,0.49046898291281743,0.31277499356014987,0.025865992432238548,0.26082008540597806,0.28823443873176285,0.3085230707039006,0.3369453312347168,0.4425817460118616,0.33134514160490913,0.03457041647340835,0.2943498700239446,0.297409292839763,0.31872450837173333,0.38510781698642543,0.40129280420139607
cohesion_fixed,nq_74,50,True,15,5,2.0,1.0,5,4;9;11;40;47,9;40;41,1,1,2,2,4.653888198221401,0.9307776396442803,10,8.103143524869306,4.456728938678118,3.646414586191188,-0.19715925954328295,-50.197159259543284,-46.5507446733521,-46.55074467335209,True,-0.19715925954328295,0.0,3003,0.46108938105963476,0.41522887139784936,0.02788645354438728,0.033993430033089016,0.2777035937021963,0.9797436468667902,1.0,0.9307776396442803,0.0668502253339549,0.8454324370985218,0.8507597868237197,0.9503966148001375,0.9997233339644901,1.0,0.7805476346822244,0.07887278600912076,0.6454990734990449,0.6964594385515571,0.7619494970354507,0.9196206795718935,0.9976602803740957,0.8103143524869306,0.06716699309486737,0.7291048907783162,0.7426227975000114,0.8080689616488317,0.8877526910026092,0.9540841899477889,0.4293011990752235,0.04338003230501642,0.3550244904244747,0.3830526912033564,0.4190722233694979,0.5057913737645415,0.5487131542057526,0.44567289386781184,0.03694184620217706,0.4010076899280739,0.40844253862500624,0.4444379289068574,0.4882639800514351,0.5247463044712839,0.35124643560700103,0.03549275370410434,0.2904745830745702,0.3134067473482007,0.3428772736659528,0.41382930580735205,0.4489471261683431,0.3646414586191188,0.030225146892690312,0.3280972008502423,0.33418025887500513,0.3636310327419743,0.39948871095117416,0.429337885476505
cohesion_fixed,nq_75,50,True,15,5,2.0,1.0,5,0;1;2;10;24,0;1;2;24,1,1,4,4,4.13181676559427,0.8263633531188541,10,7.895018737987642,4.342260305893202,3.5527584320944383,0.21044354029893153,-49.78955645970107,-46.236798027606625,-46.23679802760663,True,0.21044354029893153,0.0,3003,0.2952482910643329,0.41696999633897397,0.006526262838898013,0.010609858654771683,0.028829837959037742,0.9997134828649941,1.0,0.8263633531188541,0.31044596277253367,0.20822888510196683,0.4946589050225043,0.9992844224420099,0.9999998092587934,1.0,0.7538870370376015,0.07645486059788857,0.622897768477879,0.6623498760393935,0.7568314016383781,0.8342295576269709,0.9952675829556491,0.7895018737987641,0.09356467242507026,0.6706016930016894,0.6800464586050822,0.8054831966672336,0.8716912320136571,0.9952675829556491,0.41463787037068084,0.042050173328838716,0.3425937726628335,0.36429243182166643,0.416257270901108,0.45882625669483407,0.547397170625607,0.4342260305893203,0.05146056983378865,0.36883093115092913,0.37402555223279516,0.44301575816697847,0.4794301776075114,0.547397170625607,0.3392491666669207,0.03440468726904986,0.28030399581504556,0.2980574442177271,0.34057413073727016,0.3754033009321369,0.4478704123300421,0.35527584320944383,0.04210410259128161,0.30177076185076024,0.306020906372287,0.3624674385002551,0.39226105440614567,0.4478704123300421
cohesion_fixed,nq_76,50,True,15,5,2.0,1.0,5,0;1;3;7;10,0;1;3;10,1,1,4,4,4.160480623281103,0.8320961246562206,10,8.91446078220962,4.902953430215291,4.011507351994329,0.7424728069341882,-49.25752719306581,-45.24601984107149,-45.24601984107149,True,0.7424728069341882,0.0,3003,0.2787915679172483,0.41327625727267353,7.16842108585149e-05,0.00011870955435390316,0.004923800144849366,0.9661552129297224,1.0,0.8320961246562206,0.23055847068383653,0.38256997621779,0.5734501191317641,0.9236448760331497,0.997798175010975,1.0,0.7369783551136985,0.07935055736859108,0.560506957535375,0.6579008767997147,0.7222891284183051,0.8727764110957537,0.9828476913985371,0.8914460782209618,0.037628398104763656,0.8232521576975089,0.86467818965682,0.8859341089055727,0.9350431079002058,0.971748252683081,0.4053380953125341,0.04364280655272509,0.30827882664445627,0.3618454822398431,0.3972590206300678,0.48002702610266446,0.5405662302691954,0.490295343021529,0.020695618957619996,0.45278868673362993,0.47557300431125094,0.487263759898065,0.5142737093451132,0.5344615389756945,0.33164025980116424,0.03570775081586598,0.2522281308909188,0.29605539455987157,0.32503010778823727,0.39274938499308915,0.44228146112934175,0.4011507351994328,0.016932779147143664,0.370463470963879,0.389105185345569,0.3986703490075077,0.4207693985550926,0.4372867137073865
cohesion_fixed,nq_77,50,True,15,5,2.0,1.0,5,10;18;32;44;47,,0,0,0,0,1.0035866122076043,0.20071732244152085,10,6.263210278858168,3.444765653371993,2.8184446254861757,2.4411790411643883,-47.55882095883561,-44.74037633334944,-44.74037633334944,True,2.4411790411643883,0.0,3003,0.0679879307536166,0.24909894429742696,0.0004458226625796475,0.00046557294499074547,0.0007903207351970449,0.006105840721554064,1.0,0.20071732244152085,0.39964153997238466,0.0004894314381070378,0.0005557256479378969,0.0007911840532882158,0.60066033190141,1.0,0.7031597433977556,0.06484194149360267,0.5717955066355039,0.6252438856099898,0.702289825174537,0.7795443688911834,0.9617283123206698,0.6263210278858169,0.03586861978131205,0.5751645971971603,0.5903689459189468,0.6211041790089488,0.6465397342497282,0.7186413444849697,0.38673785886876555,0.03566306782148147,0.31448752864952717,0.34388413708549437,0.38625940384599533,0.4287494028901509,0.5289505717763684,0.3444765653371993,0.019727740879721616,0.3163405284584382,0.32470292025542075,0.3416072984549218,0.35559685383735057,0.39525273946673334,0.31642188452898995,0.029178873672121207,0.25730797798597677,0.2813597485244954,0.31603042132854164,0.35079496600103255,0.4327777405443014,0.28184446254861756,0.01614087890159043,0.2588240687387221,0.26566602566352604,0.27949688055402694,0.2909428804123777,0.3233886050182364
cohesion_fixed,nq_78,50,True,15,5,2.0,1.0,5,0;13;23;28;38,0;16;19;25;28,1,1,5,2,4.0424335851818185,0.8084867170363637,10,8.174135103336928,4.49577430683531,3.678360796501617,0.4533407216534915,-49.54665927834651,-45.86829848184489,-45.86829848184489,True,0.4533407216534915,0.0,3003,0.3939536831841171,0.3183217571186517,0.07567986344147014,0.0869572283041766,0.25120853015749417,0.907807400288652,1.0,0.8084867170363637,0.17489413788971994,0.5240953428895345,0.6106477593565777,0.794548573262164,0.993325313989191,1.0,0.8128695239824947,0.060971067013371225,0.712778694575816,0.7443822495082242,0.7986264156001938,0.8985896873065106,0.9915280976422803,0.8174135103336928,0.03707821371142914,0.7453321036601522,0.7746448104221051,0.8204976979287877,0.8604096191663348,0.8632239165768341,0.44707823819037207,0.03353408685735418,0.3920282820166988,0.4094102372295233,0.43924452858010654,0.4942243280185808,0.5453404537032542,0.449577430683531,0.020393017541286033,0.40993265701308373,0.4260546457321578,0.45127373386083325,0.4732252905414842,0.47477315411725873,0.36579128579212256,0.02743698015601705,0.3207504125591172,0.3349720122787009,0.3593818870200872,0.4043653592879297,0.4461876439390261,0.36783607965016174,0.016685196170143104,0.3353994466470685,0.3485901646899473,0.36922396406795444,0.3871843286248507,0.3884507624595753
cohesion_fixed,nq_79,50,True,15,5,2.0,1.0,5,0;1;9;21;45,0;1;2;37,1,1,3,2,3.3633408671290583,0.6726681734258118,10,8.260598644210681,4.543329254315873,3.7172693898948057,1.1799883871868149,-48.82001161281318,-45.10274222291838,-45.10274222291838,True,1.1799883871868149,0.0,3003,0.32106894564243726,0.30980382161081166,0.004240662928717743,0.015733119702036683,0.2613122566915081,0.8007193250629694,1.0,0.6726681734258118,0.2680318904260894,0.37735295674433295,0.41861470662165423,0.5128451115264205,0.9970541869682676,1.0,0.7919932949480412,0.07836522273249409,0.5907939037175113,0.6935017475736357,0.7984566304394476,0.9010016760146387,0.9445360015674811,0.8260598644210679,0.07295922506230179,0.7593157400778993,0.759598148259013,0.7872743499617031,0.9422829816278312,0.9445360015674811,0.43559631222142264,0.04310087250287176,0.3249366470446312,0.38142596116549965,0.4391511467416962,0.49555092180805127,0.5194948008621146,0.45433292543158743,0.040127573784265985,0.4176236570428446,0.4177789815424571,0.4330008924789367,0.5182556398953071,0.5194948008621146,0.3563969827266185,0.03526435022962234,0.26585725667288007,0.3120757864081361,0.3593054836977514,0.4054507542065874,0.42504120070536644,0.37172693898948056,0.0328316512780358,0.34169208303505466,0.3418191667165558,0.3542734574827664,0.42402734173252404,0.42504120070536644
cohesion_fixed,nq_80,50,True,15,5,2.0,1.0,5,3;4;8;13;31,0;2;3;4;7;8;13;14,1,1,8,4,4.815651579859343,0.9631303159718685,10,8.094359123819027,4.4518975181004645,3.6424616057185624,-0.36375406175887814,-50.363754061758875,-46.72129245604031,-46.72129245604032,True,-0.36375406175887814,0.0,3003,0.605366098075679,0.4612928052543007,0.0018861885145819673,0.002634943101520106,0.9851962266539164,0.9996807194074975,1.0,0.9631303159718685,0.06962091784208266,0.8239310351462142,0.8922807579650783,0.9979150555289834,0.9995485103950692,0.9997422579938053,0.8039183760078268,0.073880133101064,0.5757846434577208,0.7088759217133251,0.8171810900701715,0.8963301134728731,0.9734202165681397,0.8094359123819027,0.0643987513852555,0.7028151678774731,0.711504649478598,0.8340802309473812,0.8701002269964723,0.9051889582242167,0.4421551068043047,0.0406340732055852,0.31668155390174646,0.38988175694232885,0.4494495995385943,0.4929815624100802,0.5353811191124769,0.44518975181004644,0.035419313261890524,0.3865483423326102,0.3913275572132289,0.45874412702105966,0.47855512484805973,0.4978539270233192,0.36176326920352203,0.033246059895478804,0.2591030895559744,0.31899416477099635,0.36773149053157717,0.4033485510627929,0.43803909745566283,0.3642461605718562,0.028979438123364974,0.3162668255448629,0.3201770922653691,0.3753361039263215,0.39154510214841254,0.40733503120089753
cohesion_fixed,nq_81,50,True,15,5,2.0,1.0,5,5;8;14;32;47,0;1;2;3;4;5;7;8;9;10;11;12;13;15;18;23;25;26;27;28;29;31;33;35;36;37;39;41;43;45;47,1,1,12,3,4.911815300115798,0.9823630600231595,10,8.295594145236377,4.562576779880008,3.73301736535637,-0.34923852023579016,-50.34923852023579,-46.616221154879426,-46.61622115487942,True,-0.34923852023579016,0.0,3003,0.9556360351259511,0.043820349129728896,0.8378110580897445,0.9147917900107647,0.9653097996784124,0.9962009105768258,1.0,0.9823630600231595,0.026246415042360714,0.9303171827315633,0.9545898418110819,0.9922636828833858,0.9992942416281956,1.0,0.8572666963609441,0.042879942052637746,0.7488755089810861,0.8122464366343091,0.850743662243188,0.9146220074462911,0.9576486150335077,0.8295594145236377,0.04264972628941637,0.7488755089810861,0.7804642830542943,0.8273603016781196,0.8723996971392604,0.9056556011653755,0.47149668299851927,0.023583968128950757,0.41188152993959737,0.44673554014886996,0.4679090142337534,0.5030421040954601,0.5267067382684293,0.45625767798800076,0.023457349459178996,0.41188152993959737,0.42925535567986184,0.45504816592296576,0.4798198334265932,0.4981105806409565,0.3857700133624249,0.019295973923686986,0.33699397904148876,0.36551089648543905,0.38283464800943456,0.41157990335083094,0.43094187676507845,0.373301736535637,0.019192376830237376,0.33699397904148876,0.35120892737443243,0.3723121357551538,0.3925798637126672,0.407545020524419
cohesion_fixed,nq_82,50,True,15,5,2.0,1.0,5,3;12;18;27;44,3;5;35,1,1,2,1,2.229149693877236,0.44582993877544724,10,7.609242606668382,4.18508343366761,3.424159173000772,1.9559337397903738,-48.044066260209625,-44.61990708720886,-44.61990708720886,True,1.9559337397903738,0.0,3003,0.22197186688458775,0.24780546734839207,0.04542897127785119,0.05181697865119579,0.144107765186718,0.4788738009026159,1.0,0.44582993877544724,0.3207190292184745,0.04542897127785119,0.12812506539519314,0.40028554357145696,0.8125063889826888,1.0,0.7964309358553798,0.0565330081241583,0.6497148408830132,0.709129756767814,0.8086739878230855,0.8600678425568058,0.8987229663099201,0.7609242606668382,0.05537303509769637,0.681514053209018,0.699797538864177,0.7646716094550619,0.8411115389432673,0.8532685246854209,0.4380370147204589,0.031093154468287063,0.3573431624856573,0.3900213662222977,0.44477069330269703,0.47303731340624317,0.4942976314704561,0.418508343366761,0.030455169303733008,0.3748327292649599,0.38488864637529735,0.420569385200284,0.46261134641879703,0.4692976885769815,0.3583939211349209,0.025439853655871234,0.29237167839735595,0.3191083905455163,0.3639032945203885,0.38703052915056263,0.404425334839464,0.3424159173000772,0.024917865793963365,0.3066813239440581,0.31490889248887965,0.34410222425477777,0.37850019252447026,0.3839708361084394
cohesion_fixed,nq_83,50,True,15,5,2.0,1.0,5,6;25;40;41;46,,0,0,0,0,2.330211822603827,0.4660423645207653,10,7.450482060652504,4.097765133358878,3.352716927293627,1.7675533107550505,-48.23244668924495,-44.87972976195134,-44.879729761951324,True,1.7675533107550505,0.0,3003,0.2093567843581715,0.30115717760505367,0.01147543194462421,0.01372970208680191,0.08697339557571879,0.6537380090718189,1.0,0.4660423645207653,0.4077821572363804,0.05921964846128936,0.07305871262933966,0.2628345504242715,0.9657361259347403,1.0,0.7986306786778249,0.061376185779037674,0.7024610736520251,0.7330102696221371,0.7855581899670803,0.8971004383398523,0.9804067090823206,0.7450482060652505,0.0262738030538209,0.7161534578648674,0.7226121006972733,0.7345261472272264,0.7741362796261654,0.8055835193333333,0.4392468732728037,0.03375690217847072,0.38635359050861384,0.40315564829217543,0.43205700448189416,0.49340524108691874,0.5392236899952764,0.40977651333588777,0.014450591679601495,0.3938844018256771,0.39743665538350037,0.4039893809749746,0.42577495379439095,0.44307093563333333,0.35938380540502124,0.027619283600566952,0.3161074831434113,0.3298546213299617,0.3535011854851861,0.4036951972529335,0.44118301908704427,0.3352716927293627,0.011823211374219406,0.3222690560391903,0.32517544531377296,0.3305367662522519,0.34836132583177437,0.36251258369999995
cohesion_fixed,nq_84,50,True,15,5,2.0,1.0,5,28;30;35;36;42,25,1,0,1,0,1.001997143021794,0.2003994286043588,10,7.135132356946623,3.9243227963206424,3.2108095606259797,2.9223256532988486,-47.07767434670115,-43.866864786075176,-43.86686478607517,True,2.9223256532988486,0.0,3003,0.06901067468827236,0.24883166251332517,0.0001717044602358762,0.00023939384855203052,0.0012548051709961713,0.00777649151789833,1.0,0.2003994286043588,0.3998004790794696,0.0001717044602358762,0.00020052175688318972,0.00032688568870769185,0.6005019220683986,1.0,0.7894621795582725,0.08070312189893128,0.653025674704045,0.7015565217091704,0.7605507169506329,0.9210535135547608,0.9549124593024526,0.7135132356946622,0.04258531730955798,0.653025674704045,0.6817440865552259,0.6953121613168507,0.7651056165960171,0.8040923347323066,0.4342041987570498,0.04438671704441221,0.3591641210872248,0.3858560869400437,0.4183028943228481,0.5065794324551184,0.5252018526163489,0.39243227963206423,0.023421924520256897,0.3591641210872248,0.37495924760537425,0.38242168872426785,0.42080808912780937,0.44225078410276863,0.35525798080122256,0.03631640485451908,0.29386155361682026,0.3157004347691267,0.3422478226277848,0.41447408109964234,0.4297106066861037,0.321080956062598,0.019163392789301088,0.29386155361682026,0.30678483894985165,0.3128904725925828,0.34429752746820763,0.36184155062953793
cohesion_fixed,nq_85,50,True,15,5,2.0,1.0,5,4;7;18;35;37,1;3;8;37;39,1,1,4,1,4.757869935122138,0.9515739870244276,10,8.338389629969738,4.5861142964833554,3.752275333486382,-0.17175563863878285,-50.171755638638786,-46.4194803051524,-46.4194803051524,True,-0.17175563863878285,0.0,3003,0.608798044890444,0.2741006917221734,0.24529432948201832,0.294930384024283,0.5424175285606994,0.9801817113211501,1.0,0.9515739870244276,0.0544375712956486,0.8472748570456359,0.8897832443672757,0.9702392015745502,0.9947240204608867,1.0,0.8353978242713452,0.04339205435951928,0.7464401163217447,0.783131816375846,0.829265150852083,0.8945067868123951,0.9695955161727549,0.8338389629969738,0.03676219216295404,0.776077022880982,0.7877281557228666,0.8382134385505781,0.8708011101849854,0.8968046070724546,0.4594688033492399,0.023865629897735604,0.4105420639769596,0.4307224990067153,0.45609583296864564,0.4919787327468173,0.5332775338950152,0.4586114296483356,0.020219205689624715,0.4268423625845401,0.4332504856475766,0.4610173912028179,0.478940610601742,0.49324253388985,0.37592902092210534,0.019526424461783674,0.3358980523447851,0.3524093173691307,0.3731693178834373,0.40252805406557784,0.43631798227773966,0.37522753334863823,0.01654298647332932,0.3492346602964419,0.35447767007528996,0.37719604734776013,0.3918604995832434,0.40356207318260456
cohesion_fixed,nq_86,50,True,15,5,2.0,1.0,5,0;11;17;39;45,0;12;14;16;31;35;39,1,1,6,2,1.2126098760756636,0.24252197521513272,10,6.870064431662727,3.7785354374145,3.091528994248227,2.5659255613388363,-47.43407443866116,-44.342545444412934,-44.342545444412934,True,2.5659255613388363,0.0,3003,0.09212889957298769,0.2437943857643593,0.004409155906447194,0.004733800067022125,0.023644470746828284,0.07820265467155704,1.0,0.24252197521513272,0.3793990483054995,0.023644470746828284,0.02958918907099901,0.06036414295695542,0.63603799832585,1.0,0.7096300453051817,0.05355412928088199,0.6059545947349008,0.6326268575863112,0.71660229274466,0.7622797165868472,0.9661662618098993,0.6870064431662728,0.05028066848579377,0.6059545947349008,0.6269221914986111,0.7078615173245408,0.7422119174843317,0.7513175047689582,0.39029652491785,0.029454771104485095,0.33327502710419543,0.3479447716724712,0.394131261009563,0.419253844122766,0.5313914439954446,0.37785354374144997,0.027654367667186562,0.33327502710419543,0.34480720532423614,0.3893238345284975,0.4082165546163824,0.413224627622927,0.31933352038733176,0.0240993581763969,0.27267956763070533,0.28468208591384003,0.322471031735097,0.3430258724640813,0.4347748178144547,0.30915289942482277,0.0226263008186072,0.27267956763070533,0.28211498617437497,0.31853768279604344,0.3339953628679493,0.3380928771460312
cohesion_fixed,nq_87,50,True,15,5,2.0,1.0,5,0;1;4;37;49,0;1;4;12;30,1,1,3,3,3.0200441773185416,0.6040088354637083,10,7.217692124377784,3.969730668407781,3.2479614559700023,0.9496864910892393,-49.05031350891076,-45.80235205294076,-45.802352052940755,True,0.9496864910892393,0.0,3003,0.20552516730999779,0.3917575142731872,0.00020712656356826705,0.0002456149907434459,0.0015365596948333788,0.9856468647777336,1.0,0.6040088354637083,0.47112492479384305,0.0007025523255278143,0.022189821881120043,0.9665283724468482,0.9993570105326629,1.0,0.7380659413004786,0.08339786503716505,0.5652469298057227,0.6389652145961875,0.7314328754375733,0.8531205985164613,0.922670357022529,0.7217692124377784,0.08861899131467033,0.5891786739766923,0.6294120394589826,0.7123433893203917,0.8142197487734457,0.9017270695001425,0.40593626771526325,0.045868825770440776,0.31088581139314747,0.35143086802790313,0.4022880814906653,0.4692163291840537,0.5074686963623909,0.3969730668407781,0.04874044522306867,0.3240482706871808,0.34617662170244046,0.39178886412621544,0.44782086182539516,0.49594988822507835,0.33212967358521533,0.037529039266724275,0.2543611184125752,0.28753434656828436,0.329144793946908,0.3839042693324076,0.4152016606601381,0.3247961455970002,0.039878546091601644,0.26513040328951154,0.28323541775654215,0.32055452519417627,0.36639888694805056,0.4057771812750641
cohesion_fixed,nq_88,50,True,15,5,2.0,1.0,5,2;4;5;13;15,2;4;31,1,1,2,2,1.9764431429098195,0.3952886285819639,10,8.886994540073045,4.887846997040176,3.9991475430328705,2.9114038541303566,-47.088596145869644,-43.08944860283677,-43.089448602836775,True,2.9114038541303566,0.0,3003,0.15352783926381985,0.25353059511850806,0.0031350495632384468,0.00940792917439104,0.0412701753316534,0.3447592709651559,1.0,0.3952886285819639,0.3212517794595973,0.046278637634541986,0.12879922539541527,0.3089568398898773,0.74745102333947,1.0,0.9020234126641986,0.024255364311340646,0.8463907534449229,0.870909369042614,0.9003820025191577,0.934998667637622,0.9876473621272401,0.8886994540073048,0.021573197976900355,0.8463907534449229,0.8580437589847472,0.8930354946841732,0.9108180437862016,0.9196162989791664,0.4961128769653092,0.013340450371237352,0.4655149143947076,0.4790001529734377,0.4952101013855367,0.5142492672006921,0.543206049169982,0.48878469970401756,0.01186525888729518,0.4655149143947076,0.471924067441611,0.4911695220762953,0.5009499240824108,0.5057889644385415,0.40591053569888935,0.010914913940103292,0.38087583905021527,0.3919092160691763,0.40517190113362095,0.4207494004369299,0.4444413129572581,0.3999147543032871,0.009707939089605176,0.38087583905021527,0.3861196915431362,0.40186597260787793,0.4098681197037907,0.4138273345406249
cohesion_fixed,nq_89,50,True,15,5,2.0,1.0,5,6;20;27;30;35,14;22;23;25;40,1,0,1,0,3.663532636287755,0.732706527257551,10,8.466505197747969,4.656577858761382,3.8099273389865855,0.9930452224736275,-49.006954777526374,-45.19702743853979,-45.19702743853979,True,0.9930452224736275,0.0,3003,0.3065805495403599,0.33376927874238554,0.03183053847653056,0.03600546398628747,0.12865250444405416,0.8760738722713859,1.0,0.732706527257551,0.22978488048889323,0.44347400219722954,0.45444763240011443,0.8670823078013209,0.9528272994339051,1.0,0.8409754050248991,0.03868514467179248,0.7503727839549656,0.7932080632346411,0.8370337629623088,0.8904913810089008,0.9834188980011093,0.8466505197747969,0.03987942658443191,0.7983203753827163,0.8057207611198545,0.840517558224066,0.903278604095362,0.9219697855224427,0.4625364727636946,0.021276829569485865,0.4127050311752311,0.43626443477905263,0.46036856962926986,0.48977025955489545,0.5408803939006102,0.46565778587613826,0.021933684621437546,0.43907620646049395,0.44314641861592,0.4622846570232363,0.4968032322524491,0.5070833820373435,0.3784389322612046,0.017408315102306615,0.33766775277973454,0.35694362845558847,0.37666519333303894,0.40072112145400535,0.4425385041004991,0.38099273389865856,0.01794574196299436,0.35924416892222233,0.3625743425039345,0.37823290120082975,0.4064753718429129,0.4148864034850992
cohesion_fixed,nq_90,50,True,15,5,2.0,1.0,5,0;3;17;37;40,0;10;17,1,1,2,2,2.1801531117161046,0.43603062234322093,10,6.4796463354557945,3.5638054845006866,2.9158408509551075,1.383652372784582,-48.61634762721542,-45.70050677626031,-45.70050677626031,True,1.383652372784582,0.0,3003,0.1678514457326642,0.28960198380410385,0.015735436272346182,0.016436261831939823,0.03214352472174815,0.5856276612930239,1.0,0.43603062234322093,0.37783312106931805,0.015735436272346182,0.0297390430766135,0.4128813600171117,0.8803167448574529,1.0,0.629304068449633,0.06414387452175682,0.5306693767927331,0.5505911974319244,0.6206368430613721,0.7026826563890033,0.8820244351589457,0.6479646335455794,0.1392477407663347,0.5306693767927331,0.5369511150019084,0.5685603902827381,0.8598292747430062,0.8820244351589457,0.3461172376472981,0.03527913098696625,0.2918681572360032,0.30282515858755843,0.34135026368375465,0.3864754610139518,0.4851134393374201,0.3563805484500687,0.0765862574214841,0.2918681572360032,0.2953231132510496,0.3127082146555059,0.47290610110865344,0.4851134393374201,0.28318683080233487,0.028864743534790564,0.2388012195567299,0.247766038844366,0.27928657937761747,0.3162071953750515,0.39691099582152556,0.29158408509551076,0.06266148334485061,0.2388012195567299,0.24162800175085875,0.25585217562723217,0.3869231736343528,0.39691099582152556
cohesion_fixed,nq_91,50,True,15,5,2.0,1.0,5,0;5;7;9;42,,0,0,0,0,4.012780179290184,0.8025560358580368,10,8.367339007437034,4.602036454090371,3.7653025533466655,0.5892562748001868,-49.410743725199815,-45.64544117185315,-45.64544117185315,True,0.5892562748001868,0.0,3003,0.2739381659973322,0.4354490602993926,0.0039030096866564884,0.004205304035051234,0.015173702973075473,0.999446708813492,1.0,0.8025560358580368,0.38679853101302186,0.029043561605460892,0.4113721817119829,0.9993809733714113,0.9997962129766182,1.0,0.7841991045297706,0.0731754319342203,0.6213983510756239,0.6913342196001321,0.7864933517526329,0.8956837170186083,0.9439160576211183,0.8367339007437036,0.0746070981527284,0.7349168748060746,0.7431096071438079,0.8379942589190978,0.9205119579457034,0.928465223666087,0.4313095074913738,0.04024648756382116,0.34176909309159315,0.3802338207800727,0.4325713434639481,0.49262604436023455,0.5191538316916151,0.4602036454090369,0.04103390398400063,0.404204281143341,0.40871028392909436,0.4608968424055038,0.5062815768701369,0.5106558730163478,0.35288959703839673,0.03292894437039913,0.27962925798403077,0.3111003988200594,0.3539220082886848,0.4030576726583737,0.4247622259295032,0.37653025533466655,0.03357319416872777,0.3307125936627336,0.3343993232147136,0.377097416513594,0.41423038107556653,0.4178093506497391
cohesion_fixed,nq_92,50,True,15,5,2.0,1.0,5,0;6;14;15;20,,0,0,0,0,1.5304056742120913,0.3060811348424183,10,7.839237658246305,4.311580712035468,3.527656946210837,2.7811750378233766,-47.218824962176626,-43.69116801596579,-43.691168015965786,True,2.7811750378233766,0.0,3003,0.1220623751401824,0.2537216947783233,0.0006290177622452876,0.0006786177840847291,0.007114913086397264,0.28227302637213053,1.0,0.3060811348424183,0.3707431741091673,0.0006290177622452876,0.0006494899405625832,0.17592424286476943,0.7412688861508152,1.0,0.8631957414701328,0.08642600545717981,0.6623872755399656,0.7260945712639066,0.8936372209055877,0.9495557173203011,0.9682958237601474,0.7839237658246304,0.10135865626639042,0.6623872755399656,0.7031939547807864,0.7395183867896014,0.9405229866818448,0.9497060186334092,0.474757657808573,0.0475343030014489,0.36431300154698104,0.39935201419514865,0.49150047149807324,0.5222556445261656,0.5325627030680811,0.4311580712035467,0.05574726094651474,0.36431300154698104,0.3867566751294325,0.40673511273428076,0.5172876426750147,0.5223383102483751,0.38843808366155974,0.03889170245573091,0.29807427399298453,0.326742557068758,0.4021367494075145,0.4273000727941355,0.4357331206920664,0.3527656946210837,0.04561139531987568,0.29807427399298453,0.3164372796513539,0.3327832740553206,0.4232353440068301,0.42736770838503413
cohesion_fixed,nq_93,50,True,15,5,2.0,1.0,5,0;3;14;31;39,,0,0,0,0,1.0055996326969479,0.20111992653938957,10,6.628492892941423,3.6456710911177828,2.98282180182364,2.640071458420835,-47.359928541579166,-44.37710673975553,-44.377106739755526,True,2.640071458420835,0.0,3003,0.06728167586146676,0.24928141754668623,0.0001275768515013083,0.00014312704715769455,0.0004057404089092263,0.0029181452744308388,1.0,0.20111992653938957,0.39944281591988423,0.00013630837133079554,0.00024440201810511036,0.0008005558516453542,0.6017024903942821,1.0,0.695599331023633,0.07168998652998865,0.5651726995929294,0.6289931089925979,0.6854908017453895,0.7840249064598763,0.9206090355894723,0.6628492892941422,0.06982899631471665,0.5749087096153641,0.583915537069239,0.6573471481393978,0.7206091217785335,0.8274763502352551,0.38257963206299817,0.03942949259149376,0.31084498477611117,0.34594620994592884,0.3770199409599642,0.431213698552932,0.5063349695742098,0.36456710911177825,0.03840594797309417,0.31619979028845024,0.3211535453880815,0.36154093147666877,0.39633501697819346,0.45511199262939034,0.31301969896063486,0.032260493938494894,0.2543277148168182,0.283046899046669,0.30847086078542524,0.3528112079069443,0.4142740660152625,0.298282180182364,0.03142304834162248,0.25870891932691387,0.2627619916811576,0.295806216662729,0.3242741048003401,0.3723643576058648
cohesion_fixed,nq_94,50,True,15,5,2.0,1.0,5,0;2;19;22;42,0;2,1,1,2,2,1.2727098263332963,0.25454196526665923,10,7.324300789918518,4.028365434455185,3.2959353554633335,2.7556556081218884,-47.24434439187811,-43.94840903641479,-43.94840903641478,True,2.7556556081218884,0.0,3003,0.0962623294881197,0.24479423044928142,0.00196237750899428,0.0030760157110679047,0.012043880682518134,0.12889464686657243,1.0,0.25454196526665923,0.37641203003879903,0.008699034034177973,0.010036972693514038,0.11142750051693806,0.6562157644398648,1.0,0.7748833417374595,0.0632458198733966,0.5965856313761436,0.6799470695272062,0.787375597955326,0.8467087394289218,0.8928032000283351,0.7324300789918519,0.064658998217579,0.619976507833113,0.6260143184262951,0.7557775757045289,0.7915491489349777,0.8194067906135885,0.4261858379556028,0.03478520093036813,0.328122097256879,0.3739708882399634,0.43305657887542925,0.465689806685907,0.4910417600155843,0.40283654344551845,0.03556244901966844,0.34098707930821215,0.34430787513446226,0.4156776666374909,0.43535203191423777,0.45067373483747364,0.34869750378185677,0.02846061894302847,0.2684635341192646,0.30597618128724274,0.3543190190798967,0.3810189327430148,0.4017614400127508,0.3295935355463333,0.029096549197910555,0.27898942852490083,0.28170644329183275,0.340099909067038,0.35619711702074,0.3687330557761148
cohesion_fixed,nq_95,50,True,15,5,2.0,1.0,5,0;3;4;8;26,0;3;4;8;23;26;29;35;38;43;49,1,1,7,5,4.800861419032948,0.9601722838065896,10,9.343623713911285,5.138993042651207,4.204630671260078,0.338131623618259,-49.66186837638174,-45.45723770512166,-45.45723770512166,True,0.338131623618259,0.0,3003,0.4499389182657781,0.4208036198770902,0.019456776949728347,0.021023315094440026,0.22991967813942857,0.9999148835994937,1.0,0.9601722838065896,0.04900645344246132,0.891956531411018,0.8988069234397831,0.9998927104195298,0.9999718662877878,1.0,0.8718118059685195,0.04388818983093583,0.7777511278870038,0.8135503232203728,0.8706309746305245,0.9279790552012843,0.9831956873074224,0.9343623713911284,0.027174118051365045,0.9023803745024108,0.9035197621248928,0.9233151938853921,0.9647447142514948,0.9831956873074224,0.47949649328268573,0.024138504407014705,0.42776312033785213,0.447452677771205,0.47884703604678847,0.5103884803607064,0.5407576280190823,0.5138993042651206,0.014945764928250792,0.49630920597632594,0.49693586916869104,0.5078233566369657,0.5306095928383221,0.5407576280190823,0.39231531268583375,0.01974968542392112,0.3499880075491517,0.36609764544916773,0.39178393858373606,0.41759057484057793,0.44243805928834,0.42046306712600784,0.012228353123114252,0.4060711685260849,0.4065838929562018,0.4154918372484265,0.4341351214131727,0.44243805928834
cohesion_fixed,nq_96,50,True,15,5,2.0,1.0,5,1;8;10;25;36,0;1;25;36,1,1,4,3,4.83700344674578,0.967400689349156,10,7.6301882933491765,4.196603561342047,3.4335847320071298,-0.6403998854037329,-50.64039988540373,-47.206815153396605,-47.206815153396605,True,-0.6403998854037329,0.0,3003,0.5922237128014785,0.3922507862279482,0.005015525610173189,0.03720062056597274,0.547771826825136,0.9999867676315284,1.0,0.967400689349156,0.04995135869126137,0.8709848246387456,0.9090597132052429,0.9998571857889281,0.9999957561052469,1.0,0.7804162595005537,0.08274413014758472,0.617840137230315,0.6821626911554209,0.7694551060320218,0.8845839543388604,0.997466443872652,0.7630188293349177,0.08942810161907229,0.6812127971396399,0.6899414475972876,0.7244782894973638,0.8888877542259571,0.9748595644992462,0.42922894272530454,0.045509271581171594,0.33981207547667325,0.37518948013548153,0.423200308317612,0.48652117488637325,0.5486065441299586,0.4196603561342048,0.04918545589048976,0.37466703842680193,0.3794677961785081,0.3984630592235501,0.48888826482427644,0.5361727604745854,0.35118731677524917,0.03723485856641313,0.2780280617536417,0.3069732110199394,0.3462547977144098,0.3980627794524872,0.44885989974269347,0.343358473200713,0.04024264572858252,0.30654575871283796,0.3104736514187794,0.3260152302738137,0.3999994894016807,0.43868680402466076
cohesion_fixed,nq_97,50,True,15,5,2.0,1.0,5,25;29;35;47;49,8;13;47,1,1,2,1,4.791482239793574,0.9582964479587147,10,8.26671142596369,4.546691284280029,3.7200201416836607,-0.2447909555135448,-50.244790955513544,-46.52477081382989,-46.52477081382988,True,-0.2447909555135448,0.0,3003,0.5072949758534023,0.4006914013368117,0.025381839255273556,0.032202740645079636,0.6336003784076718,0.985255045840248,1.0,0.9582964479587147,0.04258213153674458,0.88355174977808,0.9060612045523901,0.9780400807036751,0.9960260090391853,1.0,0.8052104378904669,0.05744845759248502,0.6789276389128291,0.7358026792670478,0.80750328701561,0.8632444786703638,0.9881148490765469,0.826671142596369,0.03248062979803875,0.7668763564899084,0.79061733588753,0.833417998840688,0.8600722512402396,0.8883167699892744,0.4428657408397567,0.03159665167586676,0.37341020140205605,0.40469147359687624,0.4441268078585855,0.4747844632687001,0.5434631669921008,0.454669128428003,0.017864346388921315,0.4217819960694496,0.4348395347381415,0.45837989936237844,0.47303973818213174,0.48857422349410096,0.36234469705071004,0.025851805916618256,0.3055174375107731,0.3311112056701715,0.36337647915702453,0.3884600154016637,0.44465168208444605,0.37200201416836604,0.014616283409117437,0.34509436042045877,0.3557778011493885,0.3750380994783096,0.38703251305810776,0.3997425464951735
cohesion_fixed,nq_98,50,True,15,5,2.0,1.0,5,0;2;33;47;48,0;1;7;10;11;18;24;25;26;28;36;48,1,1,6,2,4.764337059377114,0.9528674118754228,10,8.701348965660696,4.785741931113383,3.9156070345473135,0.021404871736268483,-49.978595128263734,-46.06298809371642,-46.06298809371642,True,0.021404871736268483,0.0,3003,0.7596453987798134,0.21623918573337425,0.2978016024292032,0.4189708469160525,0.8093224481033867,0.9816230249239002,1.0,0.9528674118754228,0.05929229543130177,0.836351273116668,0.8884515048103092,0.9760366771095231,0.9941389027200607,1.0,0.8473783222547717,0.06420245587558346,0.691823105801683,0.7459739636439225,0.8577743970889474,0.9126450939236039,0.9872169784526059,0.8701348965660698,0.043503807823230656,0.8111826289719761,0.8162131450843422,0.8733366417765577,0.9011729877517287,0.9740740363352033,0.46605807724012444,0.035311350731570906,0.3805027081909257,0.4102856800041574,0.4717759183989211,0.5019548016579821,0.5429693381489332,0.47857419311133836,0.023927094302776862,0.44615044593458686,0.44891722979638815,0.4803351529771067,0.4956451432634508,0.5357407199843618,0.3813202450146473,0.028891105144012556,0.31132039761075736,0.33568828363976516,0.38599847869002635,0.41069029226562176,0.4442476403036727,0.3915607034547314,0.019576713520453794,0.36503218303738927,0.36729591528795397,0.39300148879945096,0.40552784448827794,0.4383333163508415
cohesion_fixed,nq_99,50,True,15,5,2.0,1.0,5,0;3;4;5;19,0;4,1,1,2,2,4.9396428992032,0.98792857984064,10,8.00688057073935,4.403784313906642,3.6030962568327083,-0.535858585296558,-50.53585858529656,-46.93276232846385,-46.93276232846385,True,-0.535858585296558,0.0,3003,0.67855468247091,0.36315597750752193,0.03741863061879674,0.11260353512644623,0.9369945290794064,0.999428148515819,1.0,0.98792857984064,0.017586366404105113,0.9541898310460976,0.9672190180984633,0.9989300658611759,0.9999040814475657,1.0,0.7930932110649732,0.06841648581073818,0.6551480587521715,0.7050828430153541,0.793287501338147,0.879714727346467,0.9709415144267747,0.800688057073935,0.058315539606348984,0.7264019138185014,0.7462913075079787,0.8045543170037428,0.8527734468615313,0.9391750900171506,0.43620126608573523,0.037629067195906,0.36033143231369436,0.38779556365844475,0.4363081257359808,0.48384310004055686,0.534017832934726,0.4403784313906643,0.032073546783491946,0.3995210526001758,0.4104602191293883,0.44250487435205854,0.4690253957738422,0.5165462995094329,0.35689194497923793,0.03078741861483218,0.29481662643847717,0.3172872793569093,0.35697937560216614,0.3958716273059102,0.43692368149204863,0.36030962568327074,0.026241992822857038,0.3268808612183256,0.33583108837859044,0.36204944265168426,0.3837480510876891,0.42262879050771773
cohesion_fixed,nq_100,50,True,15,5,2.0,1.0,5,5;7;17;32;45,0;2;5;17;39;43;45,1,1,5,3,4.780645436526982,0.9561290873053965,10,8.360494764035819,4.5982721202197006,3.762222643816118,-0.18237331630728182,-50.182373316307284,-46.420150672491175,-46.42015067249116,True,-0.18237331630728182,0.0,3003,0.7191453900235066,0.2367701298918463,0.31255580486386814,0.3484939146272226,0.8051359309499638,0.9946989183301934,1.0,0.9561290873053965,0.04866329393524173,0.8954466281165624,0.8965093003211646,0.9877919076960882,0.9997214368345054,1.0,0.8041491194365281,0.048210489000885114,0.6933827796383994,0.7505463317147919,0.7987934387069648,0.8677958997987149,0.9578761861889349,0.8360494764035818,0.04302781318101012,0.768488612925863,0.786276074397419,0.8322202977330599,0.8940836538513821,0.8941857977769782,0.4422820156900904,0.02651576895048681,0.3813605288011197,0.41280048244313555,0.4393363912888307,0.4772877448892932,0.5268319024039142,0.4598272120219701,0.023665297249555572,0.42266873710922465,0.43245184091858047,0.45772116375318295,0.4917460096182602,0.491802188777338,0.3618671037464376,0.0216947200503983,0.31202225083727975,0.33774584927165635,0.35945704741813417,0.3905081549094217,0.4310442837850207,0.3762222643816118,0.019362515931454546,0.34581987581663837,0.35382423347883857,0.374499133979877,0.4023376442331219,0.40238360899964015
cohesion_fixed,nq_101,50,True,15,5,2.0,1.0,5,1;2;10;20;32,1;2;13;23;24;26;31;40;45,1,1,6,2,2.0648433857175825,0.4129686771435165,10,7.53955012035682,4.146752566196252,3.3927975541605697,2.0819091804786694,-47.91809081952133,-44.525293265360766,-44.52529326536076,True,2.0819091804786694,0.0,3003,0.19327397163466128,0.252228580277619,0.03943428533971966,0.04252275159071339,0.10697658523473387,0.4497147656187402,1.0,0.4129686771435165,0.3355372511923225,0.10697658523473387,0.10783137844659611,0.29768586856167606,0.8204269454627133,1.0,0.7647534491606705,0.06899501536192512,0.6399230433936187,0.677891324154167,0.7671998068778154,0.8663302760602708,0.9451302941011872,0.7539550120356822,0.07448222708980437,0.6399230433936187,0.6668123010467606,0.7588292091095012,0.8447612355756368,0.8980061862856934,0.4206143970383687,0.037947258449058816,0.3519576738664903,0.37284022828479185,0.42195989378279847,0.476481651833149,0.5198216617556529,0.4146752566196252,0.040965224899392395,0.3519576738664903,0.36674676557571834,0.4173560650102257,0.4646186795666002,0.4939034024571314,0.34413905212230167,0.031047756912866303,0.2879653695271284,0.3050510958693751,0.34523991309501695,0.38984862422712185,0.4253086323455343,0.339279755416057,0.03351700219041197,0.2879653695271284,0.3000655354710422,0.34147314409927554,0.3801425560090365,0.404102783828562
cohesion_fixed,nq_102,50,True,15,5,2.0,1.0,5,2;6;24;26;44,0;2;6;16;17;26;29,1,1,7,3,4.946713485582468,0.9893426971164935,10,7.597615634251295,4.178688598838212,3.418927035413083,-0.7680248867442563,-50.76802488674426,-47.34909785133118,-47.34909785133117,True,-0.7680248867442563,0.0,3003,0.7644370560721933,0.3284605360491508,0.11752600750912115,0.1720558795117691,0.9750080298920527,0.9976115008267608,1.0,0.9893426971164935,0.009061547089709446,0.9750080298920527,0.9782494807537033,0.9929583759262516,0.9982541690871938,1.0,0.7756658798060669,0.04917925523858299,0.6795386244844723,0.7131206511634169,0.781077650351873,0.8154682036494004,0.9974146080589823,0.7597615634251296,0.029469678833682882,0.7132294133021223,0.72616799045711,0.7625434862239764,0.7928727487555854,0.8116996261916256,0.42661623389333686,0.027048590381220646,0.3737462434664598,0.3922163581398793,0.4295927076935302,0.4485075120071702,0.5485780344324402,0.4178688598838212,0.01620832335852558,0.39227617731616726,0.39939239475141053,0.41939891742318697,0.436080011815572,0.4464347944053941,0.34904964591273013,0.022130664857362346,0.30579238101801254,0.3209042930235376,0.35148494265834285,0.3669606916422302,0.44883657362654206,0.3418927035413083,0.013261355475157303,0.32095323598595504,0.32677559570569953,0.34314456880078936,0.35679273694001346,0.36526483178623154
cohesion_fixed,nq_103,50,True,15,5,2.0,1.0,5,4;5;19;24;27,10,1,0,1,0,2.135743163379528,0.4271486326759056,10,7.577268664444704,4.167497765444587,3.4097708990001165,2.031754602065059,-47.96824539793494,-44.55847449893483,-44.55847449893483,True,2.031754602065059,0.0,3003,0.1667672666741565,0.2855112183250532,0.010168098435829082,0.0113648178376814,0.02139078934233463,0.5617192042567969,1.0,0.4271486326759056,0.3731514581464579,0.016471987686117746,0.0248329025330044,0.43709468138624236,0.8579208878015334,1.0,0.7748647611044713,0.052964093242887804,0.6804518754158876,0.7238705806381217,0.7674113375217785,0.8243022887555809,0.9417273216323256,0.7577268664444704,0.05458125464500414,0.7154592596070913,0.7223712334517529,0.7444462848772573,0.7748973681289171,0.9173206446533536,0.42617561860745923,0.02913025128358829,0.37424853147873816,0.39812881935096694,0.42207623563697816,0.45336625881556947,0.5179500268977791,0.41674977654445866,0.030019690054752274,0.3935025927839002,0.3973041783984641,0.40944545668249155,0.4261935524709044,0.5045263545593445,0.34868914249701205,0.023833841959299513,0.30620334393714943,0.32574176128715476,0.3453351018848003,0.3709360299400114,0.4237772947345465,0.34097708990001163,0.024561564590251866,0.32195666682319113,0.3250670550532888,0.3350008281947658,0.34870381565801273,0.41279429009400914
cohesion_fixed,nq_104,50,True,15,5,2.0,1.0,5,1;20;21;29;40,1,1,1,1,1,4.931376225968595,0.986275245193719,10,8.686048803550268,4.777326841952648,3.9087219615976205,-0.1540493840159476,-50.15404938401595,-46.24532742241833,-46.24532742241833,True,-0.1540493840159476,0.0,3003,0.8653798943988658,0.13692039700813682,0.6110393799456951,0.636312433588452,0.9014556188982148,0.9988271561677953,1.0,0.986275245193719,0.021856539911054927,0.9428203464605273,0.9632865333221315,0.9950533465993113,0.9998066877176875,1.0,0.8920041939103138,0.04366779563225168,0.7655183473304308,0.8181306667607797,0.9019082785157315,0.9383825465483211,0.9923842903981945,0.8686048803550269,0.05516594409059463,0.7655183473304308,0.8016848491060639,0.9027789638631155,0.9188531800507096,0.9232070264831331,0.49060230665067256,0.024017287597738416,0.4210350910317369,0.4499718667184288,0.49604955318365235,0.5161104006015765,0.545811359719007,0.47773268419526477,0.03034126924982705,0.4210350910317369,0.4409266670083351,0.49652843012471354,0.5053692490278903,0.5077638645657232,0.4014018872596412,0.019650508034513254,0.34448325629869386,0.36815880004235085,0.4058587253320792,0.42227214594674456,0.4465729306791876,0.3908721961597621,0.02482467484076759,0.34448325629869386,0.36075818209772875,0.406250533738402,0.41348393102281933,0.41544316191740993
cohesion_fixed,nq_105,50,True,15,5,2.0,1.0,5,14;30;32;46;48,0;1;2;3;4;5;6;7;8;12;13;14;15;16;17;18;19;20;22;23;25;26;27;28;29;30;32;35;36;37;38;40;41;42;44;45;46;47;48;49,1,1,15,5,4.85779502041054,0.971559004082108,10,7.93148969370737,4.3623193315390525,3.5691703621683164,-0.49547568887148774,-50.49547568887149,-46.92630532670317,-46.92630532670317,True,-0.49547568887148774,0.0,3003,0.9087006519200245,0.05748405502639286,0.8395116343471074,0.8406068408866954,0.8847299237781446,0.9822721888834586,1.0,0.971559004082108,0.028739709929089672,0.9162177486264043,0.9407868470343309,0.9804493869964528,0.993394956056585,1.0,0.8080291972474652,0.035429553297146144,0.7371430657742133,0.7666638988716886,0.8028937904891409,0.854083482449498,0.9250268674566254,0.793148969370737,0.02352837253161006,0.7643305311163766,0.7706110891789676,0.7893108466656381,0.8290131246286037,0.8429141197675376,0.4444160584861059,0.01948625431343038,0.4054286861758173,0.42166514437942876,0.4415915847690275,0.46974591534722393,0.508764777101144,0.43623193315390535,0.012940604892385528,0.42038179211400717,0.42383609904843217,0.4341209656661009,0.455957218545732,0.46360276587214566,0.36361313876135937,0.015943298983715767,0.331714379598396,0.34499875449225986,0.3613022057201134,0.3843375671022742,0.41626209035548145,0.35691703621683163,0.01058776763922453,0.34394873900236944,0.3467749901305354,0.3551898809995372,0.3730559060828716,0.37931135389539195
cohesion_fixed,nq_106,50,True,15,5,2.0,1.0,5,9;14;19;34;46,,0,0,0,0,3.4589606680551968,0.6917921336110393,10,7.688059856294476,4.228432920961962,3.459626935332514,0.7694722529067657,-49.230527747093234,-45.770900811760725,-45.77090081176072,True,0.7694722529067657,0.0,3003,0.3683421901262161,0.276906640089737,0.07546925919913577,0.11099507674557993,0.31859840302704484,0.7834682432762873,1.0,0.6917921336110393,0.22781880441839225,0.442244165191045,0.47473961212325916,0.5623599446462775,0.9723495102785176,1.0,0.8045476632154026,0.08270334755527611,0.6337514878766473,0.6862956221500037,0.8225834289288917,0.9066108779327603,0.936762204474901,0.7688059856294476,0.08074453007266909,0.6493836380771572,0.6858332304080715,0.7681366605707267,0.8562119772549842,0.9237400527475278,0.4425012147684714,0.045486841155401865,0.348563318332156,0.37746259218250205,0.4524208859108904,0.49863598286301813,0.5152192124611955,0.42284329209619614,0.04440949153996798,0.3571610009424364,0.37720827672443935,0.4224751633138997,0.4709165874902413,0.5080570290111402,0.3620464484469311,0.037216506399874255,0.2851881695444913,0.30883302996750167,0.3701625430180013,0.40797489506974216,0.4215429920137055,0.34596269353325143,0.03633503853270109,0.29222263713472074,0.3086249536836322,0.345661497256827,0.3852953897647429,0.41568302373638755
cohesion_fixed,nq_107,50,True,15,5,2.0,1.0,5,0;1;2;5;8,,0,0,0,0,4.136882267619166,0.8273764535238332,10,8.576747965199193,4.717211380859556,3.8595365843396365,0.5803291132403903,-49.41967088675961,-45.56013430241997,-45.560134302419975,True,0.5803291132403903,0.0,3003,0.3477731260632542,0.3779855966987202,0.00998938027533149,0.012694666256391289,0.08677870782993737,0.9802914292034962,1.0,0.8273764535238332,0.20952802094372938,0.4610909816837443,0.5665814355016647,0.9514653631031466,0.9998035226414917,1.0,0.7760727199438856,0.06883266276960569,0.6000539502766651,0.6910300842722445,0.7722387899984385,0.8645964688653693,0.9916280881735122,0.8576747965199193,0.0768901492146683,0.7608231176052893,0.7632856889524305,0.8749205503857103,0.9244096025295424,0.9916280881735122,0.4268399959691371,0.03785796452328313,0.3300296726521658,0.3800665463497345,0.4247313344991412,0.47552805787595315,0.5453954484954318,0.4717211380859556,0.04228958206806757,0.4184527146829091,0.4198071289238368,0.4812063027121406,0.5084252813912483,0.5453954484954318,0.3492327239747485,0.030974698246322555,0.27002427762449926,0.31096353792251,0.34750745549929735,0.38906841098941614,0.44623263967808047,0.3859536584339637,0.03460056714660073,0.3423704029223802,0.3434785600285937,0.39371424767356955,0.4159843211382941,0.44623263967808047
cohesion_fixed,nq_108,50,True,15,5,2.0,1.0,5,2;3;22;36;47,2;3;5;6;12;14;24;29;36;40;42;43,1,1,7,3,3.392452062613046,0.6784904125226092,10,8.257430318469797,4.5415866751583875,3.7158436433114086,1.1491346125453417,-48.85086538745466,-45.13502174414325,-45.135021744143245,True,1.1491346125453417,0.0,3003,0.29204983706285315,0.3293755408175072,0.029534239605656466,0.03974136801312949,0.12207667087877781,0.8397560923388458,1.0,0.6784904125226092,0.30294914777170584,0.15607422659459802,0.3401538460443364,0.6615332207042816,0.9834285360380889,1.0,0.8124164576755695,0.055899771153894336,0.7120382855234066,0.7437596477582041,0.8052299790089545,0.8951140834287982,0.9895689487482697,0.8257430318469797,0.08722077016771888,0.7304428540805671,0.7409606434667673,0.7963799534721439,0.9375516610616293,0.9895689487482697,0.4468290517215633,0.030744874134641883,0.39162105703787364,0.4090678062670123,0.442876488454925,0.492312745885839,0.5442629218115483,0.45415866751583883,0.04797142359224537,0.4017435697443119,0.407528353906722,0.4380089744096791,0.515653413583896,0.5442629218115483,0.3655874059540063,0.02515489701925245,0.320417228485533,0.3346918414911919,0.36235349055402954,0.40280133754295916,0.4453060269367214,0.37158436433114084,0.03924934657547351,0.32869928433625517,0.3334322895600452,0.35837097906246473,0.42189824747773325,0.4453060269367214
cohesion_fixed,nq_109,50,True,15,5,2.0,1.0,5,8;32;39;46;47,,0,0,0,0,1.6689398489604734,0.3337879697920947,10,7.007157105963578,3.8539364082799676,3.1532206976836097,2.184996559319494,-47.815003440680506,-44.6617827429969,-44.6617827429969,True,2.184996559319494,0.0,3003,0.13073658291892917,0.2552121582063475,0.01589050427573627,0.016994536322784505,0.02414699060188423,0.32956524947861665,1.0,0.3337879697920947,0.363983314344369,0.02414699060188423,0.029228660352364794,0.1759988327484265,0.7727771442528308,1.0,0.7461271119998036,0.07158924637331894,0.6295778069802476,0.6620105696605304,0.7367928119396441,0.8379395115984253,0.980411690386959,0.7007157105963577,0.03630050119948158,0.6431475512250093,0.6629592433595356,0.6923496792566705,0.7389911547699842,0.7630799630406812,0.410369911599892,0.03937408550532542,0.34626779383913614,0.3641058133132917,0.40523604656680423,0.4608667313791339,0.5392264297128274,0.3853936408279967,0.019965275659714864,0.35373115317375514,0.36462758384774463,0.38079232359116877,0.40644513512349134,0.41969397967237465,0.33575720039991164,0.032215160867993524,0.2833100131411114,0.2979047563472387,0.33155676537283985,0.37707278021929136,0.44118526067413155,0.3153220697683609,0.016335225539766716,0.2894163980512542,0.298331659511791,0.3115573556655017,0.3325460196464929,0.3433859833683065
cohesion_fixed,nq_110,50,True,15,5,2.0,1.0,5,4;9;17;34;46,,0,0,0,0,3.7627068739874585,0.7525413747974917,10,7.3573564429972516,4.046546043648489,3.310810399348763,0.28383916966103007,-49.71616083033897,-46.40535043099021,-46.405350430990204,True,0.28383916966103007,0.0,3003,0.2927005428167433,0.3762604979875084,0.00038472964953570685,0.0004671177866642267,0.07817256448272596,0.8947497128885208,1.0,0.7525413747974917,0.2918341990168787,0.1837801022284581,0.42799974233101423,0.8800441433798525,0.9618213703577199,1.0,0.7991547973589471,0.093940069175562,0.5305377409605346,0.6657293466534465,0.8219981295302569,0.9039825791582151,0.9447310591156499,0.7357356442997252,0.10091007251482473,0.6157371021186072,0.6246311144692803,0.7019997141055168,0.8761068136313264,0.8904083515762987,0.43953513854742093,0.051667038046559095,0.29179575752829406,0.3661511406593956,0.4520989712416413,0.49719041853701834,0.5196020825136074,0.40465460436484885,0.05550053988315359,0.338655406165234,0.3435471129581042,0.3860998427580342,0.4818587474972295,0.4897245933669643,0.35961965881152624,0.0422730311290029,0.23874198343224057,0.29957820599405094,0.3698991582886156,0.4067921606211968,0.4251289766020425,0.33108103993487636,0.04540953263167114,0.27708169595337323,0.28108400151117613,0.31589987134748254,0.39424806613409685,0.40068375820933444
cohesion_fixed,nq_111,50,True,15,5,2.0,1.0,5,0;13;26;27;45,,0,0,0,0,2.317104668378101,0.4634209336756202,10,8.901095037365003,4.895602270550752,4.0054927668142515,2.578497602172651,-47.421502397827346,-43.4160096310131,-43.4160096310131,True,2.578497602172651,0.0,3003,0.15927517867515945,0.3218706911988397,0.0013701418964348331,0.002833703468242872,0.007193479650827104,0.6768809815889612,1.0,0.4634209336756202,0.41469738658002436,0.00579245493795838,0.03153179279190716,0.3391093336571296,0.9608248320840731,1.0,0.8999716449509693,0.04289960481531452,0.8106944367052193,0.8370277753114974,0.9074777854538358,0.9521023030715898,0.9919708031434092,0.8901095037365003,0.05598746841656163,0.8106944367052193,0.8209539036064215,0.8897296613408,0.9620747098696171,0.9919708031434092,0.49498440472303307,0.023594782648422984,0.44588194018787064,0.46036527642132363,0.49911278199960973,0.5236562666893745,0.545583941728875,0.48956022705507507,0.030793107629108887,0.44588194018787064,0.45152464698353184,0.48935131373744,0.5291410904282894,0.545583941728875,0.4049872402279362,0.019304822166891538,0.3648124965173487,0.37666249889017384,0.4083650034542261,0.4284460363822154,0.4463868614145342,0.40054927668142515,0.025194360787452748,0.3648124965173487,0.36942925662288967,0.40037834760336,0.43293361944132774,0.4463868614145342
cohesion_fixed,nq_112,50,True,15,5,2.0,1.0,5,8;17;24;26;33,0;1;2;3;4;5;6;7;8;9;13;15;17;24;26;29;33;38;44;49,1,1,15,5,4.987616034093021,0.9975232068186042,10,8.449998608077905,4.647499234442847,3.802499373635057,-0.3401167996501737,-50.340116799650175,-46.53761742601512,-46.53761742601512,True,-0.3401167996501737,0.0,3003,0.9755034761812209,0.044380130707845675,0.8363278049190872,0.9246085219657167,0.9947178269578703,0.9998373221131466,1.0,0.9975232068186042,0.0023718804249200894,0.993137663738848,0.9948265809105179,0.9978987787344457,0.9996300672663118,0.99971106642815,0.8757041636186611,0.0418004426449842,0.7605402333542253,0.8221032269497137,0.8744233558004565,0.9364839644047368,0.9921991892787042,0.8449998608077905,0.04528236727866227,0.7605402333542253,0.804864041535215,0.8475125797898868,0.9143926783116284,0.9212278434967642,0.4816372899902636,0.022990243454741308,0.4182971283448239,0.45215677482234257,0.4809328456902511,0.5150661804226052,0.5457095541032874,0.46474992344428473,0.024905302003264254,0.4182971283448239,0.4426752228443682,0.4661319188844378,0.5029159730713957,0.5066753139232203,0.39406687362839743,0.018810199190242894,0.34224310500940136,0.36994645212737115,0.3934905101102054,0.4214177839821316,0.44648963517541684,0.3802499373635057,0.02037706527539802,0.34224310500940136,0.3621888186908468,0.3813806609054491,0.4114767052402328,0.41455252957354394
cohesion_fixed,nq_113,50,True,15,5,2.0,1.0,5,0;1;4;16;27,0;1;6;40,1,1,3,2,2.2964345022727475,0.4592869004545495,10,7.2541966327612615,3.9898081480186947,3.2643884847425677,1.6933736457459472,-48.30662635425405,-45.04223786951149,-45.04223786951148,True,1.6933736457459472,0.0,3003,0.16155726184758065,0.3369641461078284,0.00036997554755118997,0.0004593204116377362,0.0020799331877933342,0.7166265835856456,1.0,0.4592869004545495,0.45353310255931106,0.0019686530489291506,0.002013165104474824,0.2940248301798458,0.9993444343424717,1.0,0.7039644474531381,0.0782023860035094,0.5563043183901047,0.6251933402851321,0.6894354116656198,0.8354310198522475,0.9613235985851588,0.7254196632761262,0.11336539869599885,0.6210976855482664,0.6259812787964135,0.6709443108800803,0.8660049520747178,0.9613235985851588,0.38718044609922597,0.04301131230193017,0.3059673751145576,0.3438563371568226,0.3791894764160909,0.45948706091873615,0.5287279792218373,0.3989808148018694,0.06235096928279937,0.3416037270515465,0.34428970333802744,0.3690193709840442,0.4763027236410948,0.5287279792218373,0.31678400135391216,0.03519107370157923,0.2503369432755471,0.2813370031283094,0.3102459352495289,0.3759439589335114,0.43259561936332147,0.32643884847425675,0.05101442941319948,0.2794939584967199,0.2816915754583861,0.30192493989603614,0.389702228433623,0.43259561936332147
cohesion_fixed,nq_114,50,True,15,5,2.0,1.0,5,13;19;23;30;37,37,1,1,1,1,3.13502046753814,0.627004093507628,10,8.434680062672811,4.6390740344700445,3.795606028202765,1.5040535669319044,-48.4959464330681,-44.70034040486533,-44.70034040486533,True,1.5040535669319044,0.0,3003,0.23579544611054654,0.31634390201210505,0.02346534665774529,0.025694484958988496,0.05538977153387756,0.7171919039665786,1.0,0.627004093507628,0.264905100363975,0.2222096099365955,0.3439939083944075,0.5724619847283633,0.9254714067168223,1.0,0.8477875516269321,0.06590001119386896,0.6998965935956868,0.7586415310126919,0.8468687328173922,0.9334219772080153,0.9762127102218305,0.8434680062672809,0.073270435115607,0.7500344714575196,0.7557286459254849,0.8099352578751808,0.948570074462314,0.9762127102218305,0.4662831533948127,0.03624500615662793,0.38494312647762774,0.4172528420569806,0.4657778030495657,0.5133820874644084,0.5369169906220068,0.46390740344700454,0.04029873931358386,0.41251895930163573,0.41565075525901674,0.44546439183134945,0.5217135409542727,0.5369169906220068,0.3815043982321195,0.02965500503724103,0.31495346711805905,0.3413886889557114,0.3810909297678265,0.42003988974360695,0.4392957195998237,0.3795606028202765,0.03297169580202315,0.3375155121558838,0.34007789066646826,0.3644708660438314,0.42685653350804137,0.4392957195998237
cohesion_fixed,nq_115,50,True,15,5,2.0,1.0,5,0;23;25;28;33,0;7,1,1,2,1,1.0005093418750723,0.20010186837501448,10,7.047744556625268,3.8762595061438976,3.1714850504813707,2.8757501642688252,-47.12424983573118,-43.9527647852498,-43.952764785249805,True,2.8757501642688252,0.0,3003,0.06872367772530093,0.24893932920948925,6.607648223160142e-05,0.0001224261482308093,0.00021813130057015166,0.013402202489609324,1.0,0.20010186837501448,0.3999490676643994,6.607648223160142e-05,8.651694896180959e-05,0.00014067582943386408,0.6000741647657399,1.0,0.7614370356914245,0.04826977763029799,0.6217261339034641,0.7080742392299657,0.7554819020811322,0.8240171846348157,0.8896313868731425,0.7047744556625268,0.039771727239375346,0.6217261339034641,0.6696160859108328,0.7051143961694417,0.7528863072303703,0.7763911769878044,0.4187903696302835,0.026548377696663895,0.34194937364690525,0.38944083157648113,0.4155150461446227,0.4532094515491486,0.48929726278022834,0.38762595061438976,0.021874449981656437,0.34194937364690525,0.36828884725095806,0.38781291789319294,0.4140874689767037,0.4270151473432924,0.342646666061141,0.021721399933634093,0.27977676025655884,0.3186334076534846,0.3399668559365095,0.37080773308566706,0.40033412409291413,0.3171485050481371,0.017897277257718905,0.27977676025655884,0.30132723865987476,0.31730147827624877,0.3387988382536666,0.349376029644512
cohesion_fixed,nq_116,50,True,15,5,2.0,1.0,5,0;1;2;5;8,0;1;2;3;5;8;10;12;13;23;26;27;28;29;31;33;37;39;41;42;44;47,1,1,11,5,4.933234504518438,0.9866469009036875,10,9.464443923215109,5.205444157768311,4.2589997654467995,0.272209653249873,-49.727790346750126,-45.468790581303324,-45.468790581303324,True,0.272209653249873,0.0,3003,0.46966752832304476,0.4679010783214761,0.014484186015849736,0.015439668894822291,0.08866860451454658,0.999398150098765,1.0,0.9866469009036875,0.025422853666508243,0.9358085984960068,0.9609382699357355,0.9993886362874821,0.9997617970558481,1.0,0.8752387585708713,0.04518754502438817,0.7767446607240387,0.8195104555689804,0.8690485496376907,0.942026374960045,0.9854059366356722,0.9464443923215111,0.01617538586177685,0.918569528269146,0.9333698919197064,0.9455577352539566,0.95819620921664,0.9854059366356722,0.48138131721397925,0.02485314976341349,0.4272095633982213,0.45073075056293926,0.4779767023007299,0.5181145062280248,0.5419732651496197,0.5205444157768311,0.008896462223977263,0.5052132405480303,0.5133534405558385,0.5200567543896761,0.5270079150691519,0.5419732651496197,0.39385744135689205,0.02033439526097468,0.3495350973258174,0.3687797050060412,0.3910718473369608,0.42391186873202025,0.4434326714860525,0.4258999765446799,0.007278923637799587,0.41335628772111566,0.4200164513638679,0.42550098086428045,0.431188294147488,0.4434326714860525
cohesion_fixed,nq_117,50,True,15,5,2.0,1.0,5,10;34;38;40;49,3;4,1,0,2,0,4.8861450686586565,0.9772290137317313,10,8.42361266390849,4.632986965149669,3.79062569875882,-0.25315810350898715,-50.25315810350899,-46.46253240475016,-46.46253240475016,True,-0.25315810350898715,0.0,3003,0.9601557856039219,0.02734800753562284,0.905909027348778,0.933202483702518,0.9612993353516877,0.998893260800834,1.0,0.9772290137317313,0.01760968362597956,0.9612993353516877,0.9613341607642503,0.9661116989502314,0.998893260800834,0.9997710330568838,0.881368955636517,0.03385815262465777,0.7896821334724532,0.8335671489345221,0.8877952500183515,0.9212090139013892,0.946339736052041,0.842361266390849,0.030367424490060725,0.7896821334724532,0.810626069789744,0.8355665199400774,0.8785362532257144,0.893467021349073,0.4847529256000843,0.018621983943561776,0.4343251734098493,0.45846193191398715,0.4882873875100933,0.506664957645764,0.5204868548286226,0.4632986965149669,0.016702083469533398,0.4343251734098493,0.4458443383843593,0.45956158596704255,0.4831949392741429,0.4914068617419901,0.39661603003643264,0.015236168681095997,0.3553569600626039,0.37510521702053495,0.39950786250825815,0.4145440562556251,0.42585288122341847,0.379062569875882,0.01366534102052733,0.3553569600626039,0.36478173140538483,0.3760049339730348,0.39534131395157146,0.40206015960708286
cohesion_fixed,nq_118,50,True,15,5,2.0,1.0,5,4;6;17;29;45,,0,0,0,0,2.622333317206454,0.5244666634412908,10,7.283334528893339,4.005833990891336,3.277500538002003,1.3835006736848823,-48.616499326315115,-45.33899878831312,-45.33899878831311,True,1.3835006736848823,0.0,3003,0.18762264178957874,0.3002576713811761,0.0049782934094875905,0.007168837583583765,0.021088625477957892,0.6359552032212971,1.0,0.5244666634412908,0.3156294914575896,0.1254670056635393,0.16616797561039467,0.629164626930225,0.8561929016328047,1.0,0.7300195287246094,0.07623429131420834,0.5673611207691618,0.645224062632635,0.7171867831605332,0.8340139038578644,0.9790687313971302,0.7283334528893339,0.11851289246819116,0.6043397373560765,0.6121767534733916,0.6599458010659627,0.8534680765115065,0.9790687313971302,0.40151074079853516,0.041928860222814585,0.312048616423039,0.3548732344479492,0.39445273073829323,0.45870764712182543,0.5384878022684216,0.4005833990891336,0.06518209085750513,0.3323868555458421,0.33669721441036543,0.36297019058627944,0.46940744208132856,0.5384878022684216,0.3285087879260742,0.03430543109139375,0.2553125043461228,0.29035082818468577,0.32273405242223996,0.375306256736039,0.4405809291287086,0.3277500538002002,0.05333080161068603,0.2719528818102344,0.27547953906302625,0.29697561047968324,0.38406063443017796,0.4405809291287086
cohesion_fixed,nq_119,50,True,15,5,2.0,1.0,5,5;10;11;22;43,0;8;11;15;19,1,1,4,1,4.345748461455251,0.8691496922910502,10,8.427755450798045,4.635265497938925,3.7924899528591203,0.2895170364836739,-49.71048296351633,-45.917993010657206,-45.917993010657206,True,0.2895170364836739,0.0,3003,0.48443151150653996,0.3390654816976816,0.07379772945245222,0.11806227252409901,0.33693809556027743,0.9846438520179793,1.0,0.8691496922910502,0.18703344084010973,0.5070587044482158,0.6519995376558617,0.9846176485292192,0.9938645284041945,1.0,0.8260689453352488,0.07152321098209778,0.6982513932030232,0.7275913775404095,0.8280311900804084,0.9183759494482234,0.9409461363804982,0.8427755450798046,0.07687768094073962,0.7278356752704729,0.7388144779717648,0.877631200071112,0.9178890979292909,0.918938153842997,0.4543379199343868,0.03933776604015378,0.38403826626166276,0.4001752576472252,0.4554171545442246,0.5051067721965229,0.5175203750092741,0.4635265497938925,0.042282724517406785,0.4003096213987601,0.4063479628844706,0.48269716003911156,0.50483900386111,0.5054159846136483,0.371731025400862,0.032185444941944,0.31421312694136044,0.32741611989318425,0.3726140355361838,0.41326917725170054,0.4234257613712241,0.37924899528591205,0.03459495642333282,0.3275260538717128,0.3324665150872942,0.3949340400320004,0.41305009406818094,0.4135221692293487
cohesion_fixed,nq_120,50,True,15,5,2.0,1.0,5,0;4;11;16;21,0;2;4;5,1,1,4,2,4.263382531644117,0.8526765063288233,10,7.455943281907123,4.100768805048918,3.3551744768582057,-0.16261372659519946,-50.1626137265952,-46.807439249737,-46.807439249736994,True,-0.16261372659519946,0.0,3003,0.4174640385537879,0.397939150562125,0.004100142127524311,0.004879627169572238,0.4066504191850819,0.9186363890780604,1.0,0.8526765063288233,0.1534572797216814,0.5573465032446157,0.6840068945704673,0.9029336951304664,0.971641940683916,1.0,0.740459260774018,0.0947843491050138,0.5681469049377071,0.6267505922209018,0.7238811877955016,0.8620582110331659,0.9617271293580792,0.7455943281907123,0.1305386128932305,0.6191951638333887,0.6244475416108186,0.6671273377328213,0.9246601243506418,0.9301273523070446,0.40725259342570985,0.052131392007757585,0.31248079771573894,0.344712825721496,0.3981346532875259,0.4741320160682413,0.5289499211469436,0.41007688050489177,0.07179623709127678,0.3405573401083638,0.34344614788595024,0.3669200357530517,0.5085630683928529,0.5115700437688745,0.3332066673483081,0.04265295709725621,0.2556661072219682,0.2820377664994058,0.3257465345079757,0.3879261949649247,0.43277720821113563,0.33551744768582054,0.05874237580195373,0.2786378237250249,0.2810013937248684,0.3002073019797696,0.41609705595778884,0.4185573085381701
cohesion_fixed,nq_121,50,True,15,5,2.0,1.0,5,10;18;29;34;40,0;7;10;12;17;18;26;28;29;45;46;48;49,1,1,9,3,1.2330984219722798,0.24661968439445597,10,7.792417385228147,4.285829561875481,3.5065878233526666,3.052731139903201,-46.9472688600968,-43.44068103674413,-43.44068103674413,True,3.052731139903201,0.0,3003,0.0929346724282897,0.24474343356014505,0.0024183291090330967,0.002984477050873584,0.0164121501883648,0.10458013117699028,1.0,0.24661968439445597,0.37899022066020394,0.007058395563512069,0.020598721848158745,0.051248422177340824,0.6535529571825194,1.0,0.8076222327966283,0.05546956772642018,0.6860393820640479,0.7446484933476776,0.8001995137886051,0.8796166232953888,0.9415863228291443,0.7792417385228148,0.05096698709936161,0.6913160987044946,0.7064870269832425,0.7735644552633496,0.8269380186651695,0.8755734582126181,0.4441922280381455,0.0305082622495311,0.37732166013522633,0.40955667134122264,0.4401097325837328,0.4837891428124639,0.5178724775560294,0.4285829561875481,0.028031842904648895,0.380223854287472,0.38856786484078343,0.4254604503948423,0.4548159102658432,0.48156540201694,0.36343000475848275,0.02496130547688908,0.3087177219288216,0.3350918220064549,0.3600897812048723,0.39582748048292493,0.42371384527311495,0.35065878233526665,0.022935144194712712,0.3110922444170226,0.31791916214245913,0.34810400486850734,0.37212210839932625,0.39400805619567814
cohesion_fixed,nq_122,50,True,15,5,2.0,1.0,5,4;12;15;43;48,,0,0,0,0,4.671031293381947,0.9342062586763895,10,7.727713726849235,4.250242549767078,3.4774711770821556,-0.4207887436148692,-50.42078874361487,-46.94331756653271,-46.94331756653271,True,-0.4207887436148692,0.0,3003,0.7727469257968945,0.25671615032205103,0.19439358710709084,0.3247913413221294,0.860436622482318,0.9890300330299586,1.0,0.9342062586763895,0.07043706473039502,0.8459046171817557,0.8479974920339136,0.9768194505143311,0.9988681685494841,1.0,0.7901648906054447,0.072939409725899,0.6310334286756183,0.6989586624762082,0.7902543457708887,0.8868326985446339,0.9631666827204768,0.7727713726849235,0.060397785902695914,0.6782833618042647,0.7089785634358622,0.7647348909736098,0.8419438268037984,0.8757234358067554,0.4345906898329946,0.04011667534924445,0.34706838577159005,0.3844272643619145,0.4346398901739888,0.48775798419954863,0.5297416754962623,0.4250242549767079,0.03321878224648276,0.3730558489923456,0.3899382098897242,0.4206041900354853,0.4630691047420892,0.48164788969371547,0.35557420077245017,0.032822734376654554,0.28396504290402824,0.3145313981142937,0.3556144555968999,0.39907471434508524,0.4334250072242145,0.34774711770821554,0.027179003656213157,0.3052275128119191,0.31904035354613797,0.34413070093812437,0.37887472206170925,0.3940755461130399
cohesion_fixed,nq_123,50,True,15,5,2.0,1.0,5,4;33;41;45;47,1;2;4;6;7;12,1,1,5,1,4.927561498954739,0.9855122997909478,10,7.669353862106378,4.2181446241585085,3.4512092379478707,-0.7094168747962302,-50.70941687479623,-47.25820763684837,-47.25820763684836,True,-0.7094168747962302,0.0,3003,0.9771057331281041,0.031594463482709834,0.9045785511701675,0.9218361261931741,0.9940399369402989,0.9999752279961636,1.0,0.9855122997909478,0.01182362154588529,0.9702755623744584,0.9716920012348224,0.9871131935191466,0.998542433414306,1.0,0.8082072502602758,0.06550778209707887,0.6680728568563539,0.739234332273636,0.797728162754541,0.8923828830500101,0.9970386230013386,0.7669353862106378,0.047049443350602356,0.6737058358244998,0.7248450249039731,0.771754800932596,0.80255944216388,0.8568094784073486,0.4445139876431517,0.036029280153393385,0.36744007127099465,0.4065788827504998,0.4387504895149975,0.4908105856775056,0.5483712426507362,0.42181446241585085,0.025877193842831304,0.3705382097034749,0.39866476369718523,0.42446514051292783,0.44140769319013395,0.4712452131240417,0.3636932626171241,0.02947850194368549,0.3006327855853592,0.3326554495231362,0.35897767323954344,0.40157229737250455,0.4486673803506024,0.34512092379478704,0.021172249507771055,0.30316762612102494,0.3261802612067879,0.34728966041966813,0.36115174897374597,0.38556426528330684
cohesion_fixed,nq_124,50,True,15,5,2.0,1.0,5,3;4;34;42;47,4,1,1,1,1,1.3758818347740913,0.2751763669548183,10,6.442077852313124,3.5431428187722185,2.8989350335409063,2.167260983998127,-47.832739016001874,-44.933803982460965,-44.933803982460965,True,2.167260983998127,0.0,3003,0.11060923840507528,0.24731897331651193,0.0011137453322666749,0.0016829365843683132,0.007960845625639708,0.19933925528664576,1.0,0.2751763669548183,0.37301309025422635,0.0037318223056712805,0.0038988638739836093,0.1267262493299429,0.6965097347648102,1.0,0.7117931997710003,0.08887905288501573,0.5478489574712018,0.6123681113213606,0.7101846867712447,0.8427363194055688,0.9563186992848302,0.6442077852313124,0.0561268715750012,0.5478489574712018,0.5840798644788081,0.6345401740461822,0.7207571221615181,0.7509974144486006,0.39148625987405017,0.04888347908675865,0.301316926609161,0.33680246122674834,0.3906015777241846,0.46350497567306287,0.5259752846066565,0.35431428187722186,0.030869779366250658,0.301316926609161,0.3212439254633445,0.34899709572540016,0.3964164171888349,0.41304857794673033,0.3203069398969502,0.03999557379825708,0.24653203086204079,0.27556565009461226,0.3195831090470601,0.37923134373250594,0.4303434146781736,0.2898935033540906,0.02525709220875054,0.24653203086204079,0.26283593901546365,0.28554307832078196,0.32434070497268314,0.33794883650187024
cohesion_fixed,nq_125,50,True,15,5,2.0,1.0,5,0;1;26;36;47,0;1;2;4;5;6;7;8;10;21;40;47,1,1,9,3,2.061408146436769,0.4122816292873538,10,6.8755546017789,3.7815550309783954,3.093999570800505,1.7201468845416263,-48.27985311545837,-45.18585354465787,-45.18585354465787,True,1.7201468845416263,0.0,3003,0.23237735518589883,0.3040358556543738,0.02687253448795135,0.03152286797754232,0.14884255276762895,0.6951829211795486,1.0,0.4122816292873538,0.4677038613982229,0.02687253448795135,0.02780095599205612,0.0353999298971228,0.9879768375213926,1.0,0.8144058526503714,0.11570783883693377,0.5681859951661942,0.6367730970252812,0.8689981981867635,0.9291530731528864,0.9753991722743465,0.68755546017789,0.10245264502583694,0.5681859951661942,0.5692863219791217,0.6793109473953663,0.7630746991913089,0.933642833013851,0.4479232189577043,0.06363931136031356,0.3125022973414068,0.3502252033639046,0.4779490090027199,0.5110341902340876,0.5364695447508906,0.3781555030978395,0.05634895476421032,0.3125022973414068,0.31310747708851694,0.3736210210674515,0.41969108455521986,0.5135035581576181,0.36648263369266715,0.05206852747662019,0.2556836978247874,0.28654789366137656,0.3910491891840436,0.41811888291879884,0.4389296275234559,0.3093999570800505,0.04610369026162662,0.2556836978247874,0.2561788448906048,0.30568992632791486,0.343383614636089,0.4201392748562329
cohesion_fixed,nq_126,50,True,15,5,2.0,1.0,5,4;7;13;34;42,0;1;4,1,1,3,1,1.789596322985679,0.3579192645971358,10,6.6525584342741935,3.658907138850807,2.9936512954233874,1.869310815865128,-48.13068918413487,-45.13703788871149,-45.13703788871148,True,1.869310815865128,0.0,3003,0.12053017629718858,0.3027432722362889,5.296293592087626e-05,7.139157173981116e-05,0.0008049523559682318,0.4694929638553512,1.0,0.3579192645971358,0.43636503582194586,8.594885844726967e-05,0.00027532809666677086,0.01938811224294999,0.9078251459721143,1.0,0.7076031631199906,0.06358272467029427,0.5940867277311878,0.642817236863241,0.6920216893409713,0.7866984380244163,0.9004376667474548,0.6652558434274194,0.04135170758879058,0.6021937114559259,0.6112782127985487,0.6666841088832078,0.7109310722744762,0.7421919828444444,0.38918173971599485,0.034970498568661856,0.3267477002521533,0.35354948027478256,0.3806119291375342,0.43268414091342894,0.49524071671110015,0.3658907138850807,0.022743439173834826,0.33120654130075927,0.33620301703920175,0.3666762598857643,0.39101208975096186,0.40820559056444444,0.31842142340399576,0.028612226101632426,0.2673390274790345,0.28926775658845844,0.3114097602034371,0.3540142971109873,0.4051969500363547,0.29936512954233874,0.018608268414955758,0.27098717015516666,0.2750751957593469,0.30000784899744354,0.31991898252351425,0.33398639228
cohesion_fixed,nq_127,50,True,15,5,2.0,1.0,5,0;1;4;24;39,0;1;3;7,1,1,4,2,2.0002469785483528,0.4000493957096706,10,7.377998458095565,4.057899151952561,3.320099306143004,2.057652173404208,-47.94234782659579,-44.622248520452786,-44.622248520452786,True,2.057652173404208,0.0,3003,0.1352944745049896,0.3386005209944403,0.0001668661548915773,0.0003393866814440576,0.002188893494332321,0.6016011826706299,1.0,0.4000493957096706,0.48866551673510983,0.0006190178848562344,0.0007648753419238296,0.0015667064049841057,0.998831037092395,1.0,0.7678977288231311,0.08858786255726878,0.5942441821797008,0.6395309897930165,0.7906898690153369,0.8721024675171481,0.9973478084735965,0.7377998458095565,0.10097366274054129,0.6183156845883825,0.6560713937903326,0.6949222364960044,0.8545332084228219,0.9696300462263545,0.42234375085272213,0.048723324406497834,0.3268343001988354,0.3517420443861591,0.43487942795843526,0.4796563571344315,0.5485412946604781,0.4057899151952561,0.05553551450729771,0.3400736265236104,0.3608392665846829,0.38220723007280244,0.46999326463255203,0.533296525424495,0.345553977970409,0.03986453815077095,0.26740988198086535,0.28778894540685745,0.3558104410569016,0.3924461103827167,0.4488065138131184,0.3320099306143004,0.04543814823324357,0.2782420580647721,0.2952321272056497,0.31271500642320205,0.38453994379026984,0.4363335208018595
cohesion_fixed,nq_128,50,True,15,5,2.0,1.0,5,0;4;10;24;35,0;4;9;15;28;33;35;44,1,1,7,3,3.1741635930948178,0.6348327186189635,10,8.123191957317973,4.467755576524884,3.6554363807930867,1.2935919834300664,-48.70640801656993,-45.05097163577685,-45.05097163577685,True,1.2935919834300664,0.0,3003,0.3585107855657618,0.29186429503029754,0.06440848321950378,0.07407365690163452,0.2991029748807695,0.792706851197003,1.0,0.6348327186189635,0.30222512762426135,0.2991029748807695,0.34942876807226736,0.45094750822681806,0.9996782608510864,1.0,0.8175521856605814,0.06335374744747609,0.6803080491874545,0.7364698039918876,0.813938265584049,0.9043760803992378,0.9935501234669615,0.8123191957317971,0.06288210304318852,0.7351199813541166,0.7590941033522292,0.7991030011109362,0.874586384168429,0.9651565195156253,0.4496537021133198,0.034844561096111844,0.37416942705309997,0.40505839219553813,0.44766604607122695,0.4974068442195808,0.5464525679068288,0.44677555765248844,0.03458515667375367,0.4043159897447641,0.4175017568437261,0.4395066506110149,0.48102251129263596,0.5308360857335939,0.3678984835472616,0.028509186351364242,0.3061386221343545,0.33141141179634936,0.3662722195128221,0.406969236179657,0.44709755556013264,0.36554363807930873,0.028296946369434847,0.3308039916093525,0.3415923465085031,0.35959635049992134,0.3935638728757931,0.43432043378203145
cohesion_fixed,nq_129,50,True,15,5,2.0,1.0,5,10;25;28;29;33,0;1;5;6;9;10;33;37;48,1,1,7,2,4.660760703205697,0.9321521406411394,10,7.370344831346166,4.053689657240392,3.316655174105775,-0.6070710459653048,-50.607071045965306,-47.29041587185953,-47.29041587185953,True,-0.6070710459653048,0.0,3003,0.726032767970375,0.2713316911452108,0.25740385873359417,0.2969990745466597,0.8536670514062378,0.992433365462912,1.0,0.9321521406411394,0.10482686094811014,0.723242193440845,0.8231873758842863,0.9801338750880231,0.9937117940509523,1.0,0.7878975019638708,0.07815442534439648,0.6335852280971288,0.6935525529076754,0.7785111758778658,0.9029946421861214,0.9936801288767942,0.7370344831346167,0.06316282753022091,0.6435581877508074,0.6570448527464217,0.744867176917925,0.8108102904289591,0.8152285028721084,0.4333436260801289,0.042984933939418074,0.34847187545342084,0.3814539040992215,0.4281811467328262,0.49664705320236674,0.5465240708822369,0.40536896572403924,0.0347395551416215,0.3539570032629441,0.3613746690105319,0.40967694730485876,0.4459456597359275,0.4483756765796596,0.3545538758837418,0.03516949140497842,0.28511335264370796,0.3120986488084539,0.3503300291450396,0.4063475889837546,0.4471560579945574,0.3316655174105775,0.028423272388599412,0.2896011844878633,0.2956701837358897,0.33519022961306627,0.3648646306930316,0.36685282629244875
cohesion_fixed,nq_130,50,True,15,5,2.0,1.0,5,4;12;13;14;26,,0,0,0,0,2.3042008360647075,0.4608401672129415,10,7.940226502470022,4.367124576358512,3.57310192611151,2.062923740293804,-47.937076259706195,-44.36397433359468,-44.36397433359468,True,2.062923740293804,0.0,3003,0.19982011419261797,0.25710945567721405,0.008943757996292451,0.0145878728772056,0.0948235931831936,0.46443357994998025,1.0,0.4608401672129415,0.29539746377415166,0.16569464833755093,0.19035427021567633,0.4113195543329755,0.7999371721445268,1.0,0.7998135878640841,0.06721462245896619,0.6437680555119764,0.7282461840427294,0.7856693259841177,0.9111098276302199,0.951664219373414,0.7940226502470022,0.07349473236361224,0.68818155973456,0.7273462953917228,0.7835052032537793,0.9196308962523887,0.9265993983859669,0.43989747332524626,0.0369680423524314,0.354072430531587,0.4005354012235012,0.4321181292912647,0.501110405196621,0.5234153206553778,0.43671245763585115,0.040422102799986724,0.37849985785400797,0.40004046246544755,0.43092786178957854,0.5057969929388137,0.5096296691122818,0.3599161145388379,0.03024658010653478,0.28969562498038937,0.3277107828192283,0.35355119669285295,0.40999942243359894,0.4282488987180363,0.357310192611151,0.03307262956362552,0.309681701880552,0.32730583292627524,0.3525773414642006,0.413833903313575,0.41696972927368514
cohesion_fixed,nq_131,50,True,15,5,2.0,1.0,5,4;5;11;34;41,0;4;15;20;23;43;46,1,1,3,1,4.270800105465886,0.8541600210931772,10,8.652190216258505,4.758704618942178,3.893485597316327,0.48790451347629205,-49.512095486523705,-45.61860988920738,-45.61860988920738,True,0.48790451347629205,0.0,3003,0.5655233494143883,0.2862476367603305,0.11519035263283274,0.2081753966035763,0.6855450040487494,0.9172690021685993,1.0,0.8541600210931772,0.11566314432259099,0.6855450040487494,0.7139701792930747,0.8995964669297246,0.9716202769311396,1.0,0.8797235136409316,0.03571759341237051,0.7959539646117659,0.8366266268153536,0.8775960375807187,0.929273799960664,0.9688480227836634,0.8652190216258505,0.03798492864772149,0.8256779144906113,0.8366147426138559,0.8564617240684256,0.8860506997521015,0.9688480227836634,0.4838479325025124,0.01964467637680378,0.4377746805364713,0.46014464474844446,0.4826778206693953,0.5111005899783652,0.5328664125310149,0.47587046189421783,0.02089171075624681,0.45412285296983623,0.46013810843762076,0.47105394823763413,0.4873278848636558,0.5328664125310149,0.39587558113841925,0.01607291703556673,0.35817928407529465,0.37648198206690914,0.3949182169113234,0.41817320998229873,0.4359816102526486,0.38934855973163274,0.017093217891474683,0.3715550615207751,0.37647663417623517,0.38540777583079155,0.39872281488844563,0.4359816102526486
cohesion_fixed,nq_132,50,True,15,5,2.0,1.0,5,0;5;6;20;33,9;18;19;28,1,0,1,0,3.054481261421145,0.6108962522842291,10,8.171247351908738,4.4941860435498056,3.6770613083589314,1.4397047821286604,-48.56029521787134,-44.883233909512406,-44.88323390951241,True,1.4397047821286604,0.0,3003,0.27543508282938145,0.30541859671714455,0.06372406659065702,0.065596907875041,0.11919355576440786,0.8099805367924442,1.0,0.6108962522842291,0.3238366216622609,0.21009869412399823,0.2228952303645565,0.7569749137530375,0.9381270475274862,1.0,0.8332696261756515,0.05146803467825422,0.7042543745351972,0.7677217778726595,0.8349763219719649,0.8976061766372104,0.9482988845491951,0.8171247351908736,0.03791048203151259,0.7621899341034348,0.7659527808552173,0.8235964236621107,0.8584115720050185,0.8857139526430862,0.4582982943966083,0.02830741907303982,0.38733990599435847,0.42224697782996273,0.4592369770845807,0.4936833971504657,0.5215643865020573,0.4494186043549805,0.020850765117331922,0.41920446375688913,0.42127402947036957,0.45297803301416095,0.47212636460276014,0.48714267395369737,0.3749713317790431,0.023160615605214402,0.31691446854083877,0.34547480004269676,0.3757393448873842,0.4039227794867447,0.4267344980471378,0.36770613083589315,0.01705971691418067,0.3429854703465457,0.3446787513848478,0.3706183906479499,0.38628520740225836,0.3985712786893888
cohesion_fixed,nq_133,50,True,15,5,2.0,1.0,5,22;26;28;35;47,2;5;9;31;47,1,1,3,1,4.175987314453165,0.8351974628906328,10,8.272279140830273,4.549753527456652,3.722525613373622,0.37376621300348667,-49.626233786996515,-45.90370817362289,-45.90370817362289,True,0.37376621300348667,0.0,3003,0.5309028816785147,0.2793006721682103,0.054915312468933775,0.1890774081159971,0.4811045945881705,0.9465786222260879,1.0,0.8351974628906328,0.15526085408153734,0.6477087320044437,0.6497062916211526,0.8938347430770746,0.992696483330172,1.0,0.8701130309315704,0.05778649303630749,0.7177292109942682,0.7845853394149496,0.8838733498857817,0.93510185070449,0.9583413188962053,0.8272279140830273,0.05037158222267714,0.7606368486078732,0.7718417182328212,0.8171484665416247,0.8799270580218275,0.9128807349680146,0.47856216701236376,0.03178257116996912,0.3947510660468475,0.4315219366782223,0.48613034243717995,0.5143060178874695,0.5270877253929129,0.454975352745665,0.02770437022247241,0.41835026673433023,0.4245129450280517,0.4494316565978935,0.4839598819120051,0.502084404232408,0.3915508639192067,0.026003921866338372,0.3229781449474207,0.35306340273672726,0.39774300744860175,0.4207958328170205,0.4312535935032924,0.3722525613373623,0.022667212000204724,0.34228658187354294,0.3473287732047695,0.3677168099437311,0.3959671761098224,0.4107963307356066
cohesion_fixed,nq_134,50,True,15,5,2.0,1.0,5,3;6;19;32;48,0;3;5;6,1,1,3,2,2.5185288026116526,0.5037057605223305,10,7.73066629656953,4.251866463113243,3.4787998334562884,1.73333766050159,-48.26666233949841,-44.78786250604212,-44.787862506042124,True,1.73333766050159,0.0,3003,0.2407901986926572,0.2724214392548438,0.011033945330607305,0.015895527913525307,0.13239973163544613,0.49907073724831513,1.0,0.5037057605223305,0.28171958886493503,0.13239973163544613,0.23673311157418986,0.48333398224012697,0.8038247629015096,1.0,0.8119917372743105,0.067845903314004,0.6477268647415214,0.7243453923005162,0.8100269676038301,0.8958378132231322,0.922921734005161,0.773066629656953,0.0579287123037906,0.7029305147759813,0.7071530794103968,0.7601305346155425,0.8529342504487919,0.8725795026987864,0.4465954555008708,0.037315246822702194,0.35624977560783677,0.3983899657652839,0.4455148321821065,0.49271079727272266,0.5076069537028385,0.4251866463113242,0.03186079176708484,0.38661178312678973,0.38893419367571824,0.4180717940385484,0.46911383774683557,0.47991872648433254,0.3653962817734397,0.0305306564913018,0.29147708913368464,0.32595542653523224,0.36451213542172356,0.40312701595040945,0.4153147803023225,0.34787998334562886,0.02606792053670576,0.3163187316491916,0.3182188857346786,0.3420587405769941,0.3838204127019563,0.39266077621445383
cohesion_fixed,nq_135,50,True,15,5,2.0,1.0,5,4;27;32;43;47,0;20;28;38,0,0,0,0,1.9617325521932325,0.3923465104386465,10,6.3891815905828935,3.514049874820591,2.875131715762302,1.5523173226273586,-48.44768267737264,-45.57255096161034,-45.57255096161034,True,1.5523173226273586,0.0,3003,0.17258812874935964,0.2388626456356883,0.024216917858984353,0.03266340222106446,0.09094326165037972,0.3047903949473327,1.0,0.3923465104386465,0.31099414905077827,0.12862403854393262,0.17295594458579974,0.25701215526543525,0.7346570218941058,1.0,0.6432533186407868,0.0673576243230616,0.4860013059499879,0.5739475407163418,0.6470033547628936,0.7173933045560167,0.9025128000210297,0.6389181590582893,0.035341054681181455,0.5810990722449316,0.5990623213198146,0.6411066677079744,0.6820925891990438,0.6937603520520339,0.3537893252524328,0.03704669337768388,0.26730071827249335,0.315671147393988,0.3558518451195915,0.39456631750580917,0.4963820400115664,0.3514049874820591,0.019437580074649803,0.3196044897347124,0.32948427672589803,0.3526086672393859,0.37515092405947414,0.38156819362861866,0.2894639933883541,0.03031093094537772,0.21870058767749456,0.2582763933223538,0.2911515096433021,0.3228269870502075,0.40613076000946335,0.2875131715762302,0.015903474606531652,0.26149458251021923,0.2695780445939166,0.2884980004685885,0.3069416651395697,0.31219215842341524
cohesion_fixed,nq_136,50,True,15,5,2.0,1.0,5,11;16;18;27;35,21,1,0,1,0,1.0162605294817975,0.20325210589635953,10,5.952318129450061,3.273774971197533,2.6785431582525274,2.2575144417157356,-47.742485558284265,-45.063942400031735,-45.063942400031735,True,2.2575144417157356,0.0,3003,0.08540866127738382,0.24611778946435736,0.0006354967978523583,0.0009351419719595577,0.007048332586016178,0.08551701988472522,1.0,0.20325210589635953,0.39838048060051506,0.0010000525285111222,0.001456044767415527,0.006072111241498136,0.6028193330344066,1.0,0.6805768374948642,0.08306175049415065,0.5543002208730707,0.5867111359562063,0.6658138843578943,0.8038568527244521,0.9915545879633123,0.595231812945006,0.027355202594874423,0.562206219397515,0.5640217722420839,0.5915773502335883,0.6298440567010518,0.6494685367217917,0.37431726062217535,0.04568396277178286,0.3048651214801889,0.32269112477591344,0.3661976363968419,0.4421212689984486,0.5453550233798218,0.32737749711975334,0.015045361427180935,0.3092134206686333,0.3102119747331462,0.32536754262847356,0.3464142311855785,0.3572076951969855,0.3062595768726889,0.03737778772236779,0.24943509939288183,0.26402001118029284,0.29961624796105246,0.3617355837260034,0.4461995645834905,0.2678543158252527,0.012309841167693486,0.25299279872888175,0.2538097975089378,0.2662098076051147,0.2834298255154733,0.29226084152480625
cohesion_fixed,nq_137,50,True,15,5,2.0,1.0,5,0;4;8;43;47,0;3,1,1,2,1,1.214374103623487,0.2428748207246974,10,7.618146121140697,4.189980366627383,3.428165754513314,2.975606263003896,-47.0243937369961,-43.596227982482795,-43.59622798248279,True,2.975606263003896,0.0,3003,0.08666313573362014,0.24695373737909587,0.0005164160302504147,0.0006114744314680433,0.0022890660566776424,0.11103402727413883,1.0,0.2428748207246974,0.38181734059368794,0.0007108694228925859,0.0018038594652805733,0.07548953264450141,0.6538921428108923,1.0,0.8040239524299553,0.054811896993919786,0.6383006950492887,0.7366889488526548,0.8056469626878479,0.8749470017679504,0.9308384657944926,0.7618146121140696,0.06507462477685506,0.6543773359227791,0.6718427754182928,0.7829089473826523,0.8325410683690525,0.8383824005760893,0.4422131738364754,0.03014654334665589,0.35106538227710876,0.40517892186896015,0.44310582947831634,0.4812208509723727,0.5119611561869709,0.4189980366627384,0.03579104362727029,0.3599075347575285,0.369513526480061,0.43059992106045875,0.4578975876029789,0.46111032031684906,0.3618107785934799,0.024665353647263903,0.2872353127721799,0.33151002698369464,0.3625411332095315,0.39372615079557766,0.4188773096075217,0.3428165754513314,0.029283581149584778,0.2944698011652506,0.30232924893823176,0.3523090263221935,0.3746434807660736,0.3772720802592402
cohesion_fixed,nq_138,50,True,15,5,2.0,1.0,5,5;18;25;26;37,,0,0,0,0,2.8768083580303343,0.5753616716060669,10,7.77208464312489,4.274646553718689,3.4974380894062005,1.397838195688355,-48.60216180431164,-45.10472371490545,-45.10472371490545,True,1.397838195688355,0.0,3003,0.23585689047769295,0.3221910945913865,0.012668666255575764,0.014007458766647319,0.045000086958027784,0.7542609452502255,1.0,0.5753616716060669,0.35073999374559395,0.10636802485250031,0.21091468782178152,0.43681222645526435,0.9863573697787466,1.0,0.8312089686110741,0.07988477715219627,0.7026277825147341,0.7419128323100712,0.8027610258595522,0.9350960043124703,0.9561082603917681,0.777208464312489,0.05110295555609911,0.7242685227743171,0.733837028444415,0.7605295422088625,0.815563157633117,0.9108714875999945,0.45716493273609077,0.04393662743370795,0.3864452803831038,0.4080520577705392,0.4415185642227537,0.5143028023718587,0.5258595432154725,0.42746465537186895,0.028106625555854515,0.3983476875258744,0.40361036564442826,0.4182912482148743,0.4485597366982144,0.500979318179997,0.3740440358749833,0.035948149718488316,0.31618250213163035,0.33386077453953206,0.3612424616367985,0.42079320194061165,0.43024871717629565,0.34974380894062007,0.0229963300002446,0.3259208352484427,0.33022666279998675,0.3422382939939881,0.3670034209349026,0.4098921694199975
cohesion_fixed,nq_139,50,True,15,5,2.0,1.0,5,0;3;4;6;31,,0,0,0,0,1.311672081223988,0.2623344162447976,10,6.56647186732284,3.6115595270275627,2.9549123402952784,2.2998874458035745,-47.70011255419642,-44.74520021390114,-44.74520021390115,True,2.2998874458035745,0.0,3003,0.09076044819769034,0.24959267377100589,0.0009597846590648668,0.0011966625226568137,0.0029762231513292396,0.168332383474565,1.0,0.2623344162447976,0.37771513956957425,0.0011082608307377455,0.0014231191509786465,0.08434332391290553,0.6897300359396019,1.0,0.6901124323535359,0.06144393906072254,0.5405516070036795,0.6134447686045037,0.6866315535534394,0.7657090321660616,0.8512689814726672,0.6566471867322841,0.08062913273638295,0.5405516070036795,0.5649717344460168,0.6549074939479216,0.7286963834225453,0.8421008814723643,0.37956183779444475,0.0337941664833974,0.29730338385202376,0.337394622732477,0.3776473544543917,0.4211399676913339,0.46819793980996693,0.36115595270275624,0.04434602300501062,0.29730338385202376,0.3107344539453092,0.3601991216713569,0.4007830108823999,0.46315548480980034,0.3105505945590911,0.027649772577325142,0.24324822315165578,0.27605014587202664,0.30898419909904773,0.3445690644747277,0.38307104166270023,0.2954912340295278,0.03628310973137233,0.24324822315165578,0.25423728050070754,0.29470837227656477,0.3279133725401454,0.37894539666256394
cohesion_fixed,nq_140,50,True,15,5,2.0,1.0,5,1;6;7;16;21,1;6,1,1,2,2,4.005944235030746,0.8011888470061492,10,8.7156232863801,4.7935928075090555,3.9220304788710454,0.7876485724783091,-49.21235142752169,-45.290320948650646,-45.290320948650646,True,0.7876485724783091,0.0,3003,0.2798776896699914,0.4198785753364698,0.0005436762886783795,0.0009188127992721324,0.013960745363620007,0.9962575067774901,1.0,0.8011888470061492,0.3454555102729359,0.11436781583482536,0.42877796526564294,0.9922621554647041,0.999568429727739,1.0,0.8873674869868267,0.031843134057478545,0.7918473029070647,0.8479018469840616,0.8907552225698214,0.9219308020913017,0.9901216169141247,0.8715623286380101,0.0527821284026391,0.798785067897302,0.8191749895502322,0.8815301519119549,0.9079607764855495,0.9901216169141247,0.4880521178427546,0.017513723731613206,0.4355160165988856,0.46634601584123386,0.4899153724134018,0.507061941150216,0.5445668893027686,0.47935928075090556,0.02903017062145152,0.4393317873435161,0.4505462442526276,0.48484158355157525,0.4993784270670522,0.5445668893027686,0.3993153691440719,0.01432941032586534,0.3563312863081791,0.3815558311428277,0.40083985015641965,0.4148688609410858,0.44555472761135606,0.39220304788710453,0.023751957781187577,0.3594532805537859,0.3686287452976045,0.3966885683603797,0.40858234941849725,0.44555472761135606
cohesion_fixed,nq_141,50,True,15,5,2.0,1.0,5,14;24;33;35;45,2;3;5;7;11;13;14;16;18;19;20;21;22;23;24;25;26;29;30;31;32;33;34;35;36;37;39;44;45;46;47;48,1,1,13,5,4.892661091017662,0.9785322182035324,10,8.469424092156384,4.658183250686011,3.8112408414703727,-0.23447784033165142,-50.23447784033165,-46.423236998861285,-46.42323699886128,True,-0.23447784033165142,0.0,3003,0.8986335915693316,0.09109592852364096,0.729434763613293,0.7437550354074739,0.9299554254892274,0.9833190089556618,1.0,0.9785322182035324,0.013997035940831962,0.9604639553522273,0.9630962153409915,0.9788625462455814,0.9945159936382861,1.0,0.853432237026981,0.057673559493438685,0.7453586960337384,0.786766943100909,0.8402391885499224,0.9417302554270003,0.9819927486907674,0.8469424092156383,0.07036799536014299,0.7648924158360101,0.7688669384090633,0.8119167656579116,0.9261486814160124,0.9616721794023995,0.4693877303648395,0.03172045772139128,0.40994728281855614,0.4327218187054999,0.46213155370245734,0.5179516404848502,0.5400960117799221,0.4658183250686011,0.038702397448078636,0.42069082870980556,0.4228768161249848,0.4465542211118514,0.5093817747788069,0.5289196986713197,0.38404450666214146,0.025953101772047408,0.33541141321518225,0.354045124395409,0.37810763484746507,0.4237786149421501,0.4418967369108453,0.38112408414703725,0.03166559791206435,0.3442015871262045,0.34599012228407844,0.3653625445460602,0.4167669066372055,0.43275248073107975
cohesion_fixed,nq_142,50,True,15,5,2.0,1.0,5,4;6;10;37;41,0;1;2;3;4;5;6;7;8;9;10;11;12;13;14;15;16;17;18;19;20;21;22;23;24;25;26;28;30;31;36;37;39;41;42;43;44;45;47;49,1,1,13,5,3.4879800850106215,0.6975960170021243,10,8.491524205466202,4.67033831300641,3.8211858924597903,1.1823582279957887,-48.81764177200421,-44.99645587954441,-44.99645587954442,True,1.1823582279957887,0.0,3003,0.2950009456804049,0.3308609929235955,0.042675789112409296,0.05492281510746219,0.12477146250430379,0.8425482977149593,1.0,0.6975960170021243,0.28644610663007314,0.18269257245086912,0.3742993911465763,0.7179921915340489,0.9702342807342266,1.0,0.8381604740436127,0.050465104705745174,0.7196737027434524,0.7704903165771361,0.8389024987640085,0.906221089509476,0.9481865535637356,0.8491524205466201,0.04087704281747948,0.777889465571484,0.8057178064887889,0.8470796401108545,0.9029918531363081,0.906587297164126,0.460988260723987,0.027755807588159844,0.3958205365088988,0.42376967411742483,0.46139637432020464,0.49842159923021184,0.5215026044600546,0.46703383130064113,0.022482373549613712,0.4278392060643162,0.4431447935688339,0.4658938020609699,0.49664551922496947,0.4986230134402693,0.37717221331962575,0.02270929711758533,0.3238531662345536,0.34672064245971124,0.3775061244438038,0.40779949027926415,0.426683949103681,0.382118589245979,0.01839466926786577,0.3500502595071678,0.362573012919955,0.3811858380498845,0.4063463339113386,0.4079642837238567
cohesion_fixed,nq_143,50,True,15,5,2.0,1.0,5,15;26;34;45;47,6;26;47,1,1,2,2,4.701032771670996,0.9402065543341992,10,7.396299247987199,4.06796458639296,3.3283346615942393,-0.6330681852780362,-50.633068185278034,-47.304733523683794,-47.304733523683794,True,-0.6330681852780362,0.0,3003,0.8280565472035492,0.10695579091955242,0.6809631886241392,0.7115815204720187,0.8022322444478693,0.9809581168750492,1.0,0.9402065543341992,0.0726234707323341,0.8022322444478693,0.8598934277070971,0.9524553895063185,0.9999839740483478,1.0,0.7343523830445872,0.049615071685461525,0.6519557616170634,0.6806199975597381,0.7343392016497531,0.7668899579810106,0.9936306718343298,0.7396299247987199,0.0918879743661358,0.6526590343255073,0.6591642336250509,0.7278711032606885,0.7826669824577033,0.9936306718343298,0.40389381067452296,0.02728828942700384,0.35857566888938486,0.374340998657856,0.4038865609073642,0.4217894768895558,0.5464968695088814,0.406796458639296,0.050538385901374695,0.35896246887902905,0.36254032849377804,0.4003291067933787,0.4304668403517368,0.5464968695088814,0.3304585723700642,0.022326782258457686,0.2933800927276785,0.3062789989018821,0.3304526407423889,0.34510048109145475,0.4471338023254484,0.332833466159424,0.04134958846476111,0.29369656544647826,0.2966239051312729,0.3275419964673098,0.35220014210596645,0.4471338023254484
cohesion_fixed,nq_144,50,True,15,5,2.0,1.0,5,5;28;36;39;43,0;1;3;4;5;6;8;11;12;20;21;22;28;29;36;39;40;41;43;45;48,1,1,15,5,4.9941629473728995,0.9988325894745799,10,8.813945156728405,4.847669836200624,3.9662753205277825,-0.14649311117227537,-50.146493111172276,-46.180217790644505,-46.18021779064449,True,-0.14649311117227537,0.0,3003,0.9988744512554981,0.002487140004167293,0.9907039532235059,0.9967816325677443,0.999817687153195,0.9999924617782676,1.0,0.9988325894745799,0.0018802087852692608,0.9950798790116391,0.9968821103840011,0.9997253677921042,0.999899808445328,0.9999545559734166,0.9140589317475382,0.030028750349439824,0.8453573296123663,0.8743813998176043,0.9143970714565857,0.9547281681607365,0.9746394192898058,0.8813945156728407,0.03271329036051,0.8453573296123663,0.8457954280183184,0.8804139665030717,0.9260025808439545,0.9466881876758046,0.502732412461146,0.016515812692191906,0.46494653128680147,0.48090976989968237,0.5029183893011221,0.5251004924884051,0.5360516806093932,0.4847669836200623,0.017992309698280504,0.46494653128680147,0.4651874854100751,0.4842276815766895,0.509301419464175,0.5206785032216925,0.4113265192863922,0.013512937657247917,0.38041079832556485,0.39347162991792195,0.41147868215546357,0.4296276756723314,0.43858773868041256,0.3966275320527783,0.014720980662229498,0.38041079832556485,0.38060794260824327,0.3961862849263823,0.41670116137977947,0.42600968445411214
cohesion_fixed,nq_145,50,True,15,5,2.0,1.0,5,17;18;25;30;33,8,1,0,1,0,1.5550493902140923,0.31100987804281843,10,7.6518199652853225,4.208500980906927,3.4433189843783953,2.6534515906928346,-47.34654840930717,-43.90322942492877,-43.90322942492877,True,2.6534515906928346,0.0,3003,0.12411260270206996,0.24982377146084375,0.0003056729738844785,0.0012171470548439191,0.02227293981182955,0.27083600782015677,1.0,0.31100987804281843,0.36403978079305604,0.0003056729738844785,0.005905579770122712,0.2671347927263995,0.7093213938197314,1.0,0.8274344366742253,0.07738775466266151,0.646427216998416,0.7064233772503008,0.8388649040062617,0.9395730587042666,0.9591967432411008,0.7651819965285322,0.07229288847556918,0.646427216998416,0.6876857400683967,0.7578929769149916,0.8608304963136111,0.8692411511876752,0.45508894017082396,0.04256326506446383,0.3555349693491288,0.3885328574876655,0.46137569720344396,0.5167651822873466,0.5275582087826054,0.4208500980906928,0.03976108866156305,0.3555349693491288,0.37822715703761817,0.41684113730324535,0.4734567729724861,0.47808263315322136,0.3723454965034014,0.03482448959819768,0.2908922476492872,0.3178905197626354,0.3774892068028177,0.4228078764169199,0.4316385344584954,0.3443318984378395,0.03253179981400614,0.2908922476492872,0.3094585830307785,0.3410518396117462,0.38737372334112496,0.39115851803445384
cohesion_fixed,nq_146,50,True,15,5,2.0,1.0,5,9;14;22;27;46,2;6;8;9;14;22;33,1,1,5,3,4.695037659365871,0.9390075318731743,10,7.660852427250855,4.21346883498797,3.4473835922628853,-0.4815688243779013,-50.4815688243779,-47.03418523211501,-47.034185232115014,True,-0.4815688243779013,0.0,3003,0.7653311039414603,0.21408395373434777,0.37296853192572677,0.45708885741325833,0.7921845573528911,0.999802547391509,1.0,0.9390075318731743,0.08723462142539276,0.7760333488899122,0.8333992393775532,0.9996559691432879,0.9999601064894625,1.0,0.7828119641483741,0.08094721396214288,0.6697226214192107,0.6901274728618221,0.7580477833279421,0.8983281637829361,0.9864698751753629,0.7660852427250855,0.1125318208149339,0.6698701254399899,0.6787075695633875,0.6932477842696874,0.9186430782968752,0.9747838317777738,0.43054658028160575,0.04452096767917859,0.3683474417805659,0.37957011007400215,0.41692628083036815,0.4940804900806149,0.5425584313464495,0.421346883498797,0.06189250144821365,0.36842856899199444,0.3732891632598631,0.38128628134832804,0.5052536930632813,0.5361311074777756,0.35226538386676837,0.0364262462829643,0.3013751796386448,0.3105573627878199,0.34112150249757395,0.40424767370232123,0.44391144382891334,0.3447383592262885,0.05063931936672025,0.3014415564479955,0.3054184063035244,0.31196150292135927,0.41338938523359386,0.43865272429999824
cohesion_fixed,nq_147,50,True,15,5,2.0,1.0,5,6;11;16;40;44,0;6;8;11;40,1,1,5,3,4.8840226329480885,0.9768045265896177,10,7.2915582254642,4.010357024005311,3.2812012014588903,-0.8736656089427779,-50.87366560894278,-47.59246440748388,-47.59246440748389,True,-0.8736656089427779,0.0,3003,0.557314833019451,0.3883338321643146,0.08131696746192221,0.13104269657301237,0.39456500475421397,0.9999613731263202,1.0,0.9768045265896177,0.03948089940771547,0.8985244608118397,0.9336598466110314,0.9992290719794727,0.9999613731263202,0.9999945159376874,0.7406681097588647,0.0745522432728761,0.5648604131062104,0.6639248428368125,0.7292899557012426,0.846696415313414,0.9763227270039843,0.7291558225464201,0.10007870351165979,0.6310492070577737,0.6426060714419998,0.6817889761299353,0.8181811106410777,0.9763227270039843,0.40736746036737553,0.041003733800081855,0.3106732272084157,0.36515866356024684,0.4011094756356834,0.4656830284223777,0.5369774998521913,0.40103570240053105,0.055043286931412874,0.3470770638817755,0.3534333392930999,0.3749839368714644,0.4499996108525927,0.5369774998521913,0.33330064939148907,0.033548509472794245,0.25418718589779465,0.2987661792765656,0.32818048006555917,0.3810133868910363,0.4393452271517929,0.328120120145889,0.04503541658024691,0.28397214317599817,0.2891727321488999,0.30680503925847086,0.3681814997884849,0.4393452271517929
cohesion_fixed,nq_148,50,True,15,5,2.0,1.0,5,0;1;6;11;22,0;1;4;6;17;22,1,1,6,4,4.685166562272632,0.9370333124545264,10,8.889065273481828,4.8889859004150065,4.000079373066823,0.20381933814237474,-49.796180661857626,-45.79610128879081,-45.7961012887908,True,0.20381933814237474,0.0,3003,0.6179799857533544,0.3340728944869582,0.11693466741634224,0.12814635277625017,0.7777732224502046,0.9759469094205561,1.0,0.9370333124545264,0.05914736209347606,0.8432219580351044,0.8648586266381708,0.9541583769814903,0.9961890390853066,1.0,0.8931260169388795,0.03957495161288062,0.7913731910849913,0.8392608985252691,0.894222745046936,0.94377867520436,0.9688167917829944,0.8889065273481828,0.03278921944226926,0.8468112749900769,0.849962819685914,0.8806210200228415,0.9263391821823442,0.959158651808792,0.49121930931638375,0.021766223387084338,0.43525525509674523,0.461593494188898,0.4918225097758148,0.519078271362398,0.5328492354806469,0.48889859004150055,0.018034070693248087,0.4657462012445423,0.4674795508272527,0.4843415610125628,0.5094865502002893,0.5275372584948356,0.40190670762249575,0.017808728225796277,0.35611793598824604,0.3776674043363711,0.4024002352711212,0.424700403841962,0.4359675563023475,0.4000079373066822,0.014755148749021172,0.3810650737455346,0.3824832688586613,0.39627945901027867,0.41685263198205486,0.43162139331395644
cohesion_fixed,nq_149,50,True,15,5,2.0,1.0,5,2;4;6;12;38,2;4,1,1,2,2,4.7923297644112495,0.9584659528822499,10,8.4902932436603,4.669661284013165,3.8206319596471356,-0.12266848039808487,-50.12266848039808,-46.30203652075095,-46.302036520750946,True,-0.12266848039808487,0.0,3003,0.4229209643240577,0.4251651489985974,0.008843538522558075,0.01672354748795166,0.20062836815849822,0.9820693302929886,1.0,0.9584659528822499,0.04297337120871941,0.8823954469571863,0.9112783722194705,0.9556480205585559,0.9998734147130441,1.0,0.8198200419205747,0.060412040595386275,0.6793260575255271,0.7414953744088351,0.8120571310518756,0.8962956907815413,0.9711121483546042,0.8490293243660301,0.05258137910929171,0.7584221970537947,0.8066936376520675,0.8540431216769752,0.8798468704466016,0.9711121483546042,0.4509010230563161,0.03322662232746245,0.3736293316390399,0.4078224559248593,0.44663142207853157,0.4929626299298477,0.5341116815950323,0.46696612840131657,0.028919758510110433,0.4171322083795871,0.4436815007086371,0.46972371692233633,0.4839157787456309,0.5341116815950323,0.36891901886425854,0.02718541826792382,0.3056967258864872,0.3336729184839758,0.36542570897334403,0.4033330608516935,0.43700046675957194,0.3820631959647135,0.023661620599181282,0.34128998867420757,0.3630121369434304,0.3843194047546388,0.39593109170097074,0.43700046675957194
cohesion_fixed,nq_150,50,True,15,5,2.0,1.0,5,9;16;29;31;36,,0,0,0,0,1.1349676894856704,0.22699353789713408,10,7.1006759792901555,3.905371788609585,3.19530419068057,2.7704040991239145,-47.229595900876085,-44.03429171019552,-44.03429171019552,True,2.7704040991239145,0.0,3003,0.10987726860390075,0.24388636210932857,0.005039609422128048,0.005303840974626208,0.015326905065562422,0.16209952052692136,1.0,0.22699353789713408,0.38845474150042775,0.005516648474309958,0.006981500264907829,0.011308013605275427,0.6435856997821122,1.0,0.7845588176621918,0.08513276651413773,0.5945453816627453,0.6668724607016971,0.7848996603128018,0.907648840657293,0.9589421295367417,0.7100675979290155,0.09760994831523823,0.5946569219166553,0.5962382403882154,0.7315292747963784,0.8265963675111162,0.8685109446962673,0.4315073497142055,0.04682302158277575,0.3269999599145099,0.36677985338593344,0.431694813172041,0.49920686236151113,0.527418171245208,0.3905371788609585,0.05368547157338103,0.3270613070541604,0.3279310322135185,0.40234110113800814,0.45462800213111393,0.47768101958294706,0.3530514679479863,0.03830974493136198,0.26754542174823537,0.3000926073157637,0.3532048471407608,0.4084419782957818,0.4315239582915338,0.31953041906805696,0.0439244767418572,0.2675956148624949,0.26830720817469694,0.3291881736583703,0.3719683653800023,0.39082992511332026
cohesion_fixed,nq_151,50,True,15,5,2.0,1.0,5,0;1;4;10;22,4;6;18;22;28;38,1,1,4,2,2.962665702484882,0.5925331404969765,10,8.791730666282414,4.835451866455328,3.9562787998270865,1.8727861639704457,-48.127213836029554,-44.170935036202465,-44.170935036202465,True,1.8727861639704457,0.0,3003,0.2515590226483344,0.3187507709693027,0.023584364173138552,0.03422704634552414,0.12146612704156688,0.8192370761133249,1.0,0.5925331404969765,0.35501258959908955,0.20338945230735767,0.20624960731718625,0.5500238504701617,0.9994850239501736,1.0,0.8416715816213117,0.05571130595336936,0.7270431795077594,0.7781201700292247,0.8360133475351307,0.9194946371696046,0.9977367541642936,0.8791730666282416,0.04837077192382133,0.8081633607473654,0.8302636952535187,0.8653131544692685,0.9402074879396389,0.9829597755185561,0.46291936989172144,0.030641218274353146,0.3998737487292677,0.4279660935160736,0.45980734114432187,0.5057220504432824,0.5487552147903615,0.4835451866455328,0.02660392455810173,0.444489848411051,0.4566450323894353,0.4759222349580976,0.5171141183668014,0.5406278765352058,0.37875221172959034,0.02507008767901621,0.32716943077849175,0.35015407651315117,0.3762060063908088,0.4137725867263221,0.44898153937393215,0.39562787998270865,0.021766847365719603,0.3636735123363144,0.37361866286408346,0.3893909195111708,0.42309336957283755,0.44233189898335024
cohesion_fixed,nq_152,50,True,15,5,2.0,1.0,5,0;1;2;6;20,0;1,1,1,2,2,4.9625924163572215,0.9925184832714443,10,8.571879021623257,4.714533461892792,3.8573455597304656,-0.2480589544644296,-50.248058954464426,-46.390713394733964,-46.390713394733964,True,-0.2480589544644296,0.0,3003,0.3727967064825186,0.4633873044413939,2.960393085685946e-05,4.07468426194983e-05,0.0035953893481641694,0.9997373325309047,1.0,0.9925184832714443,0.008961574274231601,0.9799420711865438,0.9812879528812365,0.999344046587684,0.9999998092638873,1.0,0.7271946935861653,0.08205907423082925,0.5592894755286377,0.6361699980458527,0.7110742173751649,0.8394019367038691,0.9910344755994722,0.8571879021623257,0.05867035772361707,0.7950721740221726,0.8061325744944504,0.8434589716606381,0.9266855785962235,0.9910344755994722,0.39995708147239095,0.04513249082695609,0.30760921154075077,0.349893498925219,0.3910908195563407,0.461671065187128,0.5450689615797097,0.4714533461892792,0.03226869674798939,0.4372896957121949,0.4433729159719477,0.463902434413351,0.5096770682279229,0.5450689615797097,0.32723761211377433,0.03692658340387316,0.25168026398788695,0.28627649912063374,0.3199833978188242,0.37773087151674106,0.4459655140197625,0.3857345559730466,0.026401660975627673,0.35778247830997767,0.3627596585225027,0.3795565372472871,0.41700851036830056,0.4459655140197625
cohesion_fixed,nq_153,50,True,15,5,2.0,1.0,5,2;11;12;30;46,0;1;46,1,1,2,1,2.4698590581825766,0.4939718116365153,10,7.1445745778539305,3.9295160178196626,3.215058560034269,1.459656959637086,-48.54034304036291,-45.32528448032865,-45.32528448032865,True,1.459656959637086,0.0,3003,0.24553715540292434,0.2383434650909662,0.026377081041142572,0.048823562033222107,0.16634545871143275,0.44784732411460304,1.0,0.4939718116365153,0.2639830925852277,0.25829984545813234,0.2899917756057043,0.38285200511913087,0.7964710147113006,1.0,0.7187036626200285,0.08140282055003803,0.5048148424709088,0.6316537442851087,0.7076391266879016,0.8360032750192222,0.8810390869623616,0.7144574577853932,0.0576141697114432,0.6368984042278476,0.65686278445668,0.7036665874951893,0.7945279473809401,0.835380112409646,0.3952870144410157,0.04477155130252092,0.27764816335899983,0.3474095593568097,0.3892015196783459,0.45980180126057224,0.48457149782929887,0.3929516017819662,0.031687793341293756,0.3502941223253162,0.361274531451174,0.3870166231223541,0.43699037105951705,0.4594590618253053,0.3234166481790129,0.036631269247517105,0.22716667911190896,0.2842441849282989,0.31843760700955576,0.37620147375865,0.3964675891330627,0.3215058560034269,0.02592637637014944,0.2866042819025314,0.295588253005506,0.31664996437283516,0.357537576321423,0.3759210505843407
cohesion_fixed,nq_154,50,True,15,5,2.0,1.0,5,2;9;15;27;42,,0,0,0,0,2.5656907262960345,0.5131381452592069,10,8.770677776844177,4.823872777264298,3.9468049995798795,2.2581820509682635,-47.741817949031734,-43.79501294945185,-43.79501294945186,True,2.2581820509682635,0.0,3003,0.1814584896477531,0.33710132373899143,0.0034474924396700715,0.0037473804985694373,0.015155668986172184,0.7783739461972039,1.0,0.5131381452592069,0.41897653130159357,0.0053147511246182996,0.009751094808720004,0.7400413635236109,0.9215716005251731,1.0,0.8932389919437144,0.03360979848948984,0.8027547226253933,0.8447681988824791,0.8981064181163769,0.9320623652942489,0.9553666742846327,0.8770677776844178,0.047859054259848446,0.8188178041590437,0.8220578409560322,0.8638248847860117,0.9363288036191437,0.9452758521739885,0.4912814455690429,0.01848538916921941,0.44151509744396633,0.4646225093853635,0.4939585299640073,0.5126343009118369,0.525451670856548,0.4823872777264298,0.02632247984291665,0.45034979228747407,0.4521318125258177,0.4751036866323065,0.5149808419905291,0.5199017186956937,0.40195754637467146,0.015124409320270432,0.36123962518142694,0.3801456894971156,0.4041478881523696,0.419428064382412,0.42991500342808475,0.39468049995798793,0.021536574416931797,0.36846801187156963,0.3699260284302145,0.3887211981537053,0.4213479616286147,0.4253741334782948
cohesion_fixed,nq_155,50,True,15,5,2.0,1.0,5,7;18;22;33;42,,0,0,0,0,2.290929946890881,0.45818598937817623,10,6.725530340256641,3.699041687141152,3.0264886531154875,1.4081117402502707,-48.59188825974973,-45.56539960663424,-45.565399606634244,True,1.4081117402502707,0.0,3003,0.22837391651800695,0.25286563870568085,0.030590506027212187,0.04448548475518501,0.15057102229247601,0.5085237945745278,1.0,0.45818598937817623,0.3240744710348403,0.07026124773525068,0.1465966030330687,0.33608821665486477,0.849392338608388,1.0,0.7515813625810347,0.09312167544643385,0.5110233614192161,0.6126043878965327,0.7656221219027011,0.8658554404342622,0.9274238675226398,0.672553034025664,0.06596202994552251,0.5618814159050374,0.5949343220654899,0.6847467930925834,0.7553436461401658,0.7678793098015115,0.4133697494195691,0.05121692149553862,0.28106284878056886,0.336932413343093,0.4210921670464856,0.4762204922388442,0.510083127137452,0.36990416871411524,0.03627911647003739,0.3090347787477706,0.32721387713601946,0.3766107362009209,0.4154390053770912,0.42233362039083133,0.33821161316146564,0.041904753950895234,0.22996051263864725,0.2756719745534397,0.34452995485621546,0.389634948195418,0.41734074038518787,0.3026488653115488,0.02968291347548513,0.2528466371572668,0.2677204449294705,0.30813605689166246,0.3399046407630746,0.3455456894106802
cohesion_fixed,nq_156,50,True,15,5,2.0,1.0,5,1;3;7;9;16,0;3;4;5;6;7;8;14;16;17;24;27;39;42;43;49,1,1,9,3,4.221852057700074,0.8443704115400148,10,8.82560056660679,4.8540803116337345,3.971520254973055,0.6322282539336603,-49.36777174606634,-45.39625149109329,-45.39625149109328,True,0.6322282539336603,0.0,3003,0.5815967265198887,0.22365916861279994,0.2927789513050607,0.3340258336591213,0.6100862307598982,0.9214012431620898,1.0,0.8443704115400148,0.13166259226460358,0.6533110272326749,0.6934728861610736,0.8374698519307332,0.9909422015931977,1.0,0.8922785237705871,0.03297303973774005,0.8153574152719382,0.8548566094741983,0.8918023866897363,0.9363756687554643,0.9825039947372144,0.8825600566606789,0.03998233422298085,0.8267192456776074,0.8582995155859825,0.8654012339453423,0.9160537883535783,0.9825039947372144,0.49075318807382295,0.018135171855757037,0.448446578399566,0.4701711352108091,0.490491312679355,0.5150066178155054,0.5403771971054679,0.48540803116337344,0.021990283822639473,0.45469558512268404,0.47206473357229034,0.47597067866993825,0.5038295835944681,0.5403771971054679,0.40152533569676424,0.01483786788198302,0.3669108368723722,0.38468547426338917,0.40131107401038135,0.42136905093995897,0.44212679763174645,0.3971520254973055,0.017992050400341377,0.3720236605549233,0.3862347820136921,0.38943055527540404,0.41222420475911026,0.44212679763174645
cohesion_fixed,nq_157,50,True,15,5,2.0,1.0,5,0;1;10;31;49,0;1;49,1,1,3,3,2.4982886367059853,0.49965772734119707,10,7.270359531888193,3.998697742538507,3.2716617893496873,1.5004091058325217,-48.499590894167476,-45.22792910481779,-45.22792910481779,True,1.5004091058325217,0.0,3003,0.17067528132945584,0.3433223457599231,0.00013413633987799533,0.00014242084793599302,0.0003713879954406442,0.7786627241862369,1.0,0.49965772734119707,0.4367304912529087,0.00016771669010873247,0.02063165136899927,0.44706647895443963,0.9998907550696409,1.0,0.7792767775240517,0.08097977801733548,0.6221584460005143,0.6731265175940514,0.7719640171161876,0.8977909002554887,0.9616185129263017,0.7270359531888194,0.08296566272583206,0.6221584460005143,0.63023008327096,0.707300227769631,0.8114072026566874,0.9182237780245253,0.4286022276382284,0.04453887790953451,0.3421871453002829,0.3702195846767283,0.4245802094139032,0.49378499514051877,0.5288901821094659,0.3998697742538507,0.04563111449920763,0.3421871453002829,0.346626545799028,0.38901512527329707,0.4462739614611781,0.5050230779134889,0.3506745498858232,0.03644090010780096,0.2799713007002314,0.3029069329173231,0.3473838077022844,0.4040059051149699,0.4327283308168358,0.32716617893496874,0.03733454822662443,0.2799713007002314,0.283603537471932,0.3182851024963339,0.36513324119550933,0.4132007001110364
cohesion_fixed,nq_158,50,True,15,5,2.0,1.0,5,14;22;25;45;47,,0,0,0,0,1.3242459923116507,0.2648491984623301,10,6.668412624453531,3.6676269434494415,3.0007856810040887,2.3433809511377905,-47.65661904886221,-44.65583336785812,-44.65583336785812,True,2.3433809511377905,0.0,3003,0.10318927859221882,0.2457696504455646,0.002469679774676407,0.0034947388701065305,0.010028775180068976,0.15870290868838938,1.0,0.2648491984623301,0.3736206490882823,0.0035046071338657317,0.007461783504851251,0.12851696790741965,0.6715307476836144,1.0,0.7112631417759978,0.05051479510382131,0.6052635170362864,0.6456398949773373,0.7130995439335466,0.7739635928319156,0.8621464264262653,0.666841262445353,0.04363813545864167,0.6052635170362864,0.6121934071114303,0.6496358898005655,0.7275119967685497,0.7296466939627988,0.39119472797679883,0.027783137307101722,0.33289493436995754,0.35510194223753555,0.3922047491634506,0.4256799760575536,0.4741805345344459,0.36676269434494413,0.024000974502252918,0.33289493436995754,0.3367063739112867,0.357299739390311,0.4001315982227023,0.40130568167953934,0.32006841379919904,0.022731657796719585,0.2723685826663289,0.2905379527398018,0.32089479477009597,0.34828361677436204,0.38796589189181935,0.3000785681004089,0.019637160956388754,0.2723685826663289,0.27548703320014367,0.2923361504102545,0.3273803985458474,0.32834101228325946
cohesion_fixed,nq_159,50,True,15,5,2.0,1.0,5,15;17;25;27;40,32;49,1,0,2,0,3.2077251772009245,0.6415450354401849,10,7.145377569418241,3.9299576631800326,3.2154199062382087,0.722232485979108,-49.277767514020894,-46.062347607782684,-46.062347607782684,True,0.722232485979108,0.0,3003,0.23057642021766858,0.3631921347003938,0.0010955206300150302,0.0018765715841142722,0.04535864862495994,0.9193531366140518,1.0,0.6415450354401849,0.374131101820571,0.06944143504358874,0.1776227888916534,0.7984010844104972,0.9999951352332354,1.0,0.7487187848738004,0.0658540143016545,0.6273761698050032,0.6764903075717983,0.7374083291104443,0.8193208436823994,0.9608526390611256,0.7145377569418241,0.0778386506906023,0.6470141282636521,0.662901236958293,0.6917301051093766,0.7640420157741374,0.9335939959605442,0.4117953316805901,0.03621970786590997,0.34505689339275175,0.372069669164489,0.40557458101074434,0.4506264640253197,0.528468951483619,0.39299576631800326,0.04281125787983127,0.35585777054500867,0.36459568032706113,0.38045155781015716,0.4202231086757756,0.5134766977782993,0.33692345319321015,0.02963430643574452,0.28231927641225146,0.3044206384073092,0.33183374809969995,0.36869437965707974,0.43238368757750656,0.32154199062382083,0.03502739281077103,0.29115635771864345,0.2983055566312318,0.31127854729921944,0.3438189070983619,0.42011729818224486
cohesion_fixed,nq_160,50,True,15,5,2.0,1.0,5,4;12;25;41;48,4,1,1,1,1,4.886625539303988,0.9773251078607975,10,7.405512967891585,4.073032132340372,3.3324808355512134,-0.8135934069636157,-50.81359340696362,-47.481112571412396,-47.4811125714124,True,-0.8135934069636157,0.0,3003,0.6724235181201619,0.38051543195572585,0.034820770640464925,0.11829725017245708,0.9294152460755838,0.9962200185881596,1.0,0.9773251078607975,0.02590692414362409,0.9333141735735867,0.945022379661635,0.9910799378692812,0.9998586956269647,1.0,0.7850406476889297,0.05638773399453914,0.6482330586020736,0.7243136213051051,0.7820778338062148,0.8660579921766297,0.9363065129736569,0.7405512967891585,0.03772558062384105,0.6901429339884184,0.6926089618223573,0.7477740764956926,0.7844804178855215,0.7890870099270134,0.43177235622891136,0.031013253696996528,0.35652818223114047,0.39837249171780786,0.43014280859341814,0.47633189569714635,0.5149685821355112,0.4073032132340372,0.020749069343112582,0.3795786136936301,0.38093492900229653,0.41127574207263096,0.4314642298370368,0.43399785545985736,0.35326829146001837,0.025374480297542617,0.2917048763709331,0.3259411295872973,0.3519350252127966,0.38972609647948336,0.42133793083814564,0.33324808355512137,0.016976511280728468,0.3105643202947883,0.3116740328200608,0.3364983344230617,0.35301618804848467,0.35508915446715605
cohesion_fixed,nq_161,50,True,15,5,2.0,1.0,5,2;27;39;42;46,2;12;21;25;32,1,1,1,1,1.005912011757505,0.20118240235150103,10,8.25161957552727,4.53839076654,3.713228808987272,3.532478754782495,-46.467521245217505,-42.75429243623023,-42.75429243623023,True,3.532478754782495,0.0,3003,0.06906437959453653,0.24881712456737873,0.000630016956097572,0.000769263663682933,0.0016198313700177657,0.009042843010858056,1.0,0.20118240235150103,0.3994094568097246,0.000630016956097572,0.0007482794414492999,0.0016198313700177657,0.6010945961047652,1.0,0.8596783570227259,0.03706217568140949,0.7919276767736331,0.8149986396765583,0.8548446832528194,0.9171492249686387,0.9550085302784225,0.8251619575527271,0.01841027132074047,0.7919276767736331,0.8015503986472767,0.8272363891045994,0.847835705812563,0.84847393976097,0.4728230963624992,0.020384196624775214,0.4355602222254982,0.448249251822107,0.4701645757890507,0.5044320737327512,0.5252546916531323,0.4538390766539999,0.010125649226407251,0.4355602222254982,0.4408527192560022,0.4549800140075297,0.46630963819690957,0.46666066686853347,0.3868552606602267,0.01667797905663427,0.3563674545481349,0.3667493878544512,0.3846801074637687,0.4127171512358875,0.42975383862529015,0.37132288089872717,0.00828462209433322,0.3563674545481349,0.3606976793912745,0.3722563750970697,0.38152606761565333,0.3818132728924365
cohesion_fixed,nq_162,50,True,15,5,2.0,1.0,5,1;4;6;17;46,1;4;17;46,1,1,4,4,4.857751288991583,0.9715502577983166,10,7.827820481251692,4.30530126468843,3.522519216563261,-0.5524500243031527,-50.552450024303155,-47.02993080773989,-47.02993080773989,True,-0.5524500243031527,0.0,3003,0.39041113007728645,0.42620279260797733,0.0011365155774563835,0.0020143454713683426,0.1582706612009516,0.9819886174275877,1.0,0.9715502577983166,0.02775039380923773,0.9186238682843512,0.9418046063481825,0.9777120346519688,0.9939358690445335,1.0,0.7548650018283111,0.07714397528277192,0.5896063754312288,0.6578535817275231,0.7515632823314772,0.8518503312101091,0.9954629919022873,0.7827820481251692,0.05953050591802624,0.7329971636696736,0.7395273609368274,0.7570365714630587,0.8949817310475899,0.9039489850659316,0.4151757510055711,0.04242918640552455,0.32428350648717585,0.36181946995013764,0.4133598052823124,0.46851768216556006,0.547504645546258,0.43053012646884303,0.03274177825491443,0.4031484400183205,0.406740048515255,0.41637011430468224,0.4922399520761745,0.49717194178626234,0.33968925082274,0.03471478887724736,0.265322868944053,0.29603411177738537,0.33820347704916476,0.3833326490445491,0.44795834635602927,0.35225192165632613,0.026788727663111814,0.3298487236513531,0.3327873124215723,0.3406664571583764,0.40274177897141544,0.40677704327966924
cohesion_fixed,nq_163,50,True,15,5,2.0,1.0,5,1;2;4;30;34,,0,0,0,0,2.88902709883366,0.5778054197667319,10,7.0016096071529965,3.850885283934148,3.1507243232188484,0.9618581851004881,-49.03814181489951,-45.887417491680665,-45.887417491680665,True,0.9618581851004881,0.0,3003,0.19595370638359325,0.38374713271595556,0.0005152305801931336,0.000639129121277501,0.004577705251586932,0.952175286980478,1.0,0.5778054197667319,0.47225678999029175,0.0005743606957782214,0.000849201848260212,0.9006973887803048,0.9945975543122374,1.0,0.6989293213645643,0.06511001969891886,0.5860111247961509,0.6170083665258072,0.6888025320000364,0.7739113348816331,0.9877180006845907,0.7001609607152998,0.12945591127449552,0.5893546303883794,0.6093005781559705,0.6355403772477239,0.8624917694152274,0.9877180006845907,0.38441112675051037,0.035810510834405375,0.322306118637883,0.33935460158919395,0.37884139260002003,0.4256512341848982,0.5432449003765248,0.38508852839341484,0.07120075120097252,0.32414504671360866,0.33511531798578376,0.34954720748624823,0.4743704731783751,0.5432449003765248,0.31451819461405395,0.02929950886451349,0.2637050061582679,0.2776537649366132,0.30996113940001635,0.3482601006967349,0.44447310030806586,0.31507243232188487,0.058255160073522994,0.26520958367477077,0.27418526017018674,0.2859931697614758,0.3881212962368524,0.44447310030806586
cohesion_fixed,nq_164,50,True,15,5,2.0,1.0,5,4;30;32;40;49,4;32,1,1,2,2,2.7295165062672355,0.5459033012534471,10,7.2770348874884165,4.002369188118629,3.2746656993697867,1.2728526818513934,-48.72714731814861,-45.45248161877882,-45.45248161877882,True,1.2728526818513934,0.0,3003,0.2045694902626543,0.323310832340771,0.011139950312932526,0.012579076618976759,0.02651765227280469,0.7599249549417914,1.0,0.5459033012534471,0.37073867559587415,0.020198607439025348,0.11448926002313196,0.5605532050777977,0.9571357819404482,1.0,0.7500124484474293,0.07560162236657539,0.6173826887918505,0.6776379769180325,0.7331198078650751,0.8220845596416996,0.9916811686892356,0.7277034887488416,0.056446954465889716,0.6352919124058442,0.6547634135639803,0.7298958857683595,0.7986957482793761,0.809163786533612,0.41250684664608606,0.04158089230161647,0.3395604788355178,0.37270088730491785,0.4032158943257913,0.45214650780293475,0.5454246427790796,0.4002369188118629,0.031045824956239344,0.3494105518232143,0.3601198774601892,0.40144273717259776,0.43928266155365686,0.4450400825934866,0.3375056018013432,0.03402073006495892,0.2778222099563327,0.30493708961311466,0.32990391353928383,0.36993805183876477,0.44625652591015597,0.32746656993697865,0.025401129509650375,0.28588136058262986,0.2946435361037911,0.3284531485957618,0.3594130867257192,0.3641237039401254
cohesion_fixed,nq_165,50,True,15,5,2.0,1.0,5,3;5;6;12;17,0;3;5;12,1,1,3,3,1.6489847049185253,0.32979694098370504,10,7.214671432407011,3.9680692878238557,3.246602144583154,2.3190845829053304,-47.68091541709467,-44.43431327251152,-44.43431327251152,True,2.3190845829053304,0.0,3003,0.1501542834265738,0.2456609834196955,0.004720885430980973,0.0068135388547102115,0.06276019924031784,0.2758858586116637,1.0,0.32979694098370504,0.3477522095158827,0.02026529265887943,0.06520129317017595,0.18711178756136498,0.7236009323044641,1.0,0.751740938820087,0.07800611366381933,0.5226861652345332,0.6551528103206042,0.7462699592080996,0.8567089868410367,0.9338345467186335,0.721467143240701,0.09029630488830429,0.5683768249936224,0.6374218410914443,0.7231923754861866,0.8426954342752668,0.8499249150447876,0.4134575163510478,0.04290336251510063,0.2874773908789932,0.36033404567633237,0.4104484775644548,0.47118994276257015,0.5136090006952484,0.39680692878238555,0.04966296768856735,0.31260725374649234,0.35058201260029437,0.39775580651740267,0.46348248885139676,0.4674587032746332,0.3382834224690392,0.0351027511487187,0.23520877435553994,0.2948187646442719,0.3358214816436448,0.3855190440784665,0.42022554602338513,0.32466021445831544,0.04063333719973694,0.25576957124713007,0.2868398284911499,0.325436568968784,0.3792129454238701,0.38246621177015444
cohesion_fixed,nq_166,50,True,15,5,2.0,1.0,5,0;4;11;12;16,0;1;2,1,1,3,1,4.810567859281019,0.9621135718562035,10,8.020173145914969,4.411095230253234,3.6090779156617363,-0.3994726290277848,-50.399472629027784,-46.79039471336604,-46.79039471336605,True,-0.3994726290277848,0.0,3003,0.755797133699925,0.2716932288532567,0.3437491730022812,0.37105048053731426,0.9166120165284214,0.9999151181799467,1.0,0.9621135718562035,0.07078881894690056,0.8205688928263416,0.8905848304144831,0.9962864203726686,0.999241523714125,1.0,0.8088640854735055,0.08321957638377386,0.6291248901665408,0.6933834249554589,0.8126822018604885,0.9125383061123451,0.9556729270077785,0.8020173145914968,0.05954121538266888,0.692344786167408,0.721445829931658,0.8116879880124301,0.8618453259685886,0.8828780049991715,0.444875247010428,0.04577076701107562,0.34601868959159743,0.3813608837255024,0.44697521102326865,0.5018960683617898,0.5256201098542782,0.4411095230253233,0.03274766846046788,0.3807896323920744,0.39679520646241184,0.4464283934068366,0.4740149292827237,0.4855829027495443,0.36398883846307745,0.03744880937269824,0.2831062005749434,0.31202254122995654,0.3657069908372198,0.4106422377505553,0.4300528171535003,0.36090779156617364,0.026793546922201,0.3115551537753336,0.32465062346924606,0.36525959460559354,0.3878303966858649,0.39729510224962716
cohesion_fixed,nq_167,50,True,15,5,2.0,1.0,5,2;4;24;26;27,4;5;24,1,1,2,2,2.6863229211826494,0.5372645842365299,10,8.129930450157557,4.471461747586656,3.6584687025709006,1.785138826404007,-48.21486117359599,-44.556392471025084,-44.55639247102509,True,1.785138826404007,0.0,3003,0.25453794722965434,0.26984438656008153,0.02418463331023555,0.024956148652466252,0.12121462280521023,0.5841620376524802,1.0,0.5372645842365299,0.27873639244241066,0.16715818558508816,0.25219990776778717,0.4973965454047746,0.8568022796603804,1.0,0.8322207448884084,0.05849788799378659,0.6938682475133668,0.7536660363251334,0.8405831433283681,0.9105851875642701,0.9529026361001262,0.8129930450157558,0.05860276652358264,0.7351050369040439,0.7440745975383558,0.7935466878382915,0.8771963674248109,0.9128246267573507,0.45772140968862457,0.03217383839658263,0.3816275361323518,0.4145163199788234,0.4623207288306025,0.5008218531603486,0.5240964498550694,0.44714617475866564,0.032231521587970456,0.40430777029722414,0.4092410286460957,0.4364506783110604,0.482458002083646,0.5020535447165428,0.37449933519978373,0.026324049597203962,0.31224071138101506,0.33914971634631,0.37826241449776565,0.40976333440392154,0.42880618624505673,0.36584687025709006,0.026371244935612187,0.3307972666068198,0.3348335688922601,0.3570960095272312,0.3947383653411649,0.4107710820408078
cohesion_fixed,nq_168,50,True,15,5,2.0,1.0,5,4;5;14;21;31,0;4;17;19;39,1,1,2,1,3.557211370466202,0.7114422740932403,10,8.11975466054936,4.4658650633021475,3.653889597247212,0.9086536928359457,-49.09134630716405,-45.437456709916844,-45.437456709916844,True,0.9086536928359457,0.0,3003,0.32174294050281105,0.3317797290972354,0.027728236088190594,0.035202116203621965,0.1742870885760845,0.9300289816784321,1.0,0.7114422740932403,0.29233180952308674,0.3454214978513081,0.3543330668405731,0.8821234484791087,0.9847864015245258,1.0,0.8128805946009044,0.06650306863440167,0.6946427724112643,0.7268672532540325,0.8062494487840295,0.901693813278429,0.9657506973859467,0.811975466054936,0.04161783643024335,0.728437009749651,0.7801923308680471,0.8086283526078699,0.8743132329983948,0.8808364611203667,0.44708432703049744,0.03657668774892092,0.38205352482619537,0.39977698928971783,0.44343719683121624,0.49593159730313596,0.5311628835622707,0.44658650633021474,0.022889810036633852,0.400640355362308,0.4291057819774259,0.4447455939343285,0.4808722781491172,0.4844600536162017,0.365796267570407,0.029926380885480754,0.3125892475850689,0.32709026396431456,0.36281225195281325,0.40576221597529305,0.43458781382367595,0.3653889597247212,0.018728026393609504,0.32779665438734296,0.3510865488906212,0.3638827586735415,0.39344095484927766,0.39637640750416503
cohesion_fixed,nq_169,50,True,15,5,2.0,1.0,5,10;14;22;28;48,0;1;4;6;8;15;17;18;19;20;22;25;31;33;41;44;46,1,1,5,1,1.038144697470931,0.2076289394941862,10,8.388943975212301,4.613919186366766,3.7750247888455357,3.575774488895835,-46.42422551110417,-42.64920072225863,-42.64920072225863,True,3.575774488895835,0.0,3003,0.07523690971979276,0.2473381613156507,0.0009743533210876814,0.001002652197261667,0.0050150482032775435,0.03196606424898575,1.0,0.2076289394941862,0.39629025603554496,0.0009925230721951172,0.001002652197261667,0.010197864411249985,0.6103745856410498,1.0,0.875869422548533,0.04832137964091608,0.791457358103162,0.8186717344908219,0.8690412582466355,0.9474781633158292,0.9660161799223285,0.8388943975212302,0.034110283819084236,0.8051553820784922,0.8116778301599394,0.8271454697259851,0.8959503680343458,0.911457161482653,0.48172818240169313,0.026576758802503844,0.43530154695673906,0.450269453969952,0.4779726920356495,0.521112989823706,0.5313088989572806,0.46139191863667667,0.01876065610049633,0.44283546014317077,0.4464228065879667,0.4549300083492918,0.49277270241889015,0.5013014388154592,0.3941412401468398,0.021744620838412238,0.3561558111464229,0.3684022805208698,0.39106856621098596,0.4263651734921232,0.43470728096504785,0.37750247888455357,0.015349627718587907,0.3623199219353215,0.36525502357197276,0.3722154613766933,0.4031776656154556,0.4101557226671938
cohesion_fixed,nq_170,50,True,15,5,2.0,1.0,5,0;2;4;7;30,0;1;5;8;21;45,1,1,3,1,2.91725852558361,0.583451705116722,10,8.395563012593872,4.61755965692663,3.7780033556672423,1.7003011313430205,-48.29969886865698,-44.52169551298974,-44.52169551298974,True,1.7003011313430205,0.0,3003,0.3100843568947596,0.2572541652536244,0.06664844630114276,0.09094923664059261,0.22879399614449672,0.6514707006352598,1.0,0.583451705116722,0.26928702862503134,0.24253901042895468,0.3189154393312053,0.46636479423392213,0.9099498552944607,1.0,0.8411819635711434,0.05161753666155131,0.7179803244458146,0.7765171393718094,0.8359088607451124,0.9131673799509389,0.9460750558885074,0.8395563012593872,0.054792655291906696,0.7549269412947006,0.7778250901272686,0.8401463215832488,0.9076280984087258,0.9194617257089497,0.46265007996412894,0.028389645163853228,0.39488917844519805,0.4270844266544952,0.4597498734098118,0.5022420589730164,0.520341280738679,0.461755965692663,0.03013596041054869,0.4152098177120853,0.42780379956999776,0.4620804768707868,0.4991954541247992,0.5057039491399223,0.3785318836070145,0.023227891497698088,0.32309114600061656,0.34943271271731424,0.37615898733530057,0.4109253209779225,0.42573377514982835,0.3778003355667242,0.024656694881358004,0.3397171235826153,0.3500212905572709,0.3780658447124619,0.4084326442839266,0.41375777656902735
cohesion_fixed,nq_171,50,True,15,5,2.0,1.0,5,2;16;24;27;32,2;4;6;15;24;32;42;44,1,1,5,3,4.952187763961222,0.9904375527922443,10,8.652156225826884,4.758685924204787,3.8934703016220986,-0.19350183975643453,-50.193501839756436,-46.300031538134334,-46.300031538134334,True,-0.19350183975643453,0.0,3003,0.651241017617741,0.33829736010112316,0.15565346649467782,0.19351230232010216,0.7600811415827733,0.9981222685633553,1.0,0.9904375527922443,0.010010207954209288,0.9746941088952367,0.9778770308503696,0.9960868617434374,0.9995021518157914,1.0,0.8531441206088378,0.0460596733383513,0.7634389776519799,0.79179441767225,0.8496399333994461,0.9128849980098804,0.9702498312973658,0.8652156225826886,0.041006098607231235,0.8078715259163067,0.8251886079274048,0.8619309386688628,0.9215362851561544,0.951300948590752,0.4692292663348608,0.025332820336093215,0.41989143770858894,0.4354869297197375,0.4673019633696954,0.5020867489054343,0.5336374072135511,0.47586859242047874,0.022553354233977172,0.4443293392539687,0.45385373436007265,0.4740620162678746,0.5068449568358849,0.5232155217249136,0.38391485427397704,0.02072685300225809,0.34354753994339093,0.3563074879525125,0.38233797002975073,0.41079824910444623,0.4366124240838146,0.38934703016220984,0.01845274437325406,0.363542186662338,0.37133487356733214,0.38786892240098825,0.41469132832026945,0.4280854268658384
cohesion_fixed,nq_172,50,True,15,5,2.0,1.0,5,8;34;46;47;49,,0,0,0,0,1.5174932417694282,0.3034986483538856,10,6.488765919871286,3.5688212559292074,2.9199446639420783,2.051328014159779,-47.94867198584022,-45.028727321898145,-45.028727321898145,True,2.051328014159779,0.0,3003,0.10939874812089476,0.2539748928683284,0.0023982544785807747,0.0040649903458498315,0.00940668185307255,0.2511819377527653,1.0,0.3034986483538856,0.3698105471601479,0.00940668185307255,0.030929758148834967,0.07870687320780399,0.7464661256464293,1.0,0.7048966445920558,0.07129208780537877,0.5911141483097001,0.6401538459935171,0.6875701617168434,0.7682915296718004,0.9969754560720111,0.6488765919871285,0.03000395666738658,0.5911141483097001,0.6270168886458447,0.6464837415484554,0.6704494428770643,0.7172726577236617,0.38769315452563075,0.039210648292958325,0.3251127815703351,0.3520846152964344,0.37816358894426383,0.4225603413194902,0.5483365008396062,0.3568821255929207,0.016502176167062618,0.3251127815703351,0.3448592887552146,0.3555660578516505,0.3687471935823854,0.39449996174801394,0.3172034900664251,0.03208143951242044,0.26600136673936503,0.2880692306970827,0.30940657277257955,0.34573118835231015,0.44863895523240493,0.29199446639420784,0.01350178050032396,0.26600136673936503,0.2821575998906301,0.29091768369680493,0.301702249294679,0.3227726959756477
cohesion_fixed,nq_173,50,True,15,5,2.0,1.0,5,0;1;2;26;29,0;1,1,1,2,2,3.861793989876089,0.7723587979752178,10,7.61127355952323,4.186200457737778,3.4250731017854537,0.3244064678616887,-49.67559353213831,-46.250520430352864,-46.25052043035286,True,0.3244064678616887,0.0,3003,0.385166133544154,0.4143384828472574,0.0010541744921162433,0.001201978338112118,0.059243585744546426,0.9918751734643501,1.0,0.7723587979752178,0.38256694476580333,0.013482051293520399,0.35553876121881206,0.9796884701057073,0.9999998569480447,1.0,0.7535083613428193,0.10852498070889781,0.46777604025552594,0.5831640426213212,0.7652210392541802,0.8979447899252743,0.9680288452773953,0.7611273559523232,0.15509730750607975,0.5235743852584575,0.5571619160910342,0.871486836466864,0.9021780988492173,0.9085036805396318,0.41442959873855056,0.0596887393898938,0.25727682214053926,0.32074022344172665,0.4208715715897991,0.49386963445890086,0.5324158649025674,0.41862004577377776,0.08530351912834387,0.2879659118921516,0.30643905385006875,0.4793177600567752,0.49619795436706954,0.4996770242967975,0.33907876260426867,0.04883624131900401,0.21049921811498667,0.2624238191795945,0.34434946766438107,0.40407515546637346,0.4356129803748279,0.3425073101785454,0.06979378837773588,0.23560847336630586,0.2507228622409654,0.39216907641008875,0.40598014448214775,0.4088266562428343
cohesion_fixed,nq_174,50,True,15,5,2.0,1.0,5,0;3;6;10;12,0;2;6;8;9;12;17;28;45,1,1,9,3,4.607213046768014,0.9214426093536028,10,8.10577575546342,4.4581766655048805,3.6475990899585384,-0.14903638126313368,-50.14903638126313,-46.501437291304605,-46.5014372913046,True,-0.14903638126313368,0.0,3003,0.4779679689651118,0.3889876444695494,0.005039432597780507,0.017048503415197674,0.35276404101393605,0.9710321068932269,1.0,0.9214426093536028,0.0930790188044277,0.7415583613692994,0.8151729662750133,0.9650189008292557,0.9900163643743498,1.0,0.7903577827152498,0.07124311295985061,0.6308860146265095,0.6767467148006031,0.7981602579591793,0.8645351208836027,0.9455594165375784,0.8105775755463419,0.02598637180790643,0.7754033213980045,0.7776269357153576,0.8030447900119524,0.845223791234104,0.8537075646829089,0.43469678049338745,0.039183712127917845,0.3469873080445802,0.37221069314033167,0.43898814187754864,0.4754943164859815,0.5200576790956681,0.44581766655048805,0.01429250449434853,0.4264718267689025,0.42769481464344666,0.44167463450657385,0.4648730851787572,0.46953916057559986,0.3556610022218624,0.032059400831932774,0.2838987065819293,0.3045360216602714,0.3591721160816307,0.38904080439762123,0.4255017374419102,0.36475990899585387,0.011693867313557899,0.348931494629102,0.3499321210719109,0.36137015550537854,0.38035070605534677,0.384168404107309
cohesion_fixed,nq_175,50,True,15,5,2.0,1.0,5,8;13;17;22;25,0;1;2;3;4;5;6;8;17;22;23;44,1,1,12,3,4.924036949602333,0.9848073899204666,10,7.173403260561949,3.9453717933090724,3.228031467252878,-0.9786651562932605,-50.97866515629326,-47.750633689040384,-47.750633689040384,True,-0.9786651562932605,0.0,3003,0.9678097231587203,0.046080067862175805,0.8482272034943366,0.8947471160113001,0.9893884463474932,0.9998435962456865,1.0,0.9848073899204666,0.012724938439452159,0.9606025261023887,0.9701319493587214,0.9893884463474932,0.9950340496693515,0.9959304625282962,0.7762028330676103,0.07486420762285174,0.6392264766505563,0.6814213531590031,0.7689081682482372,0.8692967422975614,1.0,0.7173403260561949,0.04374027484539841,0.6602358289191556,0.6679885405933921,0.7168868607906334,0.7628478091828491,0.8102620497470028,0.4269115581871856,0.04117531419256846,0.35157456215780597,0.37478174423745175,0.4228994925365304,0.4781132082636587,0.55,0.39453717933090726,0.024057151164969117,0.36312970590553556,0.3673936973263656,0.39428777343484833,0.419566295050567,0.4456441273608515,0.3492912748804246,0.033688893430283286,0.28765191449275035,0.3066396089215514,0.34600867571170674,0.3911835340339026,0.44999999999999996,0.32280314672528776,0.019683123680429286,0.29710612301362,0.30059484326702646,0.322599087355785,0.3432815141322821,0.36461792238615126
cohesion_fixed,nq_176,50,True,15,5,2.0,1.0,5,0;2;8;36;47,,0,0,0,0,2.0610392768951975,0.4122078553790395,10,7.713437931181258,4.242390862149692,3.471047069031566,2.181351585254495,-47.8186484147455,-44.34760134571394,-44.34760134571394,True,2.181351585254495,0.0,3003,0.15082021322246966,0.3262513604827629,0.0005784646408086106,0.0012779134150372768,0.012073513230037936,0.6066127839458347,1.0,0.4122078553790395,0.4641280927070041,0.009952872213105209,0.012475412426920846,0.07534236245574338,0.9837939277914818,1.0,0.7816334544490998,0.05325046658705546,0.663125187019704,0.7211555355196824,0.7751455792703017,0.8434927414561454,0.9831320228850794,0.7713437931181258,0.08921142975756717,0.663125187019704,0.6717145288451892,0.7564701765449658,0.8444135251875022,0.9831320228850794,0.4298983999470049,0.0292877566228805,0.3647188528608372,0.3966355445358253,0.42633006859866596,0.46392100780088,0.5407226125867937,0.42423908621496925,0.049066286366661944,0.3647188528608372,0.3694429908648541,0.41605859709973125,0.4644274388531262,0.5407226125867937,0.35173505450209497,0.02396270996417496,0.2984063341588668,0.32451999098385703,0.34881551067163574,0.3795717336552654,0.44240941029828573,0.34710470690315665,0.04014514339090523,0.2984063341588668,0.3022715379803351,0.3404115794452346,0.37998608633437597,0.44240941029828573
cohesion_fixed,nq_177,50,True,15,5,2.0,1.0,5,8;12;15;17;36,5;7;12;13;18;20;21;31;34;37;39;43;47,1,1,4,1,3.2143136160894827,0.6428627232178965,10,8.027199888648651,4.414959938756757,3.612239949891893,1.2006463226672746,-48.799353677332725,-45.18711372744083,-45.18711372744083,True,1.2006463226672746,0.0,3003,0.2940412423891971,0.3110578987180622,0.06313196891004454,0.06653724296427513,0.1660009395602586,0.8587814578680485,1.0,0.6428627232178965,0.31999206901223715,0.2181764474013443,0.25393639377742655,0.771775276699523,0.9667142314588263,1.0,0.8087493394285205,0.048730093190758265,0.6906372899031764,0.7509978419490114,0.8064656317250551,0.8676389343357523,0.9814526124195154,0.802719988864865,0.0320093065073217,0.7608741932582744,0.7710018945214795,0.8012047542402282,0.8460138231613412,0.8685688467260383,0.44481213668568625,0.026801551254917042,0.37985050944674703,0.4130488130719563,0.44355609744878033,0.47720141388466375,0.5397989368307334,0.44149599387567573,0.017605118579026934,0.4184808062920509,0.42405104198681376,0.4406626148321255,0.46530760273873767,0.47771286569932103,0.36393720274283414,0.021928541935841223,0.3107867804564294,0.33794902887705514,0.3629095342762748,0.39043752045108854,0.441653675588782,0.3612239949891892,0.014404187928294768,0.3423933869662235,0.3469508525346658,0.3605421394081027,0.38070622042260355,0.39085598102671726
cohesion_fixed,nq_178,50,True,15,5,2.0,1.0,5,2;24;37;40;46,2;5;17;21;24;26;28;34;46,1,1,6,3,3.6354862176153993,0.7270972435230798,10,8.32698252625508,4.579840389440294,3.747142136814785,0.9443541718248949,-49.0556458281751,-45.308503691360315,-45.30850369136032,True,0.9443541718248949,0.0,3003,0.4400199107133694,0.2577027830403125,0.12468857167922484,0.18232281086492316,0.38241944168863096,0.8551608028588726,1.0,0.7270972435230798,0.21903637551893596,0.44181396604441464,0.4734384364505878,0.742587314239048,0.9720839181088357,1.0,0.8727392846438551,0.06148251329599745,0.6855386692074714,0.7601710268306819,0.8856001143183827,0.9280311916363377,0.9608096216794502,0.832698252625508,0.07599885727521484,0.7274597682158596,0.73373071165687,0.8537216408698334,0.9247221945926319,0.9608096216794502,0.4800066065541203,0.0338153823127986,0.3770462680641093,0.41809406475687505,0.4870800628751105,0.5104171553999858,0.5284452919236976,0.45798403894402934,0.04179937150136814,0.4001028725187228,0.4035518914112785,0.46954690247840836,0.5085972070259476,0.5284452919236976,0.3927326780897348,0.027667130983198854,0.3084924011433621,0.34207696207380683,0.3985200514432722,0.417614036236352,0.43236432975575256,0.37471421368147856,0.03419948577384668,0.3273568956971368,0.3301788202455915,0.384174738391425,0.4161249875666844,0.43236432975575256
cohesion_fixed,nq_179,50,True,15,5,2.0,1.0,5,3;20;28;29;36,,0,0,0,0,1.0066692786750728,0.20133385573501456,10,6.667270105069407,3.666998557788173,3.000271547281233,2.6603292791131,-47.3396707208869,-44.33939917360567,-44.33939917360567,True,2.6603292791131,0.0,3003,0.06778493814989266,0.2491472897998189,0.0002474418406160379,0.0004593556259699065,0.0007020185965363528,0.003783904413214909,1.0,0.20133385573501456,0.39933451896958794,0.0005480920328847855,0.0005839102564015243,0.0019815484635676748,0.6014008002347776,1.0,0.7094113157534089,0.04794959338408136,0.5842075905476081,0.6459444708176633,0.7125951705462165,0.7640206489023265,0.828604235344252,0.6667270105069406,0.05260811189852852,0.5842075905476081,0.6148992167329536,0.6596162591620061,0.7414922108176878,0.7728240796907412,0.39017622366437493,0.02637227636124475,0.32131417480118446,0.35526945894971484,0.39192734380041905,0.4202113568962796,0.4557323294393386,0.36669985577881736,0.02893446154419068,0.32131417480118446,0.3381945692031245,0.3627889425391033,0.4078207159497283,0.42505324382990767,0.319235092089034,0.021577317022836613,0.2628934157464236,0.2906750118679485,0.3206678267457974,0.34380929200604693,0.37287190590491337,0.30002715472812325,0.023673650354337838,0.2628934157464236,0.2767046475298291,0.29682731662290274,0.33367149486795955,0.3477708358608335
cohesion_fixed,nq_180,50,True,15,5,2.0,1.0,5,10;13;14;38;42,1;5;13;41,1,1,3,1,4.972552594584754,0.9945105189169509,10,8.274921466995517,4.551206806847533,3.7237146601479822,-0.42134578773722087,-50.42134578773722,-46.69763112758923,-46.69763112758923,True,-0.42134578773722087,0.0,3003,0.9957791418140481,0.003912210215128224,0.9891170623516706,0.9899113212695677,0.9975258246923956,0.9999856213597679,1.0,0.9945105189169509,0.0037274960634066795,0.9896686012381866,0.9905957970040008,0.9934376291348541,0.9989706991969155,0.9999339488665954,0.8759221492643516,0.04641413461978819,0.775536584144969,0.8195378192133799,0.8756937551752871,0.9422634860874212,0.9719446373616691,0.8274921466995517,0.05955515896664693,0.775536584144969,0.7783414039397912,0.8071672269729124,0.9397504274923408,0.9448579894325054,0.48175718209539337,0.025527774040883505,0.42654512127973293,0.4507458005673589,0.48163156534640794,0.5182449173480816,0.5345695505489181,0.4551206806847534,0.0327553374316558,0.42654512127973293,0.4280877721668852,0.4439419748351018,0.5168627351207874,0.519671894187878,0.39416496716895816,0.020886360578904688,0.348991462865236,0.3687920186460209,0.3940621898288792,0.4240185687393395,0.43737508681275106,0.37237146601479826,0.026799821534991133,0.348991462865236,0.350253631772906,0.3632252521378106,0.4228876923715534,0.42518609524462747
cohesion_fixed,nq_181,50,True,15,5,2.0,1.0,5,5;17;30;42;48,17;30,1,1,2,2,3.0622917643991716,0.6124583528798344,10,7.808408263231524,4.294624544777338,3.5137837184541856,1.232332780378166,-48.767667219621835,-45.25388350116765,-45.25388350116765,True,1.232332780378166,0.0,3003,0.22751660114509792,0.32893159423636675,0.009976124787162857,0.013864149244307362,0.03583732772204152,0.7966462875125462,1.0,0.6124583528798344,0.31599580229288515,0.16150424476190792,0.2386045195413677,0.6563663262173884,0.9560665046837273,1.0,0.7896814437952419,0.05612247253673101,0.6907405727705249,0.7296015279011461,0.7825147168040926,0.8637835382777291,0.9962307642458018,0.7808408263231523,0.06401528693282724,0.731191527903169,0.7347818403889212,0.7699792190119652,0.8088938866081287,0.9631256282932871,0.434324794087383,0.03086735989520206,0.3799073150237887,0.4012808403456304,0.4303830942422509,0.475080946052751,0.547926920335191,0.42946245447773385,0.03520840781305499,0.40215534034674294,0.40413001221390676,0.42348857045658084,0.44489163763447076,0.5297190955613079,0.35535664970785885,0.025255112641528958,0.3108332577467362,0.32832068755551574,0.35213162256184166,0.3887025922249781,0.44830384391061084,0.35137837184541854,0.028806879119772248,0.32903618755642605,0.3306518281750146,0.3464906485553843,0.36400224897365796,0.43340653273197915
cohesion_fixed,nq_182,50,True,15,5,2.0,1.0,5,1;3;35;36;39,,0,0,0,0,4.963170326392718,0.9926340652785438,10,6.806500050880309,3.7435750279841704,3.0629250228961395,-1.2195952984085476,-51.21959529840855,-48.15667027551241,-48.15667027551241,True,-1.2195952984085476,0.0,3003,0.9942516889073626,0.008355602831916104,0.974859585928369,0.9804642336516942,0.999068683690197,0.999951955904653,1.0,0.9926340652785438,0.00954769200196513,0.974859585928369,0.9810592055292332,0.998898562290544,0.9996183892079263,0.9999848595530793,0.74416474750175,0.07415492533998352,0.625388138827592,0.6613880272692205,0.7262852640397822,0.8495384783445482,0.9962264504719673,0.680650005088031,0.06849451839202951,0.6319615526860222,0.6353600404069845,0.6517038305486882,0.729202133902106,0.8746125533955563,0.4092906111259625,0.04078520893699094,0.3439634763551756,0.3637634149980713,0.3994568952218802,0.4672461630895015,0.547924547759582,0.37435750279841706,0.03767198511561623,0.3475788539773122,0.34944802222384147,0.35843710680177854,0.4010611736461583,0.481036904367556,0.3348741363757875,0.033369716402992584,0.28142466247241643,0.2976246122711492,0.326828368817902,0.3822923152550467,0.44830190271238535,0.3062925022896139,0.030822533276413284,0.28438269870870997,0.285912018183143,0.29326672374690965,0.32814096025594774,0.39357564902800035
cohesion_fixed,nq_183,50,True,15,5,2.0,1.0,5,2;17;21;38;43,12;27;29;49,1,0,1,0,1.847502936738838,0.3695005873477676,10,6.278008647688827,3.4529047562288557,2.825103891459972,1.6054018194900177,-48.39459818050998,-45.56949428905001,-45.56949428905001,True,1.6054018194900177,0.0,3003,0.14176797507753375,0.2648389863080882,0.016035280621141602,0.017321802307024046,0.025497062606866183,0.3903036841767201,1.0,0.3695005873477676,0.3638030827805681,0.016035280621141602,0.06237405015125516,0.14723793413021188,0.8209390070164237,1.0,0.6620918068628784,0.08831575455407248,0.5089884565547277,0.5530517877004992,0.6574909596590299,0.7810987163272636,0.9636865476485716,0.6278008647688827,0.08789508726303272,0.5222554752686903,0.5296201440681239,0.617121323217528,0.7200954596827964,0.8149103521189447,0.36415049377458314,0.04857366500473986,0.2799436511051002,0.3041784832352746,0.36162002781246644,0.42960429397999494,0.5300276012067144,0.3452904756228855,0.048342297994667986,0.2872405113977797,0.2912910792374681,0.3394167277696404,0.396052502825538,0.4482006936654196,0.2979413130882953,0.039742089549332615,0.22904480544962746,0.24887330446522465,0.2958709318465635,0.35149442234726863,0.4336589464418572,0.28251038914599724,0.039552789268364724,0.23501496387091064,0.23832906483065575,0.2777045954478876,0.3240429568572584,0.3667096584535251
cohesion_fixed,nq_184,50,True,15,5,2.0,1.0,5,0;2;15;28;36,0;2;4;9,1,1,4,2,3.118788996243619,0.6237577992487238,10,8.289451448847501,4.559198296866124,3.7302531519813744,1.440409300622505,-48.559590699377495,-44.82933754739613,-44.82933754739612,True,1.440409300622505,0.0,3003,0.23114564344682711,0.30762909811286937,0.005972537797005182,0.011969566813629404,0.053189897548749906,0.6701995128777096,1.0,0.6237577992487238,0.22664704814834313,0.3403776885556173,0.38651467441403675,0.6170758990704591,0.8822461021663508,1.0,0.784979756975742,0.06645168237776253,0.6241596846106072,0.7059066872251408,0.7905351624388081,0.8704872491327056,0.9935238292823434,0.8289451448847499,0.05107942371885979,0.7712460796280212,0.789120778715008,0.8044845561683313,0.9107963806425216,0.9336981821084636,0.4317388663366581,0.03654842530776939,0.34328782653583395,0.38824867797382745,0.4347943393413444,0.4787679870229881,0.5464381061052889,0.4559198296866125,0.028093683045372894,0.4241853437954116,0.4340164282932544,0.4424665058925822,0.5009380093533868,0.513534000159655,0.3532408906390839,0.029903257069993132,0.2808718580747733,0.3176580092513133,0.35574082309746363,0.3917192621097175,0.44708572317705453,0.3730253151981375,0.022985740673486892,0.34706073583260955,0.35510435042175353,0.36201805027574907,0.4098583712891347,0.42016418194880856
cohesion_fixed,nq_185,50,True,15,5,2.0,1.0,5,20;25;37;43;48,,0,0,0,0,1.664934584179525,0.332986916835905,10,6.993636784822675,3.846500231652471,3.147136553170203,2.181565647472946,-47.818434352527056,-44.67129779935685,-44.67129779935685,True,2.181565647472946,0.0,3003,0.11735166193912017,0.2522913969174978,0.0037025860712918933,0.004010259778746642,0.009834926345833099,0.2701041015937351,1.0,0.332986916835905,0.34794128145091,0.019760197486447417,0.06560694311508178,0.1818714674364567,0.731570343079435,1.0,0.7426361534831516,0.06846902373447918,0.56072046401286,0.6478288317386502,0.7612724397684623,0.8131771743287904,0.9686841064890898,0.6993636784822674,0.07284522866797562,0.5825945189584022,0.5920758808232258,0.7175484757699019,0.7685039945795401,0.8187251929024747,0.4084498844157334,0.037657963053963545,0.30839625520707303,0.35630585745625765,0.41869984187265424,0.44724744588083476,0.5327762585689994,0.3846500231652471,0.04006487576738659,0.3204269854271212,0.32564173445277417,0.394651661673446,0.42267719701874706,0.4502988560963611,0.33418626906741816,0.030811060680515628,0.252324208805787,0.2915229742823926,0.342572597895808,0.3659297284479557,0.4359078479200904,0.31471365531702034,0.032780352900589026,0.26216753353128097,0.2664341463704516,0.3228968140964559,0.34582679756079304,0.3684263368061136
cohesion_fixed,nq_186,50,True,15,5,2.0,1.0,5,2;6;7;22;23,0;2;6;7;13;15;18;22;34;38;49,1,1,8,4,4.900224304979085,0.980044860995817,10,8.177049319898,4.497377125943899,3.6796721939540986,-0.4028471790351862,-50.402847179035184,-46.72317498508109,-46.72317498508109,True,-0.4028471790351862,0.0,3003,0.8818332823262004,0.11540995273142134,0.6523326258345071,0.715492236679057,0.9389633922635613,0.9914998646527383,1.0,0.980044860995817,0.014331894388859859,0.962531594236021,0.9636218062981009,0.9825295306239975,0.9959624222911385,1.0,0.8486696374478822,0.04386473822756434,0.7110169338648752,0.7935894756359209,0.8473178662957584,0.9018287900983148,0.9470220094397225,0.8177049319897998,0.039344800119913474,0.750261190608375,0.7577717371258819,0.8223532009015129,0.8683923391596229,0.882152918886229,0.4667683005963352,0.02412560602516039,0.39105931362568136,0.4364742115997564,0.46602482646266713,0.49600583455407316,0.5208621051918474,0.4497377125943899,0.0216396400659524,0.4126436548346063,0.416774455419235,0.4522942604958321,0.4776157865377926,0.48518410538742596,0.381901336851547,0.019739132202403958,0.31995762023919383,0.3571152640361644,0.3812930398330913,0.4058229555442417,0.4261599042478751,0.3679672193954099,0.017705160053961073,0.33761753577376874,0.3409972817066468,0.37005894040568077,0.3907765526218303,0.3969688134988031
cohesion_fixed,nq_187,50,True,15,5,2.0,1.0,5,0;2;9;12;30,0;5;17,1,1,2,1,3.2308272416378596,0.646165448327572,10,7.784468621893892,4.281457742041641,3.5030108798522517,1.0506305004037815,-48.949369499596216,-45.44635861974397,-45.44635861974397,True,1.0506305004037815,0.0,3003,0.23038567751767325,0.37254537380042735,0.0013185817402846189,0.0021296256537053837,0.020454153910547966,0.9425949261321978,1.0,0.646165448327572,0.3948285353520062,0.020454153910547966,0.14867631835401382,0.8951159374633084,0.9896990340979163,1.0,0.7814856103539912,0.05256510438775167,0.658915839617631,0.7094988296434929,0.7804392082132934,0.8480232373511889,0.9418952722938317,0.7784468621893893,0.06740154282888126,0.6678225029220137,0.6957648317235396,0.7844421881530106,0.8536212441628819,0.8762502394473445,0.4298170856946952,0.02891080741326342,0.36240371178969705,0.3902243563039211,0.4292415645173114,0.4664127805431539,0.5180423997616075,0.4281457742041641,0.03707084855588469,0.3673023766071076,0.3826706574479468,0.43144320348415577,0.46949168428958504,0.4819376316960395,0.35166852465929604,0.023654296974488252,0.29651212782793396,0.3192744733395718,0.351197643695982,0.38161045680803496,0.42385287253222426,0.3503010879852252,0.03033069427299656,0.30052012631490616,0.31309417427559283,0.3529989846688547,0.38412955987329683,0.394312607751305
cohesion_fixed,nq_188,50,True,15,5,2.0,1.0,5,8;25;33;38;40,40,1,1,1,1,1.0024302216208807,0.20048604432417613,10,6.682250384102587,3.6752377112564236,3.0070126728461646,2.672807489635543,-47.327192510364455,-44.320179837518296,-44.320179837518296,True,2.672807489635543,0.0,3003,0.06707420968616544,0.24933541839438123,3.46017424409155e-05,5.100650497353183e-05,0.00023514677329520946,0.0015634845869884188,1.0,0.20048604432417613,0.3997572502891622,3.46017424409155e-05,7.659223310906844e-05,0.0011211036364123274,0.6004539753091666,1.0,0.7558671760091187,0.09088548832684044,0.561846716979215,0.648119806876233,0.7422953673541692,0.8718140227572765,0.9344287261181643,0.6682250384102588,0.061443826478335926,0.561846716979215,0.590719922019858,0.6624135829014983,0.7459841843341155,0.7791835371536322,0.4157269468050153,0.049987018579762246,0.30901569433856824,0.35646589378192817,0.40826245204479306,0.4794977125165021,0.5139357993649903,0.36752377112564233,0.03379410456308476,0.30901569433856824,0.32489595711092195,0.36432747059582415,0.4102913013837635,0.42855094543449773,0.34014022920410336,0.0408984697470782,0.2528310226406467,0.2916539130943049,0.3340329153093762,0.3923163102407744,0.42049292675317396,0.30070126728461644,0.027649721915251176,0.2528310226406467,0.2658239649089361,0.2980861123056743,0.335692882950352,0.35063259171913447
cohesion_fixed,nq_189,50,True,15,5,2.0,1.0,5,0;1;2;19;29,,0,0,0,0,1.9855484472870935,0.3971096894574187,10,6.510085577313013,3.580547067522156,2.9295385097908553,1.5949986202350626,-48.40500137976494,-45.47546286997408,-45.47546286997408,True,1.5949986202350626,0.0,3003,0.13329904745622448,0.33699252667723717,1.7785387668592137e-05,3.15237702504615e-05,9.758779585816644e-05,0.5954116588526022,1.0,0.3971096894574187,0.48608147929585743,3.5663416596916944e-05,6.0433168301416744e-05,0.0006024340965124087,0.9939251047912504,1.0,0.6919537512714714,0.07629402624939295,0.539617305514358,0.5976188942811844,0.697555825375988,0.7672445978823808,0.9926413947884674,0.6510085577313012,0.12571398893494418,0.5566457274668415,0.5599545894006822,0.5920466431005631,0.7396444191094951,0.9926413947884674,0.38057456319930927,0.04196171443716613,0.29678951803289694,0.32869039185465143,0.38365570395679344,0.42198452883530946,0.545952767133657,0.3580547067522156,0.06914269391421929,0.3061551501067628,0.30797502417037514,0.3256256537053097,0.4068044305102223,0.545952767133657,0.31137918807216214,0.034332311812226825,0.2428277874814611,0.268928502426533,0.3139001214191946,0.34526006904707135,0.4466886276548103,0.29295385097908555,0.056571295020724874,0.2504905773600787,0.251979565230307,0.2664209893952534,0.3328399885992728,0.4466886276548103
cohesion_fixed,nq_190,50,True,15,5,2.0,1.0,5,0;3;15;19;41,0;3;15;17,1,1,4,3,4.824221676193318,0.9648443352386634,10,8.298663797050786,4.564265088377931,3.734398708672853,-0.25995658781538644,-50.25995658781539,-46.52555787914254,-46.52555787914253,True,-0.25995658781538644,0.0,3003,0.409014951190571,0.43735039575577245,0.00132700387355926,0.00473739131794714,0.08401513331972152,0.9972018940264097,1.0,0.9648443352386634,0.047341062071766804,0.8762878217227301,0.9077405022213175,0.9930335243721173,0.9999923228517085,1.0,0.8071136483231164,0.06068707753944346,0.6886223996290819,0.7289936481664998,0.8013249510481002,0.8924071360769221,0.9802686933800855,0.8298663797050784,0.06311199286276192,0.7603330293976294,0.7808362009519375,0.7990642135489398,0.893036721232062,0.9802686933800855,0.443912506577714,0.033377892646693906,0.37874231979599504,0.4009465064915749,0.4407287230764551,0.4908239248423072,0.5391477813590471,0.4564265088377931,0.03471159607451907,0.41818316616869616,0.4294599105235657,0.4394853174519169,0.4911701966776342,0.5391477813590471,0.36320114174540236,0.02730918489274956,0.30988007983308685,0.32804714167492494,0.3605962279716451,0.40158321123461493,0.4411209120210384,0.37343987086728525,0.02840039678824285,0.3421498632289332,0.3513762904283719,0.35957889609702287,0.4018665245544279,0.4411209120210384
cohesion_fixed,nq_191,50,True,15,5,2.0,1.0,5,0;8;29;36;47,0;2;6;8;9;30;35;36;47,1,1,8,4,4.825034657983528,0.9650069315967056,10,7.913629567748726,4.3524962622618,3.5611333054869267,-0.4725383957217275,-50.47253839572173,-46.911405090234794,-46.9114050902348,True,-0.4725383957217275,0.0,3003,0.8860718435563272,0.15380032757103038,0.5589092573657104,0.6094553217096726,0.9706383589024273,0.9986608978481035,1.0,0.9650069315967056,0.04881152714163363,0.8696102174686642,0.9100214740421695,0.9870983699941195,0.9990750846473266,1.0,0.838372960436664,0.06329204399781746,0.6513965732261001,0.7520984457534418,0.8514782885332562,0.9063050650853296,0.950210876696935,0.7913629567748726,0.06749658458290095,0.6640118913609583,0.7126139891097103,0.8099805788096242,0.8603913146055989,0.8808266821062378,0.46110512824016514,0.0348106241987996,0.3582681152743551,0.413654145164393,0.46831305869329093,0.4984677857969313,0.5226159821833143,0.4352496262261799,0.03712312152059553,0.36520654024852706,0.3919376940103407,0.4454893183452933,0.47321522303307945,0.4844546751584308,0.37726783219649873,0.028481419799017853,0.293128457951745,0.3384443005890488,0.3831652298399653,0.4078372792883983,0.42759489451362076,0.35611333054869265,0.03037346306230542,0.29880535111243123,0.3206762950993696,0.3644912604643309,0.3871760915725195,0.396372006947807
cohesion_fixed,nq_192,50,True,15,5,2.0,1.0,5,0;3;13;25;37,3;11;22,1,1,3,1,1.8496966440138514,0.36993932880277025,10,7.56985842590292,4.163422134246606,3.4064362916563136,2.313725490232754,-47.686274509767244,-44.279838218110925,-44.27983821811093,True,2.313725490232754,0.0,3003,0.14430088051580234,0.3031830452190974,0.003250597256065685,0.004076001336977908,0.017374292874895978,0.5369068168980936,1.0,0.36993932880277025,0.44409985148548736,0.003872266656092638,0.006293299304149569,0.017374292874895978,0.9274100944826511,1.0,0.8117167797592921,0.055032519209374145,0.6336708821690412,0.7375392126281956,0.8215084330880476,0.8667801245201116,0.9282989067069218,0.756985842590292,0.06380643958428965,0.6336708821690412,0.6934367857026759,0.7586601340006683,0.8081447708193016,0.8861784256323648,0.44644422886761065,0.030267885565155778,0.34851898519297264,0.40564656694550755,0.45182963819842614,0.4767290684860614,0.510564398688807,0.41634221342466055,0.03509354177135931,0.34851898519297264,0.3813902321364717,0.4172630737003676,0.4444796239506159,0.48739813409780064,0.3652725508916814,0.024764633644218364,0.2851518969760686,0.331892645682688,0.3696787948896214,0.3900510560340502,0.41773450801811485,0.3406436291656314,0.028712897812930335,0.2851518969760686,0.31204655356620414,0.34139706030030076,0.36366514686868573,0.3987802915345642
cohesion_fixed,nq_193,50,True,15,5,2.0,1.0,5,5;8;29;31;41,,0,0,0,0,1.9492009203025176,0.3898401840605036,10,7.9725342969492425,4.384893863322084,3.5876404336271595,2.4356929430195664,-47.56430705698043,-43.976666623353275,-43.976666623353275,True,2.4356929430195664,0.0,3003,0.15225003052805963,0.26133478658846815,0.0026815559412576937,0.002948962574423075,0.054674011144015315,0.40301738248234575,1.0,0.3898401840605036,0.3423533667949841,0.08518430106042374,0.0988759976832484,0.21872231746209625,0.810352303665005,1.0,0.8293139549958383,0.06546379415721089,0.6664616877247251,0.7469626323031171,0.8184856375518921,0.9110222935150468,0.9606280645615027,0.7972534296949243,0.05251397513317958,0.7280277928605742,0.7438111592636352,0.7898664524259311,0.8587962741058879,0.9057319459115851,0.45612267524771105,0.036005086786465995,0.36655392824859884,0.41082944776671443,0.45016710065354065,0.5010622614332758,0.5283454355088265,0.4384893863322084,0.028882686323248773,0.4004152860733158,0.40909613759499935,0.43442654883426207,0.47233795075823837,0.49815257025137183,0.3731912797481272,0.029458707370744904,0.2999077594761263,0.3361331845364027,0.3683185368983514,0.40996003208177106,0.4322826290526762,0.35876404336271595,0.02363128880993081,0.3276125067872584,0.3347150216686358,0.355439903591669,0.3864583233476495,0.4075793756602133
cohesion_fixed,nq_194,50,True,15,5,2.0,1.0,5,0;1;15;19;40,0;1;19,1,1,3,3,2.9579913947709304,0.5915982789541862,10,7.197537680083782,3.9586457240460806,3.238891956037702,1.0006543292751502,-48.99934567072485,-45.760453714687145,-45.760453714687145,True,1.0006543292751502,0.0,3003,0.19889853996873313,0.392047906923256,0.00025783971147591545,0.00036549925451448217,0.0037286003431412757,0.9791826624019266,1.0,0.5915982789541862,0.47934830775867016,0.0002760074379971123,0.0040452539776688525,0.9481354786276381,0.9999523139672476,1.0,0.7269382192822506,0.062987034280679,0.6176098455120703,0.6619028116434199,0.7203710146810354,0.8011492959699319,0.9943174468111927,0.7197537680083783,0.10035961128334694,0.6437493216649084,0.6440794051415545,0.6738526099344726,0.7997391001724067,0.9858582577058477,0.3998160206052378,0.034642868854373454,0.3396854150316387,0.36404654640388096,0.39620405807456943,0.44063211278346254,0.546874595746156,0.39586457240460804,0.055197786205840815,0.3540621269156996,0.35424367282785496,0.37061893546395996,0.43985650509482366,0.5422220417382162,0.32712219867701275,0.02834416542630555,0.27792443048043164,0.29785626523953895,0.32416695660646594,0.3605171831864693,0.4474428510650367,0.3238891956037702,0.045161825077506136,0.2896871947492088,0.28983573231369947,0.30323367447051264,0.359882595077583,0.4436362159676315
cohesion_fixed,nq_195,50,True,15,5,2.0,1.0,5,8;10;22;30;40,,0,0,0,0,1.8542219335881223,0.37084438671762443,10,9.412237308935344,5.1767305199144396,4.235506789020905,3.3225085863263173,-46.677491413673685,-42.44198462465278,-42.441984624652775,True,3.3225085863263173,0.0,3003,0.16526835809746687,0.23734610744672022,0.016220548785174118,0.017620285112330988,0.09319303465162122,0.2673380195157178,1.0,0.37084438671762443,0.3197200621594834,0.10990113831259306,0.15130675814386288,0.25602672457569575,0.7099515531236265,1.0,0.9388646973439227,0.015801677950436646,0.8907180944202108,0.9204245923749419,0.9388147009452671,0.9587827613761741,0.9740944859292562,0.9412237308935344,0.012603699391947063,0.9255738342555417,0.9281598374174822,0.9402520224130534,0.9594938151152488,0.9607241427584309,0.5163755835391576,0.008690922872740155,0.48989495193111593,0.506233525806218,0.5163480855198969,0.5273305187568957,0.5357519672610909,0.517673051991444,0.006932034665570885,0.509065608840548,0.5104879105796152,0.5171386123271793,0.5277215983133868,0.5283982785171369,0.4224891138047653,0.007110755077696491,0.40082314248909484,0.41419106656872384,0.42246661542537023,0.43145224261927834,0.4383425186681653,0.42355067890209047,0.005671664726376179,0.41650822541499377,0.41767192683786697,0.42311341008587405,0.43177221680186195,0.43232586424129393
cohesion_fixed,nq_196,50,True,15,5,2.0,1.0,5,0;11;12;16;46,0;1;5;6;10;12;15;16;22;26;37;38;45;46,1,1,9,4,4.1094968113042665,0.8218993622608535,10,7.703895960752088,4.237142778413649,3.466753182338439,0.12764596710938214,-49.87235403289062,-46.405600850552176,-46.405600850552176,True,0.12764596710938214,0.0,3003,0.3323353608344203,0.37189723668737973,0.03488359424570146,0.05950999066551177,0.13610943825519342,0.9677275443467585,1.0,0.8218993622608535,0.22823311323770792,0.3895951092491136,0.550890178885258,0.9425690344132441,0.9937999537209738,1.0,0.79924348349028,0.07418704489338092,0.618390669546667,0.7068031524849783,0.8050191415473004,0.8734435705010325,0.9850395099358101,0.7703895960752087,0.09067057163151057,0.625473691476947,0.6502011591014749,0.7700821330923476,0.8181768796556028,0.9850395099358101,0.439583915919654,0.04080287469135951,0.34011486825066684,0.38874173386673805,0.4427605278510152,0.48039396377556787,0.5417717304646956,0.4237142778413648,0.049868814397330825,0.3440105303123208,0.35761063750581124,0.4235451732007912,0.44999728381058157,0.5417717304646956,0.35965956757062595,0.03338417020202141,0.27827580129600016,0.31806141861824017,0.36225861369628515,0.39304960672546463,0.4432677794711145,0.3466753182338439,0.040801757234179746,0.28146316116462616,0.2925905215956637,0.3465369598915564,0.36817959584502125,0.4432677794711145
cohesion_fixed,nq_197,50,True,15,5,2.0,1.0,5,1;3;4;12;32,1,1,1,1,1,3.0338340488706748,0.606766809774135,10,8.366675199396592,4.601671359668126,3.7650038397284664,1.5678373107974513,-48.43216268920255,-44.667158849474085,-44.667158849474085,True,1.5678373107974513,0.0,3003,0.21113519399242398,0.3538172841919341,0.0008733009033719595,0.0009191803675002943,0.0041187091405731156,0.8485090712449073,1.0,0.606766809774135,0.3731487503582529,0.0009471358810006885,0.14365172148626473,0.7829895830620031,0.956875492013404,1.0,0.8307665565404094,0.07054647893343914,0.6375313092742788,0.7430644305543633,0.8274012824483625,0.9199940046067858,0.982304086126195,0.8366675199396593,0.09463757303228476,0.670603613411473,0.7425779432583413,0.8422637125680097,0.947913252057957,0.982304086126195,0.45692160609722515,0.038800563413391526,0.35064222010085333,0.4086854368048998,0.4550707053465994,0.5059967025337322,0.5402672473694072,0.4601671359668126,0.05205066516775661,0.3688319873763102,0.4084178687920877,0.46324504191240534,0.5213522886318763,0.5402672473694072,0.3738449504431842,0.031745915520047616,0.2868890891734255,0.3343789937494635,0.37233057710176315,0.41399730207305363,0.4420368387567878,0.37650038397284663,0.04258690786452815,0.30177162603516283,0.33416007446625356,0.37901867065560435,0.4265609634260806,0.4420368387567878
cohesion_fixed,nq_198,50,True,15,5,2.0,1.0,5,4;20;21;37;45,0;1;4;5;11;12;15;16;18;20;21;37;45;48,1,1,14,5,4.497473374262016,0.8994946748524033,10,8.340737711705756,4.587405741438165,3.75333197026759,0.08993236717614828,-49.91006763282385,-46.15673566255626,-46.15673566255626,True,0.08993236717614828,0.0,3003,0.6499456578317321,0.25683409253129325,0.0018002793060133023,0.3655438491040355,0.6751944472390685,0.9021866522169233,1.0,0.8994946748524033,0.05572441662860671,0.8472670770938318,0.8488869300664178,0.8857355018440469,0.9652616343195364,1.0,0.8376567060035737,0.06394880555391799,0.6754218006813958,0.7280425946102972,0.8468137040246383,0.9090377762987205,0.9428151480186957,0.8340737711705755,0.04342894269914589,0.7791128757121243,0.7910324719436175,0.8305096541511331,0.8763603060088531,0.9379473969300774,0.46071118830196556,0.035171843054654886,0.3714819903747677,0.40042342703566347,0.46574753721355105,0.4999707769642963,0.5185483314102827,0.4587405741438165,0.023885918484530238,0.4285120816416684,0.43506785956898963,0.45678030978312323,0.4819981683048692,0.5158710683115426,0.37694551770160817,0.028776962499263096,0.3039398103066281,0.3276191675746337,0.38106616681108724,0.4090669993344242,0.42426681660841303,0.375333197026759,0.019543024214615658,0.3506007940704559,0.35596461237462784,0.37372934436800986,0.3943621377039839,0.42207632861853484
cohesion_fixed,nq_199,50,True,15,5,2.0,1.0,5,7;10;19;29;34,1;7;9;11;16;17;19;45,1,1,7,2,4.879598961921775,0.975919792384355,10,7.783596190717228,4.280977904894476,3.502618285822752,-0.598621057027299,-50.5986210570273,-47.096002771204546,-47.096002771204546,True,-0.598621057027299,0.0,3003,0.8524995835907525,0.2691780077071182,0.2093888624277644,0.3705173904337835,0.980031651558279,0.9997929716959272,1.0,0.975919792384355,0.02046722456636078,0.9393299537378131,0.9524588814599443,0.980031651558279,0.9952065902016465,0.9998627838431488,0.8320263269285668,0.06655562124422776,0.672332835355094,0.746093257836076,0.8334738437990069,0.9166084779775862,0.9906435147351497,0.7783596190717228,0.05631549708361128,0.7163282353438636,0.7213320396291322,0.7650616930222687,0.8353670037972669,0.9167755073305484,0.4576144798107118,0.03660559168432527,0.3697830594453017,0.4103512918098418,0.4584106140894538,0.5041346628876724,0.5448539331043323,0.42809779048944757,0.030973523395986184,0.393980529439125,0.3967326217960227,0.42078393116224777,0.4594518520884968,0.5042265290318015,0.37441184711785513,0.029950029559902492,0.3025497759097923,0.3357419660262342,0.3750632297095531,0.4124738150899138,0.4457895816308174,0.3502618285822753,0.02534197368762509,0.3223477059047386,0.32459941783310947,0.3442777618600209,0.3759151517087701,0.4125489782987468
cohesion_calibrated,nq_0,50,True,15,5,2.0,1.0,5,0;1;25;32;37,0;1;4;38,1,1,3,2,4.651345229987886,0.9302690459975771,10,8.54112862304598,4.276264764285125,4.264863858760854,-0.37508046570276043,-50.37508046570276,-46.110216606941904,-46.110216606941904,True,-0.37508046570276043,0.0,3003,0.6954076668625202,0.22858955068262507,0.2905352114913259,0.3477799280138798,0.7782883320883904,0.9707335292412549,1.0,0.9302690459975771,0.06258803143681826,0.8392681420813102,0.8565923480079869,0.9348276468194453,0.9978683136756512,1.0,0.84504695520103,0.05480203067357499,0.7315275149424315,0.7803308574414901,0.8371791211299134,0.9182245904344735,0.9546248272224303,0.8541128623045979,0.05306950606707552,0.7935596433002927,0.7957951283410465,0.849582073861139,0.932401675562219,0.9339137450017412,0.42308747218044823,0.027437590876263733,0.36625198780085627,0.3906862309926696,0.4191483040570721,0.4597251294378431,0.4779495417910274,0.42762647642851254,0.026570172265093298,0.39730945297408693,0.39842868748427424,0.42535805830366247,0.46682313396015745,0.4675801778533889,0.42195948302058184,0.02736443979731126,0.36527552714157524,0.3896446264488205,0.41803081707284134,0.45849946099663036,0.47667528543140286,0.42648638587608534,0.026499333801982224,0.3962501903262058,0.3973664408567722,0.42422401555747663,0.46557854160206147,0.4663335671483523
cohesion_calibrated,nq_1,50,True,15,5,2.0,1.0,5,1;12;30;43;48,0;1;7;9;14;30,1,1,5,2,4.953911101777492,0.9907822203554983,10,7.231898500225278,3.616372485810516,3.615526014414762,-1.337538615966976,-51.33753861596698,-47.72201260155222,-47.722012601552215,True,-1.337538615966976,0.0,3003,0.8639052672390833,0.16388658889443072,0.5558162086154392,0.6006478350684598,0.975722234362328,0.9990451281563338,1.0,0.9907822203554983,0.008221658782613026,0.975722234362328,0.981531145366935,0.9923038044660316,0.9982562204301149,1.0,0.8002189231544901,0.07068623992456836,0.5748703822428153,0.6940824859924525,0.8198892321751923,0.8661154586975607,0.9804006111199353,0.7231898500225278,0.0720891293767687,0.5748703822428153,0.6449385270722676,0.727373102895465,0.8035481954222434,0.8305628905463935,0.40015629315464973,0.0353472567653773,0.2874688345232626,0.3470818631024589,0.4099925988394767,0.43310841741922174,0.49025768199256464,0.3616372485810516,0.036048783593417406,0.2874688345232626,0.3225070075680205,0.3637291198359381,0.40182112412904736,0.4153300526844596,0.4000626299998404,0.03533898315919107,0.2874015477195527,0.3470006228899935,0.4098966333357156,0.433007041278339,0.4901429291273706,0.36155260144147616,0.03604034578335129,0.2874015477195527,0.32243151950424714,0.3636439830595269,0.401727071293196,0.41523283786193393
cohesion_calibrated,nq_2,50,True,15,5,2.0,1.0,5,0;1;32;37;47,0;1;6;7;16;19;22;23;32;33;35;38;45,1,1,5,3,2.577519988485161,0.5155039976970321,10,6.9611088309995095,3.492787684889818,3.4683211461096914,0.9152676964046571,-49.084732303595345,-45.61641115748566,-45.61641115748565,True,0.9152676964046571,0.0,3003,0.22484116569570436,0.28837841613678655,0.03044310099209357,0.03299282421648798,0.12450390732661144,0.6398982811870063,1.0,0.5155039976970321,0.34003029074323676,0.1675297902923603,0.19365374683071473,0.33196014372863014,0.9380761491303696,1.0,0.6836549450417442,0.07819619538884955,0.5294433976582195,0.5848300682742998,0.6826258850143849,0.7601253642533016,0.9914678296876349,0.696110883099951,0.1290005241152224,0.5294433976582195,0.5450017873505875,0.6982608293433419,0.7979585093999697,0.9914678296876349,0.3430289097222703,0.039235517629480215,0.26565212871716154,0.2934427991019424,0.3425125712655913,0.3813985064294861,0.49747629430470697,0.3492787684889818,0.06472696418241253,0.26565212871716154,0.27345866546777525,0.3503575198696024,0.4003815659760437,0.49747629430470697,0.34062603531947383,0.038960677759369323,0.2637912689410579,0.29138726917235747,0.3401133137487936,0.37872685782381543,0.49399153538292795,0.34683211461096913,0.06427355993280988,0.2637912689410579,0.27154312188281216,0.3479033094737395,0.3975769434239261,0.49399153538292795
cohesion_calibrated,nq_3,50,True,15,5,2.0,1.0,5,4;29;37;45;49,4;6;24;29;37;45;47;49,1,1,8,5,4.886831560180945,0.9773663120361891,10,8.856787463091608,4.4366583949713485,4.42012906812026,-0.4501731652095966,-50.4501731652096,-46.030044097089345,-46.03004409708934,True,-0.4501731652095966,0.0,3003,0.6488217968144936,0.373874638717219,0.11628361549214983,0.1269956989650969,0.8773408311169042,0.9959425045269324,1.0,0.9773663120361891,0.031190666060200142,0.9166791270391447,0.9417499170367502,0.9926764706912634,0.9992479441669514,1.0,0.8770839478405789,0.05203005428390668,0.7335027086765308,0.7959126644359245,0.885940961482407,0.9362356605323047,0.9648015792053208,0.8856787463091609,0.03960406417755598,0.8235275241142893,0.8388334778521304,0.8875584679418291,0.9213332469499077,0.9587757464696431,0.4393604200730347,0.026063578706328264,0.36743581843252066,0.39869903382563915,0.4437971917684318,0.46899147352038373,0.48330108898974566,0.44366583949713484,0.01983898840754201,0.4125322323221069,0.4201994918591594,0.4446074543655666,0.4615263606223717,0.4802825496486079,0.43772352776754414,0.02596647557757842,0.3660668902440101,0.3972136306102853,0.4421437697139752,0.4672441870119209,0.48150049021557517,0.442012906812026,0.01976507577001397,0.4109952917921824,0.41863398599297097,0.4429510135762625,0.45980688632753597,0.47849319682103525
cohesion_calibrated,nq_4,50,True,15,5,2.0,1.0,5,0;16;26;29;40,0;3;7;16;24;26;27;33;40;47,1,1,10,4,4.92330446547078,0.984660893094156,10,8.538989055969182,4.274307332264292,4.26468172370489,-0.6489971332064881,-50.648997133206485,-46.384315409501596,-46.384315409501596,True,-0.6489971332064881,0.0,3003,0.9113224950959051,0.11993890459505818,0.565046861290938,0.7578513971947919,0.9536035261757196,0.9934595014659637,1.0,0.984660893094156,0.015235231736811027,0.9573064170726214,0.9666835562601132,0.9884488427406037,0.9987199762464815,1.0,0.8621608599217513,0.049494517849883235,0.7828573157131418,0.801528309997786,0.8540748480942886,0.9390994381775845,0.9961978873983273,0.8538989055969182,0.037165515244139136,0.7936334192159885,0.8048739331658882,0.8576456948968794,0.8991801478727514,0.9274032216896974,0.4315663670488874,0.024775155368626962,0.39186989733056055,0.4012159179482742,0.4275188036410459,0.47007902083230085,0.4986604276669347,0.4274307332264292,0.018603705107732314,0.39726402278423567,0.4028906152156768,0.42930623966780096,0.4500968760924083,0.46422432028563854,0.43059449287286394,0.024719362481256273,0.3909874183825812,0.4003123920495118,0.4265560444532427,0.4690204173452836,0.4975374597313926,0.426468172370489,0.018561810136406818,0.39636939643175284,0.40198331795021136,0.4283394552290784,0.4490832717803431,0.4631789014040588
cohesion_calibrated,nq_5,50,True,15,5,2.0,1.0,5,0;5;8;10;21,19;44,1,0,2,0,3.6462572718587354,0.7292514543717471,10,8.888063393982742,4.503649923546444,4.384413470436298,0.8573926516877086,-49.14260734831229,-44.758193877875996,-44.758193877875996,True,0.8573926516877086,0.0,3003,0.34472967078393685,0.2965196778300248,0.041979128378639076,0.05062070202353751,0.24670706198671444,0.727691902733077,1.0,0.7292514543717471,0.14812555477582529,0.5748247679972405,0.5971748237321418,0.6837382759156182,0.9027977282445532,1.0,0.8577232414320025,0.041658605204728735,0.7706363317502762,0.8021359459682343,0.8579986361669506,0.9151032761107717,0.9498130575018967,0.8888063393982742,0.03318003622246618,0.8253358999437135,0.8515022859569994,0.8908637194271076,0.9205579341626748,0.9401880407050404,0.43461494810156703,0.021108734921079068,0.3904873427116763,0.4064484389455861,0.43475449272698374,0.46368985197422413,0.48127756454772846,0.4503649923546445,0.016812578958172557,0.4182040336478791,0.43146274222639835,0.45140748260238894,0.4664537690649884,0.4764004946799953,0.4231082933304356,0.020549870283649664,0.38014898903859995,0.3956875070226482,0.42324414343996686,0.45141342413654756,0.46853549295416824,0.4384413470436298,0.016367457264293624,0.40713186629583437,0.42003954373060104,0.43945623682471874,0.45410416509768636,0.46378754602504507
cohesion_calibrated,nq_6,50,True,15,5,2.0,1.0,5,0;3;5;11;12,9;33,0,0,0,0,2.7910423166953375,0.5582084633390675,10,9.058967500802558,4.554809548540512,4.504157952262045,1.7637672318451747,-48.23623276815483,-43.73207481589277,-43.73207481589278,True,1.7637672318451747,0.0,3003,0.21775347078789625,0.31845045485524226,0.005132950259452377,0.006384980184301503,0.09252569900760393,0.7228593233951532,1.0,0.5582084633390675,0.35597235486470297,0.21179516982965602,0.23256200892837317,0.33230802089193057,0.9932907433589209,1.0,0.8869005734734968,0.02964309003678438,0.8264856550994403,0.8536430423449258,0.8836788156540736,0.9312960414607308,0.9912544258246628,0.9058967500802557,0.04134476421715397,0.8531181538474404,0.8598464136018997,0.911144196796386,0.9409752679965673,0.9912544258246628,0.4459297596889773,0.01490441703602866,0.41555340089752896,0.42920801735665537,0.4443098738380021,0.46825160834140517,0.4983984238136657,0.4554809548540512,0.020787968035183423,0.4289441056978428,0.4323270455054928,0.45811934829193146,0.47311828144118273,0.4983984238136657,0.4409708137845196,0.014738673000755721,0.4109322542019113,0.42443502498827046,0.4393689418160715,0.4630444331193256,0.4928560020109971,0.45041579522620456,0.02055679618197054,0.4241740481495976,0.42751936809640695,0.45302484850445457,0.46785698655538455,0.4928560020109971
cohesion_calibrated,nq_7,50,True,15,5,2.0,1.0,5,4;9;34;42;49,,0,0,0,0,3.3993854674387642,0.6798770934877528,10,9.030805196519799,4.558133218574353,4.472671977945445,1.1587477511355888,-48.841252248864414,-44.36858027091896,-44.36858027091897,True,1.1587477511355888,0.0,3003,0.37533909442970875,0.25002774033927777,0.06976390871041713,0.13510334288819043,0.2966788368158298,0.6985045602699089,1.0,0.6798770934877528,0.1826660828696685,0.48682121177011095,0.49903119798057294,0.6931314337676172,0.8808346578419081,1.0,0.9020283108241354,0.03857569694231769,0.7943326014718397,0.8287368790182269,0.9121759359718671,0.9400704756533181,0.959833036820289,0.9030805196519799,0.01592805632759846,0.8821516395633218,0.8840157506795449,0.9023486741241026,0.9118164221402961,0.9442512721648904,0.4552822387583421,0.019470375214183135,0.4009248055489753,0.4182897333635707,0.4604040663549933,0.47448332342809035,0.48445811355798835,0.4558133218574354,0.00803939417075775,0.44524985365235936,0.44619072953408523,0.4554439362557209,0.4602226083451525,0.4765935037547395,0.44674607206579325,0.01910532172813455,0.3934077959228644,0.4104471456546562,0.45177186961687377,0.46558715222522784,0.47537492326230063,0.4472671977945445,0.007888662156840712,0.4369017859109624,0.43782502114545957,0.4469047378683817,0.4515938137951436,0.46765776841015083
cohesion_calibrated,nq_8,50,True,15,5,2.0,1.0,5,1;7;18;39;43,,0,0,0,0,1.2787881284364273,0.25575762568728544,10,6.252202546025151,3.1284783727601835,3.123724173264967,1.8496902443237562,-48.15030975567625,-45.02658558241128,-45.02658558241128,True,1.8496902443237562,0.0,3003,0.09689845531934176,0.25037917961685063,0.00034149855185878434,0.0008316570927742562,0.006410640469217219,0.19640369503060384,1.0,0.25575762568728544,0.385773928015619,0.0004610734896623171,0.0017763511059218015,0.007950803993801277,0.7066507933690611,1.0,0.715233094885228,0.11432537797623439,0.5358401563699648,0.583190048811033,0.6845679582897632,0.8778782067085884,0.9284828564623164,0.625220254602515,0.06038739575687314,0.5651599426267471,0.5654177413784884,0.6057908877249436,0.6930863682380601,0.7697520577727326,0.3578884804769034,0.05720615572246112,0.2681238056699909,0.2918167544130828,0.3425442532337154,0.4392728743811021,0.4645944392456779,0.3128478372760183,0.030216657285486417,0.2827948462389836,0.2829238436304485,0.30312576675359915,0.3468066969241385,0.3851686901379464,0.35734461440832466,0.057119222253773264,0.26771635069997396,0.2913732943979502,0.34202370505604784,0.4386053323274864,0.46388841721663854,0.3123724173264967,0.030170738471386717,0.28236509638776347,0.28249389774803996,0.30266512097134446,0.3462796713139217,0.3845833676347862
cohesion_calibrated,nq_9,50,True,15,5,2.0,1.0,5,15;19;34;43;48,,0,0,0,0,3.542308456279136,0.7084616912558273,10,8.074523201595353,4.058957592632344,4.015565608963009,0.5166491363532075,-49.48335086364679,-45.46778525468379,-45.46778525468378,True,0.5166491363532075,0.0,3003,0.2952912138872416,0.3257321819617548,0.02290870881484414,0.024692597946344895,0.10531192533353927,0.8165687886656544,1.0,0.7084616912558273,0.215318398674323,0.42146111880574033,0.45649252618733793,0.7525791573127115,0.9436914171603799,1.0,0.8028197967143825,0.0548417584516134,0.6917062878500331,0.7443901373438356,0.7936123731953348,0.8789932896632668,0.9715507705767298,0.8074523201595352,0.041995619384851,0.7442550252681914,0.7524255337177295,0.8068066099764211,0.8657810959879659,0.8703895572696649,0.40356705009474314,0.027568237319140296,0.3477117371321321,0.37419522173834624,0.39893859827558975,0.44185847236734394,0.48838591188654623,0.4058957592632343,0.02111065061101813,0.3741273026585938,0.378234510784563,0.405571169168568,0.4352168747776441,0.43753348821012616,0.3992527466196394,0.027273521132473104,0.34399455071790097,0.3701949156054894,0.3946737749197451,0.4371348172959229,0.48316485869018355,0.40155656089630093,0.02088496877383287,0.37012772260959764,0.3741910229331665,0.4012354408078531,0.4305642212103219,0.4328560690595388
cohesion_calibrated,nq_10,50,True,15,5,2.0,1.0,5,5;8;11;42;46,0;1;2;3;5;8;9;11;14;17;23;36;39;42,1,1,7,4,3.7488202508841377,0.7497640501768276,10,7.949576893064805,3.979518759054605,3.9700581340101997,0.23069850817046733,-49.76930149182953,-45.799243357819336,-45.799243357819336,True,0.23069850817046733,0.0,3003,0.5007304155489777,0.22753863215925263,0.22669412770077685,0.22913772111102734,0.47402294454254706,0.8328641038501784,1.0,0.7497640501768276,0.18558002486166233,0.5542444064698542,0.56601265367924,0.6684119405120023,0.976999551763585,1.0,0.7733554057865185,0.04624587830789768,0.6624707970179882,0.710804866605954,0.7752164084396791,0.8321245995095089,0.929307138028552,0.7949576893064805,0.03294891641692985,0.7355661916940868,0.747746970154733,0.7936063140963306,0.8374507417164526,0.8437152271896872,0.38713787993278154,0.023150457279781544,0.33162959482269494,0.3558253902988747,0.3880694886295115,0.41655744678786594,0.4652065434997262,0.3979518759054605,0.01649406411630337,0.36822078681025866,0.37431842408530885,0.3972753841787116,0.41922368715650943,0.4223596575096374,0.38621752585373703,0.023095421028116132,0.3308412021952932,0.3549794763070792,0.3871469198101676,0.4155671527216429,0.46410059452882585,0.39700581340102,0.01645485230062648,0.3673454048838281,0.3734285460694241,0.39633092991761903,0.41822705455994313,0.4213555696800498
cohesion_calibrated,nq_11,50,True,15,5,2.0,1.0,5,0;3;14;32;37,3;7;14;37,1,1,4,3,4.822405174546096,0.9644810349092191,10,7.769646693458948,3.9261559319691695,3.8434907614897784,-0.8962492425769262,-50.89624924257693,-47.052758481087146,-47.052758481087146,True,-0.8962492425769262,0.0,3003,0.39271962100199687,0.4733303640894587,0.0014370916220352444,0.0015871961488474104,0.021003593819066392,0.99995463334752,1.0,0.9644810349092191,0.06615918057722359,0.8323120353114397,0.8959882871993787,0.9986944419325737,0.99995463334752,0.9999811021960103,0.7481102920107146,0.07157483236133819,0.6209964035212671,0.6747943135156134,0.7296513281865755,0.8367549542706905,0.9891966633331664,0.7769646693458948,0.08161068936957558,0.6958722358301179,0.7129019536533021,0.7473040418546626,0.8526193485243491,0.9779077523569578,0.37803490642860255,0.03616817646183896,0.3138017479571029,0.3409868944361141,0.3687072274265238,0.42282880508327464,0.4998606115383901,0.39261559319691697,0.04123949322563175,0.3516379848902459,0.36024343765910144,0.37762749230055737,0.4308453968362222,0.49415610185559766,0.370075385582112,0.035406655899499234,0.30719465556416414,0.33380741907949935,0.36094410076005173,0.4139261491874159,0.48933605179477624,0.38434907614897784,0.040371196143943834,0.34423425093987203,0.35265851599420067,0.3696765495541052,0.4217739516881269,0.48375165050136015
cohesion_calibrated,nq_12,50,True,15,5,2.0,1.0,5,0;14;21;29;39,0;1;41,1,1,2,1,4.683645611999037,0.9367291223998073,10,7.706736545523187,3.860400190341346,3.8463363551818412,-0.8232454216576905,-50.82324542165769,-46.976909066475855,-46.97690906647585,True,-0.8232454216576905,0.0,3003,0.7419618985161068,0.2805072304808907,0.15002156486425344,0.29439326449693604,0.9089206893428288,0.9891259270920633,1.0,0.9367291223998073,0.048217733800498624,0.8665476935513193,0.8848701684538687,0.923976952899466,0.9923068338962233,1.0,0.7848749721162018,0.08857639739959748,0.6073458529529993,0.6578385707314264,0.7907486260170352,0.8875094012240874,0.9810396952354722,0.7706736545523187,0.06138215579449056,0.6769357352463435,0.6889358511295827,0.7652684445733582,0.8478426665865423,0.8603001554486251,0.3931536356347382,0.04436901915114623,0.3042270917778749,0.32951952213037233,0.3960958219288769,0.4445644977192626,0.4914149852987261,0.38604001903413454,0.030747085295171072,0.3390855293622131,0.3450965366629212,0.38333248212686405,0.42469493697322264,0.4309350480877379,0.3917213364814637,0.04420737824845126,0.3031187611751244,0.32831904860105404,0.39465280408815834,0.4429449035048248,0.48962470993674606,0.3846336355181842,0.030635070499319485,0.33785020588413045,0.3438393144666614,0.3819359624464941,0.4231477296133196,0.42936510736088723
cohesion_calibrated,nq_13,50,True,15,5,2.0,1.0,5,0;1;4;5;31,0;1;3;4;5;16;31,1,1,7,5,4.862721176295766,0.9725442352591532,10,8.473733470427755,4.274563179105437,4.199170291322319,-0.5881579971903292,-50.58815799719033,-46.38898770586801,-46.38898770586801,True,-0.5881579971903292,0.0,3003,0.4646575058671093,0.45421832341159346,0.0038132332008759414,0.0074836396788998515,0.17690415858432743,0.9998283122110779,1.0,0.9725442352591532,0.05325191975534689,0.8660559272771651,0.9186076497047901,0.9994721929694124,0.9999031290811845,1.0,0.7383134855530242,0.08548107604101357,0.5998283077104525,0.6461500072089761,0.7143019527358323,0.8697828434526137,0.9730758912675583,0.8473733470427754,0.045143429981589864,0.7973343155604457,0.8044192151568237,0.8344213787572481,0.91610573781935,0.9415715370489981,0.3724412209796159,0.04312081108408799,0.30258256373914416,0.3259494812567872,0.3603286363187404,0.43876075751205906,0.4908667932268041,0.42745631791054367,0.022772541082542137,0.4022141973931907,0.40578816523723804,0.4209227153464,0.46212827777932625,0.4749744651291451,0.3658722645734083,0.04236026495692559,0.2972457439713083,0.32020052595218895,0.3539733164170919,0.4310220859405547,0.48220909804075424,0.4199170291322319,0.022370888899047727,0.39512011816725495,0.39863104991958564,0.4134986634108482,0.4539774600400237,0.466597071919853
cohesion_calibrated,nq_14,50,True,15,5,2.0,1.0,5,10;11;28;31;45,0;1;2;9;11,1,1,5,1,4.900310647844276,0.9800621295688552,10,7.280395526872177,3.6405086706863354,3.639886856185842,-1.2598019771579407,-51.25980197715794,-47.619915120972095,-47.619915120972095,True,-1.2598019771579407,0.0,3003,0.9820936058471043,0.02007557867297912,0.9447687022372733,0.9502498758326263,0.9916343344960253,0.999998235682689,1.0,0.9800621295688552,0.01931521564426678,0.9447687022372733,0.958823635410797,0.9806734535960574,0.9979815017855748,0.9999825952481481,0.8149801875715768,0.06321091040111151,0.6565833858737296,0.7510948247516791,0.8064011885017052,0.8942575195434357,0.988420034123388,0.7280395526872178,0.04348410834571663,0.6565833858737296,0.6745421975213093,0.7327140112838975,0.7816837536888195,0.7952058646932404,0.4075248972862559,0.031608154604766125,0.32831973214631516,0.37557948766979526,0.4032350313875696,0.44716694878842544,0.49425222726219253,0.36405086706863354,0.021743911149516418,0.32831973214631516,0.3372999048961225,0.3663882959884175,0.3908752584300014,0.39763689139017205,0.4074552902853208,0.03160275579634538,0.3282636537274144,0.3755153370818839,0.40316615711413556,0.44709057075501024,0.49416780686119544,0.3639886856185842,0.02174019719620021,0.3282636537274144,0.33724229262518673,0.36632571529547997,0.39080849525881806,0.39756897330306834
cohesion_calibrated,nq_15,50,True,15,5,2.0,1.0,5,15;17;18;36;49,,0,0,0,0,1.5684782229875203,0.31369564459750404,10,6.7277308414002235,3.3640653457143896,3.3636654956858334,1.7955871227268694,-48.20441287727313,-44.84074738158729,-44.8407473815873,True,1.7955871227268694,0.0,3003,0.11323870017186702,0.2529008943551967,0.0014233246782830713,0.0018663934410029814,0.017702439279364563,0.2744838570374892,1.0,0.31369564459750404,0.36173913556378,0.02253121931865023,0.022861840671895978,0.19534840771386994,0.7308963293012942,1.0,0.695363297925048,0.0420780590263974,0.5951163999469785,0.6392294045116999,0.6939632209543349,0.7521830824932422,0.7810639028989055,0.6727730841400222,0.038927795961306966,0.6007419461771868,0.6330553165802418,0.6791131690941097,0.719477820716063,0.7379943881876815,0.3477023127673852,0.02104027992834609,0.2975758847854357,0.31963369795452407,0.34700223267655805,0.3761138935399949,0.3905551619814464,0.33640653457143893,0.019465054780820855,0.3003888250724195,0.31654647051614326,0.3395767654539948,0.35976029076354565,0.3690191247480351,0.34766098515766264,0.02103777909805131,0.29754051516154284,0.31959570655717584,0.3469609882777769,0.37606918895324726,0.3905087409174591,0.33636654956858336,0.01946274118048611,0.3003531211047673,0.31650884606409857,0.33953640364011484,0.3597175299525173,0.3689752634396464
cohesion_calibrated,nq_16,50,True,15,5,2.0,1.0,5,5;7;27;43;46,4;27,1,1,1,1,3.3698220628839843,0.6739644125767968,10,7.973541831371615,4.033598891323205,3.939942940048409,0.6637768284392207,-49.33622317156078,-45.39628023151237,-45.39628023151237,True,0.6637768284392207,0.0,3003,0.2767836658072834,0.34651042148037947,0.020970955058019457,0.025237623113477093,0.09368226445974033,0.8815569507128245,1.0,0.6739644125767968,0.32954726637079457,0.10080121749222096,0.280199795419928,0.7513847956767018,0.9873353549614292,1.0,0.8115223619544392,0.060935609241202816,0.6661138707140283,0.7306440613206006,0.8146832059381333,0.88770600047637,0.9465931949063494,0.7973541831371614,0.06994821224951733,0.6661138707140283,0.7048871958328106,0.8158369662203857,0.8727029702203903,0.8754010807403813,0.41052718712586594,0.030825674596748027,0.33696896902651874,0.369613044995801,0.41212617250249134,0.44906642682358594,0.4788558638378067,0.4033598891323205,0.03538490640001558,0.33696896902651874,0.3565833442338701,0.41270982858579375,0.44147680009473256,0.44284170114275667,0.4009951748285732,0.030109934644454786,0.32914490168750954,0.36103101632479956,0.4025570334356419,0.43863957365278405,0.4677373310685427,0.393994294004841,0.03456330584950176,0.32914490168750954,0.34830385159894045,0.40312713763459196,0.4312261701256577,0.4325593795976246
cohesion_calibrated,nq_17,50,True,15,5,2.0,1.0,5,1;13;20;22;29,8;12;22;27;28,1,1,3,1,3.4541732124427247,0.690834642488545,10,8.234791843263714,4.134777274232232,4.100014569031482,0.6806040617895075,-49.31939593821049,-45.21938136917901,-45.21938136917901,True,0.6806040617895075,0.0,3003,0.3296365212883904,0.29033752894846027,0.06148911629295474,0.06997189077987512,0.13091426645490062,0.6717974689067406,1.0,0.690834642488545,0.16423552734491184,0.5587252810903992,0.5650776879495852,0.6035375548081793,0.8869216313223127,1.0,0.8060854358688682,0.05618200636593765,0.6657980917813399,0.7276866396906454,0.8112841725445199,0.8787527553471383,0.9311324514888029,0.8234791843263715,0.03817658881959394,0.7619133640651818,0.7888264088284315,0.8121712809874541,0.8782508768837685,0.8896908322021307,0.40474413983477325,0.028209587754507413,0.3343043602707019,0.3653792637171027,0.4073544812581314,0.4412311800510857,0.4675315870753278,0.4134777274232232,0.019168874558510223,0.3825648689890819,0.3960781973142549,0.40779990791850584,0.44097918149371285,0.4467233057131114,0.4013412960340948,0.02797241861143024,0.331493731510638,0.3623073759735427,0.4039296912863885,0.4375215752960525,0.46360086441347503,0.4100014569031482,0.019007714261083716,0.37934849507609997,0.3927482115141766,0.4043713730689482,0.43727169539005556,0.4429675264890193
cohesion_calibrated,nq_18,50,True,15,5,2.0,1.0,5,3;10;18;34;41,0;1;2;4;5;6;7;10;16;17;20;22;25;27;33;36;37;43;49,1,1,8,1,1.8937122567109992,0.37874245134219986,10,8.053153524811632,4.036075959232825,4.0170775655788065,2.142363702521826,-47.85763629747817,-43.840558731899364,-43.84055873189937,True,2.142363702521826,0.0,3003,0.15361939443605802,0.257929527470913,0.009505688093200194,0.01049057644694883,0.04643039122318151,0.3749743838772662,1.0,0.37874245134219986,0.344799685877518,0.09767301071179196,0.11305885509106003,0.14849173524848225,0.8045639556363051,1.0,0.8152295475896106,0.03492667533151032,0.7513784686799734,0.7697264764504322,0.8149434179816809,0.8560331049575993,0.9187583623871677,0.8053153524811633,0.017954185845475323,0.780024649579194,0.7830068588836426,0.8076644256154368,0.8211198490723608,0.8398851800241024,0.4085763878889472,0.01750453585755231,0.3765755321044062,0.38577117860909627,0.408432985577265,0.42902629691361943,0.46046291398147704,0.4036075959232825,0.008998271004676544,0.3909324125109403,0.3924270348650283,0.40478490336868395,0.4115284866082768,0.4209332869623274,0.40665315970066346,0.017422139473958015,0.3748029365755672,0.38395529784133603,0.4065104324044159,0.42700680804397984,0.45829544840569064,0.4017077565578807,0.008955914840798777,0.38909223706825374,0.3905798240186144,0.4028795222467529,0.40959136246408395,0.418951893061775
cohesion_calibrated,nq_19,50,True,15,5,2.0,1.0,5,0;9;11;18;27,0;1;2;3;4;5;6;8;9;11;12;13;15;17;18;21;23;27;31;32;36;43;45;47;49,1,1,14,5,4.934066199304034,0.9868132398608068,10,7.83209567562719,3.92222376101256,3.9098719146146292,-1.0118424382914744,-51.011842438291474,-47.10197052367684,-47.10197052367685,True,-1.0118424382914744,0.0,3003,0.834889412523544,0.15337692187017973,0.5857389427525248,0.61462042134446,0.9120099556145781,0.9942853231964713,1.0,0.9868132398608068,0.012327564831334098,0.9672293455038817,0.9727435475887043,0.9860393932702867,0.9999130439255711,1.0,0.8042214599012174,0.05533367125014969,0.6852700868056046,0.7422133379634208,0.7961197326348654,0.8726681313635367,0.9607198672584023,0.783209567562719,0.036250093886057246,0.7052118429451573,0.7364224596726064,0.7926605039990331,0.8169935005380164,0.8364373648259474,0.40274489099472943,0.02771046845568762,0.3431754064935942,0.3716919341217641,0.3986876388229747,0.4370221996858329,0.4811174999769121,0.39222237610125593,0.0181536316035164,0.3531620094420583,0.36879192863535953,0.396955296763817,0.40914098258208864,0.4188782469969439,0.4014765689064879,0.02762320279446207,0.34209468031201046,0.37052140384165677,0.39743209381189065,0.4356459316777039,0.4796023672814902,0.390987191461463,0.01809646228254085,0.352049833503099,0.36763053103724685,0.3957052072352161,0.4078525179559278,0.4175591178290035
cohesion_calibrated,nq_20,50,True,15,5,2.0,1.0,5,0;6;9;30;42,0;21;42;48,1,1,4,2,1.835181676421668,0.3670363352843336,10,8.389580345605077,4.196825710232089,4.19275463537299,2.3616440338104208,-47.63835596618958,-43.44560133081659,-43.44560133081659,True,2.3616440338104208,0.0,3003,0.12836435043567926,0.26289758511116973,3.089860688252585e-05,0.0001852546936059319,0.0029887390139422894,0.3533134101339004,1.0,0.3670363352843336,0.34835435087947564,0.0029887390139422894,0.07310679241298063,0.19516014401906065,0.7834995683508509,1.0,0.8584620281536771,0.03852168527806289,0.7567086688072092,0.8128852222132589,0.8608854598803558,0.9069636486781257,0.9833612363511843,0.8389580345605078,0.04368054969029562,0.7567086688072092,0.7750986961532339,0.8474875505183059,0.875069017554743,0.9130452554345058,0.4294393000122691,0.01927018903408372,0.3785379322422532,0.40663983888532396,0.43065160386520795,0.45370187806977086,0.4919192080121398,0.4196825710232089,0.021850872919208144,0.3785379322422532,0.38773740782962257,0.4239493984916739,0.4377468240142838,0.4567441570090348,0.42902272814140807,0.01925149624397917,0.37817073656495603,0.4062453833279349,0.43023385601514785,0.4532617706083548,0.49144202833904455,0.41927546353729894,0.02182967677108747,0.37817073656495603,0.38736128832361133,0.42353815202663203,0.4373221935404592,0.45630109842547095
cohesion_calibrated,nq_21,50,True,15,5,2.0,1.0,5,0;1;3;25;48,0;1;3;16,1,1,4,3,2.023293489889535,0.404658697977907,10,6.604867223791133,3.3026959731508745,3.3021712506402583,1.2794024832613395,-48.720597516738664,-45.41842626609841,-45.4184262660984,True,1.2794024832613395,0.0,3003,0.14107293565172008,0.3159501698046642,0.0009190956788062148,0.0014504074310666471,0.0077470374689247576,0.5818261858282185,1.0,0.404658697977907,0.441661608891698,0.0015317577658026783,0.00401786964705151,0.13291315482332916,0.9524406159325914,1.0,0.6682120749456636,0.0902621133301983,0.48737675803338143,0.5314564219883379,0.6763840830102625,0.7587789175851242,0.9300924316791355,0.6604867223791133,0.1304374023652668,0.48737675803338143,0.5293295010112413,0.628105346763106,0.8180793571265226,0.9300924316791355,0.3341325804679981,0.04513464209392879,0.24370773879694263,0.26574932172498156,0.33821890911216657,0.37941959932114105,0.46508316135408906,0.3302695973150874,0.06522388247083559,0.24370773879694263,0.2646857767500025,0.31407762324074917,0.40907217464831575,0.46508316135408906,0.33407949447766555,0.04512747123626952,0.2436690192364388,0.2657071002633563,0.33816517389809597,0.3793593182639831,0.4650092703250464,0.33021712506402584,0.06521351989443121,0.2436690192364388,0.26464372426123883,0.31402772352235686,0.4090071824782069,0.4650092703250464
cohesion_calibrated,nq_22,50,True,15,5,2.0,1.0,5,0;3;5;26;30,0;3;5;12;17;22;24;26;28;31;34;48,1,1,9,4,3.9168099562395193,0.7833619912479038,10,7.779250985182057,3.9002087967014964,3.87904218848056,-0.01660115953802288,-50.01660115953802,-46.137558971057466,-46.13755897105746,True,-0.01660115953802288,0.0,3003,0.4663939921617695,0.29074850658762286,0.18000368944503914,0.19219023330626983,0.35053350442203085,0.970556242091465,1.0,0.7833619912479038,0.2500338102335794,0.3691553898481414,0.469494523287999,0.9301728183734529,0.9989914098280559,1.0,0.7717241875242173,0.07890030771256175,0.624808113535255,0.6823605008221161,0.7516551904641169,0.912568745066179,0.9763227270039844,0.7779250985182056,0.1050571459027654,0.6627960183337469,0.6704093264649122,0.7665825813818857,0.9030742004271732,0.9763227270039844,0.3869119881261715,0.03955749400413343,0.31325407874131456,0.34210856969358633,0.37685018667203724,0.45752587927572325,0.4894896045305342,0.3900208796701496,0.05267149824408564,0.3322997118936006,0.33611672350586635,0.3843341901423175,0.4527656900759839,0.4894896045305342,0.3848121993980459,0.03934281370842833,0.31155403479394045,0.34025193112852975,0.37480500379207965,0.4550428657904558,0.4868331224734502,0.38790421884805604,0.05238564765867976,0.3304963064401463,0.33429260295904584,0.3822483912395682,0.45030851035118935,0.4868331224734502
cohesion_calibrated,nq_23,50,True,15,5,2.0,1.0,5,5;7;8;33;34,5;8;31;33,1,1,4,3,4.975225691185964,0.9950451382371928,10,8.251881144429756,4.129822192136173,4.122058952293584,-0.845403499049791,-50.845403499049795,-46.72334454675621,-46.72334454675621,True,-0.845403499049791,0.0,3003,0.7507447675220594,0.24828956432739166,0.33691533701965687,0.3706689950389776,0.747557583242082,0.9981547893163213,1.0,0.9950451382371928,0.00517652377621711,0.985627269342099,0.9888355804256012,0.9970771777974237,0.9995492787982345,1.0,0.836330826979516,0.04365658435366459,0.7527573902845481,0.7847001749816079,0.8286640385253552,0.9056339522141035,0.9326124124819022,0.8251881144429758,0.046539723800880325,0.7710822631795677,0.7742269275097748,0.8143493195749083,0.8838417374166585,0.9265952218029283,0.4185588169261353,0.02184882789039346,0.37673278629202384,0.39271920427498197,0.41472181630212857,0.4532429791878992,0.46674489977710065,0.4129822192136173,0.023291753820097644,0.38590384261546734,0.3874776540059131,0.40755772329581397,0.44233662090291137,0.4637334739984931,0.4177720100533806,0.021807756463271124,0.3760246039925243,0.3919809707066259,0.41394222222322663,0.45239097302620424,0.46586751270480153,0.4122058952293585,0.023247969980782678,0.3851784205641004,0.38674927350386173,0.4067915962790942,0.44150511651374713,0.46286174780443523
cohesion_calibrated,nq_24,50,True,15,5,2.0,1.0,5,0;1;2;4;7,0;2;4;7,1,1,4,4,4.799399813523605,0.9598799627047212,10,9.102010331457288,4.601723777680601,4.500286553776687,-0.19767603584300453,-50.197676035843,-45.69738948206631,-45.69738948206632,True,-0.19767603584300453,0.0,3003,0.36910450325593136,0.4463964184866513,0.0021646328049644307,0.0033922230263529586,0.014892892961310479,0.9976131067705598,1.0,0.9598799627047212,0.07559291261409196,0.808725166878413,0.8836153293341622,0.9961066870294212,0.9994469546391942,1.0,0.8103232650275454,0.06992408805889677,0.6545802474284361,0.7063350359124521,0.8148282687560893,0.9006586420856272,0.9928394773274056,0.9102010331457286,0.03274099815975174,0.8764364835091011,0.880561811392627,0.9026524724683546,0.9432574437778863,0.9928394773274056,0.4096769505301162,0.0353516780288844,0.33093760381496007,0.3571033883068345,0.41195455536918496,0.4553480097176926,0.5019520813382787,0.46017237776805997,0.016552939872636244,0.44310195867959146,0.44518760995014,0.4563560350161423,0.476884781431792,0.5019520813382787,0.40064631449742905,0.03457241003001237,0.32364264361347606,0.34923164760561753,0.4028737133869043,0.4453106323679345,0.4908873959891269,0.4500286553776687,0.016188058287115496,0.4333345248295096,0.43537420144248695,0.44629643745221226,0.4663726623460943,0.4908873959891269
cohesion_calibrated,nq_25,50,True,15,5,2.0,1.0,5,7;15;19;24;43,0;3;5;15;19;24;34;37;41;42;43;45,1,1,8,4,2.775772143902786,0.5551544287805572,10,7.718850651428917,3.8618731618530773,3.8569774895758395,1.0861010179502912,-48.91389898204971,-45.056921492473876,-45.05692149247387,True,1.0861010179502912,0.0,3003,0.28673695700351237,0.2641449169472779,0.08223251580252831,0.08957053461402542,0.15750701680110116,0.6555375255222347,1.0,0.5551544287805572,0.3043602096923626,0.24014238116827652,0.2700953962916766,0.384126903662024,0.9345911760382835,1.0,0.8054760571231461,0.05282117110789357,0.7061812074376752,0.7432686369016485,0.7976930166604819,0.8631720022685551,0.9644144907837168,0.7718850651428917,0.04377499046359293,0.7061812074376752,0.7186566963542707,0.7662608350743592,0.8428789783677398,0.849015955979171,0.40299346469973085,0.02642733643790101,0.3533145510340586,0.3718700270960968,0.39909947627610265,0.43185973406634376,0.48251308479072164,0.3861873161853077,0.021901377350840263,0.3533145510340586,0.35955625177470923,0.3833734175702682,0.4217067867022315,0.42477722169349436,0.40248259242341516,0.02639383466999256,0.3528666564036166,0.3713986098055516,0.3985935403843792,0.43131226820221125,0.48190140599299514,0.3856977489575839,0.02187361311275266,0.3528666564036166,0.35910044457956136,0.38288741750409094,0.42117219166550834,0.42423873428567666
cohesion_calibrated,nq_26,50,True,15,5,2.0,1.0,5,8;23;29;45;46,,0,0,0,0,2.121553989416201,0.4243107978832402,10,6.7274156580008535,3.3709914285546376,3.356424229446216,1.2494374391384366,-48.75056256086156,-45.39413833141535,-45.39413833141535,True,1.2494374391384366,0.0,3003,0.16533667246641356,0.25767760385077765,0.011494954684073872,0.014085325677308535,0.037702903035325336,0.40548408609663555,1.0,0.4243107978832402,0.3113310878713211,0.1398823528696895,0.17024733563936306,0.2702100497747364,0.7982667107911607,1.0,0.6854720812645261,0.06156359434057325,0.5120357580545339,0.6056491496444653,0.6913996795406004,0.763682866344862,0.8071053609353325,0.6727415658000854,0.0486356660378534,0.5933203550883271,0.6064977436695099,0.6830811854709264,0.723065006272703,0.7361726600395357,0.34347818358868715,0.0308484504872645,0.25657224694634606,0.3034802955477853,0.34644840038461194,0.3826682529302161,0.4044265126412615,0.3370991428554638,0.024370489601109314,0.2973025502015875,0.3039055113111886,0.3422801471306296,0.3623153469838385,0.3688833651861782,0.34199389767583893,0.03071514385330875,0.2554635111081879,0.30216885409667993,0.3449512791559885,0.38101461341464593,0.40267884829407097,0.33564242294462154,0.024265176436744088,0.2960178048867396,0.30259223235832133,0.34080103834029674,0.36074965928886454,0.36728929485335754
cohesion_calibrated,nq_27,50,True,15,5,2.0,1.0,5,0;13;14;20;29,0,1,1,1,1,1.3869545106647316,0.27739090213294637,10,6.411275353263262,3.2058536221477887,3.2054217311154733,1.818899111483057,-48.181100888516944,-44.975679157401466,-44.97567915740147,True,1.818899111483057,0.0,3003,0.09480811112232826,0.26002735071785216,0.00019080281988457896,0.0002471728893008277,0.0007222663957482359,0.23892887171579122,1.0,0.27739090213294637,0.39086585833325777,0.00019080281988457896,0.0003621882328473622,0.0006469440291963784,0.7541989989853437,1.0,0.6749185367627637,0.0691947343993817,0.49418419433855076,0.6064982918958368,0.6682690087720599,0.7493175420217332,0.926695339507379,0.6411275353263263,0.07817961483418762,0.49418419433855076,0.5775291994955882,0.6374378180539524,0.7075093737166877,0.8045433906870663,0.33748200108646087,0.03459969782687686,0.24710874235374236,0.30326957411228134,0.3341570131207325,0.3746840096341455,0.46337888284194184,0.32058536221477896,0.03909244067433955,0.24710874235374236,0.2887840521709408,0.31874037930099397,0.35377851729277,0.4022987940919413,0.33743653567630294,0.034595036572504845,0.2470754519848084,0.3032287177835555,0.3341119956513274,0.3746335323875877,0.4633164566654372,0.3205421731115473,0.039087174159848075,0.2470754519848084,0.2887451473246474,0.3186974387529583,0.35373085642391766,0.40224459659512496
cohesion_calibrated,nq_28,50,True,15,5,2.0,1.0,5,14;31;32;35;40,0;1;3;11;14;15;18;25;28;31;32;35;40;45,1,1,10,5,4.9930864887400315,0.9986172977480061,10,8.423135163671047,4.211661200449649,4.2114739632213976,-0.7814252882903823,-50.78142528829038,-46.569951325068985,-46.569951325068985,True,-0.7814252882903823,0.0,3003,0.7949709843727217,0.284894693066483,0.26740832045743973,0.3030743015777061,0.9972936063693785,0.9999977349361738,1.0,0.9986172977480061,0.001061733088697729,0.9972936063693785,0.9973645624740806,0.9989723763062304,0.9997392077038874,0.9999970196528603,0.8549964811619327,0.04669820908577827,0.7573698638998101,0.7995302025851869,0.8503699329954374,0.9136746412383325,0.993528228238419,0.8423135163671047,0.05544683712935106,0.7985202554687765,0.7996780450996331,0.8190234167633348,0.8814155204734545,0.9934554844056915,0.42750774340670683,0.023349623568350776,0.378693349708336,0.39977398764049876,0.42519441790186624,0.4568474756210762,0.49677515665076283,0.4211661200449649,0.027724034826429482,0.3992690028572749,0.3998479105409119,0.40952081138615726,0.44071755669587126,0.49673878392589055,0.42748873775522583,0.023348585517427498,0.3786765141914741,0.39975621494468816,0.42517551509357115,0.45682716561725634,0.4967530715876562,0.42114739632213977,0.02772280230292158,0.3992512526115016,0.3998301345587213,0.4095026053771774,0.4406979637775832,0.496716700479801
cohesion_calibrated,nq_29,50,True,15,5,2.0,1.0,5,2;4;9;10;22,1;2,1,1,2,1,2.7579169733478777,0.5515833946695754,10,8.54679389984977,4.273398722123196,4.273395177726575,1.5154817487753185,-48.484518251224685,-44.2111230734981,-44.21112307349811,True,1.5154817487753185,0.0,3003,0.259646865280563,0.2674362145844589,0.02388676940415537,0.03623385278064051,0.1328601750427932,0.5913549525403377,1.0,0.5515833946695754,0.26607826950588737,0.2799219707929895,0.308266693101534,0.4248589152699229,0.8809409242882458,1.0,0.8660041491906013,0.050187146127116576,0.716088608679798,0.7845717249775574,0.8747340253442412,0.9240740800761139,0.9428035632273248,0.8546793899849771,0.049223668108567736,0.7607982256085692,0.7761817259190584,0.868919594343032,0.9005301268696916,0.9203128769218178,0.43300225416334776,0.025093583469983975,0.35804445282259756,0.3922860251716165,0.4373671940503286,0.46203723164704424,0.47140197710625314,0.4273398722123195,0.024611844260930067,0.38039927055763,0.38809102390268047,0.4344599773440877,0.45026525016193764,0.4601566292900017,0.43300189502725345,0.025093562657132605,0.3580441558572004,0.3922856998059409,0.4373668312939126,0.4620368484290697,0.4714015861210717,0.42733951777265744,0.02461182384763767,0.38039895505093924,0.38809070201637796,0.4344596169989443,0.450264876707754,0.4601562476318162
cohesion_calibrated,nq_30,50,True,15,5,2.0,1.0,5,0;1;25;27;33,0;1;3;6;10;25;27;29,1,1,6,4,3.3758250044626807,0.6751650008925362,10,7.933957345585538,3.9879923223109497,3.9459650232745886,0.6121673178482689,-49.38783268215173,-45.44186765887714,-45.44186765887714,True,0.6121673178482689,0.0,3003,0.2633682597518741,0.35814773369276554,0.013371341942503528,0.01500144697719938,0.04326505757603461,0.87138614975744,1.0,0.6751650008925362,0.35017884009539435,0.020050081078188887,0.26977581347753843,0.7773007851365876,0.9736438904685366,1.0,0.7982289269353908,0.07586581846824546,0.6125713516560192,0.6866829786379565,0.8152504426852613,0.8895463079121726,0.9477852254155247,0.7933957345585538,0.09011605905196321,0.6768597748541418,0.6813232141873294,0.8137842492781611,0.8778151077616124,0.9477852254155247,0.4012286294727882,0.038133845242505564,0.30790811455913536,0.34516021795774854,0.4097844700410953,0.44712918053027234,0.47640288919122153,0.39879923223109504,0.04529670830863618,0.3402225986129526,0.34246614001562437,0.409047490020174,0.4412325095382159,0.47640288919122153,0.3970002974626025,0.03773197322573989,0.3046632370968838,0.3415227606802079,0.40546597264416595,0.44241712738190025,0.47138233622430314,0.39459650232745885,0.04481935074332703,0.3366371762411892,0.3388570741717051,0.4047367592579871,0.4365825982233965,0.47138233622430314
cohesion_calibrated,nq_31,50,True,15,5,2.0,1.0,5,0;3;5;6;44,0,1,1,1,1,2.774005721982603,0.5548011443965206,10,8.118790882970668,4.0613613986067145,4.057429484363953,1.2873556766241117,-48.71264432337589,-44.65521483901193,-44.65521483901193,True,1.2873556766241117,0.0,3003,0.1910439178241231,0.35004776188379105,0.001521647276085501,0.003083618961044088,0.01616084892095139,0.841500217678973,1.0,0.5548011443965206,0.41110574025927,0.030075959915959426,0.07348276146742583,0.6085093064211884,0.9987309967403318,1.0,0.7597123413486297,0.06454945456285147,0.6405324400920127,0.6850975031230356,0.7513120070009254,0.8348138598418589,1.0,0.8118790882970668,0.1148319652782668,0.6755333986115426,0.6776554000798461,0.8189363573849594,0.9618248900629738,0.9851905059022481,0.38004013426066713,0.03229035786752018,0.3204213243380402,0.34271464723915246,0.37583793295422413,0.417609079265141,0.5002421490034316,0.40613613986067143,0.057443789085087626,0.3379302790450298,0.3389917936197224,0.4096664833152943,0.4811453499700913,0.4928338158503185,0.3796722070879627,0.03225909669533129,0.3201111157539725,0.3423828558838831,0.37547407404670124,0.41720478057671784,0.49975785099656844,0.40574294843639536,0.05738817619317918,0.3376031195665128,0.3386636064601238,0.4092698740696651,0.4806795400928825,0.4923566900519296
cohesion_calibrated,nq_32,50,True,15,5,2.0,1.0,5,3;5;15;19;32,,0,0,0,0,4.754475675595298,0.9508951351190597,10,7.884039045177902,3.975689848356409,3.9083491968214914,-0.778785827238889,-50.77878582723889,-46.87043663041739,-46.870436630417394,True,-0.778785827238889,0.0,3003,0.6995815005463472,0.23989088212721255,0.20115025015396373,0.43791857216837904,0.6736564441988904,0.9940117675851071,1.0,0.9508951351190597,0.08261332541792876,0.7862747818672942,0.8650004477172667,0.985277003781801,0.9999339773815912,1.0,0.8072129452692665,0.05539814944748499,0.6819043800791291,0.7406240011556884,0.8003005389905975,0.8749534327896858,0.9951525436247781,0.7884039045177901,0.049133309267554756,0.6819043800791291,0.7264670999662873,0.7915512910350033,0.8385656875201886,0.855806162441956,0.40705383288680624,0.027935663321049357,0.3438643956346858,0.3734749797623985,0.40356810896885736,0.44121337560525153,0.5018262647589176,0.39756898483564096,0.02477648800974014,0.3438643956346858,0.366336069361224,0.39915611962196496,0.4228641020103927,0.4315579682805295,0.4001591123824602,0.027462486126435627,0.33803998444444333,0.36714902139328986,0.39673243002174013,0.43374005718443426,0.49332627886586056,0.3908349196821491,0.024356821257814614,0.33803998444444333,0.3601310306050634,0.39239517141303837,0.4157015855097959,0.42424819416142645
cohesion_calibrated,nq_33,50,True,15,5,2.0,1.0,5,5;28;31;39;47,0;6,1,0,2,0,1.2300992047129007,0.24601984094258014,10,6.037403700293252,3.01881225800421,3.018591442289043,1.7887130532913094,-48.21128694670869,-45.192695504419646,-45.192695504419646,True,1.7887130532913094,0.0,3003,0.08347363853224035,0.2514528237394525,1.8270208570063746e-05,1.977890556867553e-05,0.00042724440620863467,0.1401384887455082,1.0,0.24601984094258014,0.3873553144784852,2.0164799976933592e-05,2.8303237720035453e-05,0.00014837068404571917,0.6919560633338173,1.0,0.6622540021369535,0.11245446719387417,0.5057952209542509,0.5516594523844564,0.6376555444490543,0.8794803135247378,0.9314832836022618,0.6037403700293253,0.117113246031696,0.5057952209542509,0.5103784896975443,0.5588921975154315,0.707626508184416,0.9211445596747128,0.3311391119110147,0.05622929008635123,0.2529068601098308,0.27583981455823403,0.31883943322750685,0.43975624008924646,0.46575867612230987,0.301881225800421,0.05855876470178302,0.2529068601098308,0.25519857829712206,0.27945631939115545,0.35382619467571313,0.46058912509111233,0.3311148902259388,0.056225177107522936,0.25288836084442007,0.2758196378262224,0.3188161112215474,0.43972407343549136,0.465724607479952,0.30185914422890425,0.05855448132991298,0.25288836084442007,0.2551799114004222,0.2794358781242761,0.3538003135087028,0.46055543458360043
cohesion_calibrated,nq_34,50,True,15,5,2.0,1.0,5,2;6;7;8;31,1;4;8;13;31,1,1,5,2,4.9860102208989,0.9972020441797801,10,8.244662323566812,4.12318840516058,4.121473918406232,-0.8628218157383207,-50.86282181573832,-46.74134789733209,-46.74134789733209,True,-0.8628218157383207,0.0,3003,0.7420913479480303,0.344221717550784,0.1434909917012017,0.18636777993479192,0.9630323597990139,0.9997065763222435,1.0,0.9972020441797801,0.0031568957263782044,0.9918928208478788,0.9932691965278341,0.9987865010450462,0.9999988555832833,1.0,0.830179913941522,0.0462260663223047,0.7525212681558764,0.7853419742671847,0.8177787435105062,0.901615159976112,0.9838110073825619,0.8244662323566813,0.059634649461069646,0.7594405071375887,0.7627662629732915,0.8088667624750217,0.8608429072547712,0.9838110073825619,0.4151762753917175,0.023117839542257167,0.37633887789775666,0.3927526435046887,0.4089744007575767,0.4509013259286799,0.49200779599111943,0.41231884051605794,0.029823525276572282,0.37979921682035656,0.38146244053553147,0.4045174836116209,0.4305109602502247,0.49200779599111943,0.4150036385498046,0.023108226780047533,0.3761823902581197,0.39258933076249597,0.4088043427529295,0.45071383404743204,0.49180321139144245,0.4121473918406232,0.029811124184497363,0.37964129031723215,0.38130382243776006,0.4043492788634008,0.43033194700454647,0.49180321139144245
cohesion_calibrated,nq_35,50,True,15,5,2.0,1.0,5,3;5;6;11;15,3;5;6,1,1,3,3,3.8917988597479978,0.7783597719495996,10,9.007959164971728,4.582365570363627,4.425593594608102,0.690566710615629,-49.30943328938437,-44.88383969477627,-44.88383969477627,True,0.690566710615629,0.0,3003,0.2898679268804874,0.38000600417092056,0.014722419727773276,0.023612264083877187,0.04690624083204889,0.997442254911628,1.0,0.7783597719495996,0.27165455804597854,0.3892864251968178,0.4369583796647335,0.9949270949955803,0.9996476112755972,1.0,0.8162749092827407,0.06784981947965385,0.669618924414143,0.7322697311721307,0.8168417954414511,0.8972743587877341,1.0,0.900795916497173,0.05227868571973919,0.8262996203661307,0.85032781136599,0.8909587513399411,0.9680920471987644,0.994325666766258,0.41524056356672695,0.034515329282127014,0.34063639147379754,0.3725069733209799,0.4155289396093373,0.45644513408403276,0.5087018587054183,0.4582365570363627,0.026594264596307742,0.4203401527278322,0.43256333815078946,0.45323237283648665,0.49247022380794503,0.5058153148424999,0.4010343457160138,0.033334490197526837,0.3289825329403454,0.35976275785115075,0.4013128558321138,0.44082922470370134,0.4912981412945817,0.44255935946081026,0.025684421123431445,0.4059594676382985,0.41776447321520055,0.4377263785034544,0.4756218233908194,0.48851035192375813
cohesion_calibrated,nq_36,50,True,15,5,2.0,1.0,5,3;17;20;27;31,5;7,1,0,2,0,1.7750659077830901,0.355013181556618,10,7.486184147000069,3.74880076078791,3.737383386212158,1.97373485300482,-48.02626514699518,-44.28888176078302,-44.28888176078302,True,1.97373485300482,0.0,3003,0.15548492325141597,0.26342596692357073,0.01804831410913509,0.02671003592876883,0.03540578707676514,0.42188585860156236,1.0,0.355013181556618,0.37828918941377576,0.01804831410913509,0.04267083964743985,0.10463539532920806,0.82911102815594,1.0,0.82061206065399,0.07562018492584212,0.6315943312965909,0.713257980186055,0.8356448150203857,0.9111157418922184,0.9618676427390258,0.7486184147000068,0.06257247960557843,0.6933482477639039,0.6994861330783522,0.7151516836034495,0.8205859940441882,0.9003538185054402,0.4109317987487897,0.03786775762048547,0.3162787961371223,0.357172894261628,0.41845963935474983,0.4562526541295563,0.4816673060763944,0.37488007607879104,0.03133395526261241,0.3472028456246127,0.3502764688062777,0.3581211900385466,0.4109187455664558,0.45086348579122965,0.4096802619052002,0.03775242730535665,0.31531553515946864,0.35608508592442706,0.41718517566563584,0.4548630877626622,0.4802003366626314,0.3737383386212158,0.031238524342966024,0.34614540213929124,0.3492096642720745,0.3570304935649029,0.40966724847773234,0.4494903327142105
cohesion_calibrated,nq_37,50,True,15,5,2.0,1.0,5,0;3;17;30;33,0;3;23;30,1,1,3,3,3.3002181450110157,0.6600436290022031,10,7.393257980810526,3.6975494343598547,3.6957085464506707,0.397331289348839,-49.60266871065116,-45.906960164200484,-45.90696016420049,True,0.397331289348839,0.0,3003,0.2807282174562324,0.3422841615176813,0.03103827881771497,0.03157297571771724,0.15394718138594857,0.9394572245933027,1.0,0.6600436290022031,0.3594992484251549,0.19301527612957856,0.2191064302608522,0.8495929993045096,0.9997466832476659,1.0,0.7298329141301496,0.06682281755659202,0.5747405347673046,0.6668266282749001,0.7204142392770725,0.8261738131200157,0.9216692486229623,0.7393257980810526,0.09375077224334087,0.5924404992720992,0.6589938477904123,0.7140237469101149,0.8609062028528548,0.9216692486229623,0.3650073196178785,0.03341972806846665,0.28744182128479556,0.33349633254967775,0.36029680958755,0.4131897633375885,0.46094937005554015,0.36975494343598553,0.046887057881505365,0.2962940071428789,0.3295789671439182,0.3571007678021754,0.4305602823082448,0.46094937005554015,0.364825594512271,0.03340308948812537,0.287298713482509,0.3333302957252223,0.3601174296895225,0.4129840497824272,0.46071987856742214,0.3695708546450671,0.04686371436183551,0.2961464921292203,0.32941488064649405,0.3569229791079396,0.43034592054461,0.46071987856742214
cohesion_calibrated,nq_38,50,True,15,5,2.0,1.0,5,0;5;6;8;11,0;1;2;3;4;5;6;7;8;11;17;19;25;26;31;33;45;47,1,1,15,5,4.56826899721508,0.9136537994430161,10,8.587860043478145,4.302882214053494,4.28497782942465,-0.2653867831615857,-50.26538678316159,-45.98040895373694,-45.980408953736934,True,-0.2653867831615857,0.0,3003,0.49006622372708536,0.3517442024774396,0.03882999010163419,0.07014248922133512,0.43417249523661416,0.9634123531198893,1.0,0.9136537994430161,0.0841939097758362,0.7719825489588368,0.817990968054228,0.9107867890773398,0.9993984249926355,1.0,0.852644236098058,0.04850966864535422,0.7511672601531357,0.7949144993283592,0.8564502455827572,0.9121764704462508,0.9878484784859262,0.8587860043478145,0.05793940266294754,0.7769626385069662,0.7848017348506778,0.8650180666667349,0.9044535972635569,0.9878484784859262,0.427210934953204,0.02430540197056884,0.37636666493497767,0.3982858876992061,0.42911790717158205,0.4570391099633731,0.49495399630841863,0.43028822140534945,0.0290300987614034,0.3892912438360707,0.39321896367091186,0.43341074901679094,0.45316962286286533,0.49495399630841863,0.42543330114485384,0.024204266674785375,0.37480059521815806,0.39662861162915314,0.4273323384111751,0.4551373604828778,0.49289448217750753,0.42849778294246504,0.02890930390154414,0.3876713946708955,0.391582771179766,0.431607317649944,0.45128397440069157,0.49289448217750753
cohesion_calibrated,nq_39,50,True,15,5,2.0,1.0,5,0;1;27;41;47,2;3;4;6;8;10;11;15;16;19;23;33;38;40;43;44;45;47,1,1,8,1,4.692962626592501,0.9385925253185002,10,8.500325287756468,4.251621995981149,4.248703291775319,-0.44134063061135187,-50.44134063061135,-46.19263733883603,-46.192637338836036,True,-0.44134063061135187,0.0,3003,0.7616325292989787,0.1818635584550805,0.44179100323897424,0.4837756398004381,0.8138167495567322,0.955409254035782,1.0,0.9385925253185002,0.04269656789140742,0.8936890051200281,0.8960576416638442,0.9219428047998028,0.9910880880772406,1.0,0.8622900926824496,0.05276632386955162,0.7296388336053895,0.7964272860231201,0.8591258784919027,0.9406635466016948,0.9701003071413852,0.8500325287756467,0.03820141846036514,0.791255382796923,0.8148265511120764,0.8422519278062155,0.9095692523487761,0.9207753488865875,0.43129308595353144,0.026392220958177313,0.36494468259313745,0.39835037517125177,0.4297104356199139,0.470493268217618,0.4852167022468127,0.4251621995981149,0.019107267722766937,0.3957635356359157,0.4075531665367504,0.4212705633249439,0.4549407827632511,0.46054575491624294,0.4309970067289182,0.02637410291137431,0.36469415101225205,0.3980769108518683,0.4294154428719888,0.4701702783840769,0.4848836048945725,0.42487032917753187,0.01909415073759821,0.39549184716100727,0.40727338457532597,0.4209813644812716,0.454628469585525,0.4602295939703446
cohesion_calibrated,nq_40,50,True,15,5,2.0,1.0,5,1;6;13;30;34,,0,0,0,0,4.128041013555297,0.8256082027110596,10,8.86337336104519,4.447296090946499,4.416077270098691,0.31925507739120196,-49.680744922608795,-45.264667652510106,-45.264667652510106,True,0.31925507739120196,0.0,3003,0.40098101852178536,0.33592408915820343,0.0733510016476158,0.07556141603491237,0.2502682183605743,0.9733070154966512,1.0,0.8256082027110596,0.20716831804087843,0.4615600657448096,0.5680856940121193,0.9492853567089555,0.9957285818753794,1.0,0.8728578134204888,0.03454862357418073,0.7654346630284025,0.826699613545478,0.8762298319604421,0.9157206672412831,0.9435299184595061,0.8863373361045189,0.019571600874911693,0.8414803837477999,0.8687112542533697,0.8911691074313665,0.9050062365538187,0.9132556977593554,0.437966108777267,0.017335155849839717,0.38406534917307644,0.41480571899029595,0.43965805655611645,0.4594730220572409,0.47342662292646664,0.44472960909464987,0.009820268256678269,0.42222213471197473,0.4358855266305354,0.4471540040579353,0.45409693738021467,0.458236196224149,0.4348917046432218,0.017213467724341014,0.381369313855326,0.41189389455518205,0.4365717754043257,0.45624764518404215,0.4701032955330394,0.44160772700986906,0.009751332618233426,0.41925824903582515,0.43282572762283433,0.44401510337343114,0.450909299173604,0.4550195015352064
cohesion_calibrated,nq_41,50,True,15,5,2.0,1.0,5,8;12;17;31;42,,0,0,0,0,1.4354384896634054,0.2870876979326811,10,8.029609282684909,4.0201379927649095,4.0094712899200005,2.584699503101504,-47.415300496898496,-43.405829206978495,-43.405829206978495,True,2.584699503101504,0.0,3003,0.11155777367428805,0.24544349308052352,0.004066000132087808,0.005019798031304377,0.02079348088499579,0.2013027567766853,1.0,0.2870876979326811,0.3652417518062726,0.02079348088499579,0.023376484294343206,0.1556682742267091,0.6926902980573345,1.0,0.8207491464689466,0.04639669206875713,0.7017447830175803,0.7610041658145558,0.8245424582715183,0.8659370421957732,0.9979269220183202,0.8029609282684909,0.04943359304413242,0.7017447830175803,0.7340278885538198,0.8084318700275067,0.8608664454805075,0.862236782956441,0.4109197234994106,0.02322916320803304,0.35133849781669946,0.3810075499240845,0.4128188989585212,0.43354368564116147,0.4996262946267969,0.40201379927649095,0.024749630837472752,0.35133849781669946,0.3675014933650059,0.4047529040133866,0.43100501933955376,0.4316910982701674,0.409829422969536,0.023167528860724085,0.3504062852008808,0.37999661589047135,0.4117235593129971,0.4323933565546117,0.4983006273915233,0.40094712899199997,0.024683962206659662,0.3504062852008808,0.36652639518881397,0.4036789660141201,0.42986142614095374,0.43054568468627363
cohesion_calibrated,nq_42,50,True,15,5,2.0,1.0,5,0;13;14;17;21,0;14;21;29,1,1,4,3,4.752438773689272,0.9504877547378545,10,8.090624904723967,4.0476682285522045,4.042956676171762,-0.7047705451370678,-50.704770545137066,-46.66181386896531,-46.661813868965304,True,-0.7047705451370678,0.0,3003,0.6226762567343006,0.33821109612196043,0.013348642360912762,0.14338689534167315,0.7645628947985844,0.9589793451310777,1.0,0.9504877547378545,0.034452927962938217,0.8935789444804229,0.9136307189299204,0.9505576201586586,0.9858375313784096,1.0,0.8230620763780979,0.056310589637365405,0.7006544533727264,0.7534161255319717,0.8221172831498527,0.8895689403091531,0.9960040639598509,0.8090624904723966,0.05266751241373544,0.7235527145358642,0.7554095520752075,0.8016660325369938,0.8736415995401111,0.9062698630899018,0.41177069211756984,0.028171690974466368,0.3505312387494937,0.37692743763390496,0.41129802040462377,0.4450434891245349,0.49829204204551014,0.4047668228552205,0.026349091594826447,0.3619870366996628,0.3779247313386591,0.40106644023440796,0.4370751811192368,0.45339881338232735,0.4112913842605282,0.02813889866289904,0.35012321462323265,0.3764886878980667,0.4108192627452289,0.4445254511846183,0.4977120219143407,0.4042956676171762,0.026318420818908995,0.3615656778362014,0.37748482073654843,0.40059959230258574,0.4365664184208743,0.4528710497075744
cohesion_calibrated,nq_43,50,True,15,5,2.0,1.0,5,8;26;34;35;36,,0,0,0,0,1.050378585090471,0.2100757170180942,10,6.789006493212653,3.3957418143415743,3.393264678871078,2.3453632292511033,-47.654636770748894,-44.26137209187782,-44.26137209187782,True,2.3453632292511033,0.0,3003,0.07581274248220522,0.24710400561972432,0.003892341097987937,0.004291075276528871,0.007457085021110518,0.025799168094368406,1.0,0.2100757170180942,0.3949837331865177,0.007457085021110518,0.00789240406738094,0.0168063475474908,0.6070279079540333,1.0,0.7275027627665309,0.05175440818881016,0.6286555406887996,0.6647967800858011,0.7241880967381179,0.787131280776798,0.9930370706456553,0.6789006493212653,0.03242798087113077,0.6443526407852209,0.6455175212481891,0.6657480344830562,0.7163617220892445,0.7494765327280788,0.36388410499314383,0.025886646026770824,0.31444246053803276,0.33251967374518226,0.3622261672603529,0.3937092424616551,0.49669970228397825,0.33957418143415746,0.016219906507507043,0.32229387432215767,0.32287652707124037,0.33299547448805455,0.3583115521135782,0.3748749988082771,0.3636186577733872,0.02586776216203933,0.3142130801507668,0.3322771063406189,0.361961929477765,0.3934220383151428,0.496337368361677,0.3393264678871078,0.016208074363623724,0.32205876646306325,0.3226409941769487,0.3327525599950017,0.3580501699756663,0.37460153391980167
cohesion_calibrated,nq_44,50,True,15,5,2.0,1.0,5,0;5;25;41;44,47,0,0,0,0,2.167692392974435,0.4335384785948871,10,8.5913875443638,4.295840515794899,4.2955470285689,2.1281481228204644,-47.87185187717954,-43.57630484861064,-43.57630484861063,True,2.1281481228204644,0.0,3003,0.2345903323885867,0.2390186954226553,0.056706299187680574,0.07576670358535306,0.17400889678673861,0.4590055577812289,1.0,0.4335384785948871,0.32326929693076173,0.08869175361083383,0.13853805142884035,0.30205163471710866,0.8254566025962571,1.0,0.8905559376230471,0.03953634983866424,0.7671220927202687,0.8164073397072447,0.8985936465515634,0.9304133452201436,0.9604907647764178,0.85913875443638,0.050373377800001666,0.7671220927202687,0.7987466755426728,0.863865042910339,0.9227531346259106,0.9300586520784595,0.44529317978823596,0.019768850212675625,0.3835741490477871,0.4082176143488612,0.4493121715391015,0.4652225643638957,0.4802617878738593,0.4295840515794899,0.02518754929320499,0.3835741490477871,0.3993869806168529,0.4319472765429695,0.46139232822796267,0.46504521173478275,0.44526275783481106,0.01976749962598862,0.3835479436724816,0.4081897253583834,0.44928147501246185,0.46519078085624793,0.4802289769025585,0.42955470285689,0.025185828506796678,0.3835479436724816,0.3993596949258198,0.43191776636736956,0.46136080639794796,0.46501344034367675
cohesion_calibrated,nq_45,50,True,15,5,2.0,1.0,5,6;11;35;40;49,0;1;2;3;4;5;6;7;8;10;11;13;14;15;16;17;19;20;23;24;25;26;27;28;29;30;31;32;33;35;36;37;39;40;41;43;44;45;46;47;48;49,1,1,15,5,4.99606033146742,0.9992120662934839,10,8.518551726209793,4.259280620319088,4.259271105890704,-0.7367797111483316,-50.73677971114833,-46.477508605257626,-46.477508605257626,True,-0.7367797111483316,0.0,3003,0.9992720857135269,0.0012462911617858612,0.9951952674018574,0.9981079219573388,0.9997852390389154,0.9999898669543758,1.0,0.9992120662934839,0.0008740141991700565,0.9978691397175095,0.9981079219573388,0.9998675551330752,0.9999359591516543,0.9999647131587671,0.8965673873950656,0.03170772472414702,0.8219356055003086,0.8547069803793711,0.902762339083756,0.935069839366316,0.9533146059223175,0.8518551726209793,0.026453335462866823,0.8219356055003086,0.8225386329949347,0.8433211654861383,0.8825827222308867,0.9105372616088514,0.4482841943886404,0.015853880069360258,0.41096826176288953,0.4273539675037065,0.45138167369257753,0.46753544187609103,0.4766578353429437,0.4259280620319089,0.013226682504388593,0.41096826176288953,0.4112697758469653,0.42166105369864304,0.4412918539967672,0.45526913929705715,0.44828319300642505,0.015853844654786765,0.4109673437374191,0.4273530128756646,0.4513806653911785,0.4675343974902251,0.47665677057937383,0.4259271105890704,0.013226652958478231,0.4109673437374191,0.4112688571479694,0.42166011178749524,0.4412908682341195,0.45526812231179425
cohesion_calibrated,nq_46,50,True,15,5,2.0,1.0,5,10;20;22;28;29,8;9;12,1,0,3,0,4.946537712654796,0.9893075425309592,10,8.46292831698153,4.231465067129878,4.231463249851653,-0.7150726455249181,-50.71507264552492,-46.48360939567327,-46.48360939567326,True,-0.7150726455249181,0.0,3003,0.992019548872579,0.013292169049330995,0.9505861102637396,0.9774702267835319,0.9982695028626256,0.9999580817916982,1.0,0.9893075425309592,0.01936760323413537,0.9505861102637396,0.969659467303294,0.9985713711886216,0.9995557456780574,0.999557271710669,0.8883264192005226,0.030517353134334253,0.8105155264124326,0.852226628968179,0.8910942422804693,0.9248559603600404,0.9788476870467662,0.8462928316981531,0.01916220943976381,0.8105155264124326,0.8114949328578668,0.8520368684979677,0.8641977923707129,0.866134138307158,0.44416330497719214,0.015258679843723377,0.4052578502288261,0.4261134059850947,0.44554721681433834,0.46242807947901776,0.4894239486193097,0.42314650671298776,0.009581106777270594,0.4052578502288261,0.40574755355669906,0.42601852572961496,0.4320989889716694,0.43306716214779156,0.44416311422333044,0.015258673290610876,0.40525767618360653,0.4261132229830844,0.44554702546613095,0.4624278808810226,0.48942373842745646,0.4231463249851653,0.00958110266249322,0.40525767618360653,0.4057473793011677,0.4260183427683527,0.43209880339904355,0.43306697615936646
cohesion_calibrated,nq_47,50,True,15,5,2.0,1.0,5,2;16;19;29;36,2;6;9;22;36;38;40;43,1,1,3,2,4.099135489793822,0.8198270979587644,10,8.723644402056744,4.374902746240986,4.348741655815758,0.27576725644716404,-49.72423274355283,-45.375491087737075,-45.375491087737075,True,0.27576725644716404,0.0,3003,0.4596264396558828,0.2970570386104761,0.11040292289787214,0.12556905441314833,0.33715496616445384,0.8722210954253253,1.0,0.8198270979587644,0.12385385553361843,0.6824672117566136,0.6873791503939432,0.804658181935186,0.9669052151008339,1.0,0.8867764846553409,0.0356857391672401,0.7963446111201722,0.8386936303420846,0.892193678132366,0.9314880588485855,0.9731882327161061,0.8723644402056745,0.04323543229226439,0.7971885689135815,0.8184721369335404,0.8765647243374859,0.9182425599548255,0.9524649647784204,0.4447179067851399,0.017896378060480087,0.39936637322383944,0.42060438247268905,0.4474346262577915,0.4671407360192918,0.4880533496889561,0.4374902746240986,0.021682544903566716,0.3997896175811206,0.41046331493613564,0.43959671474663753,0.46049812579643806,0.47766064250911117,0.442058577870201,0.017789361106760014,0.39697823789633274,0.41808924786939544,0.44475905187457454,0.46434732282929375,0.48513488302715,0.4348741655815759,0.021552887388697674,0.3973989513324609,0.40800882199740474,0.43696800959084836,0.45774443415838745,0.4748043222693092
cohesion_calibrated,nq_48,50,True,15,5,2.0,1.0,5,1;2;3;25;34,0;1;2;4;6;7;9;16;18;41;47,1,1,5,2,4.693445346019639,0.9386890692039278,10,7.677023478348123,3.870511624607765,3.806511853740358,-0.8229337214118742,-50.82293372141187,-47.01642186767151,-47.01642186767152,True,-0.8229337214118742,0.0,3003,0.612725422888045,0.3155680860964632,0.1915452425138488,0.23740946501758528,0.5084659531721255,0.9863449565299348,1.0,0.9386890692039278,0.09200355054363607,0.7559986128670868,0.840136517223272,0.9815852955353337,0.9958072255438676,1.0,0.7819894069464378,0.07051438975096905,0.6490571293701062,0.6916282871391205,0.7831699098710627,0.8714807734677534,0.9808060948898776,0.7677023478348123,0.08303096662575861,0.6490571293701062,0.6617405537187151,0.769876015244507,0.8783479181651637,0.90927162593952,0.394254244296981,0.035551117695939945,0.3272340082516059,0.3486970350982342,0.394849416410956,0.4393729514886017,0.4944913093549972,0.38705116246077653,0.04186157857062699,0.3272340082516059,0.3336285883280612,0.38814705659226933,0.44283514793155293,0.4584259000966582,0.3877351626494568,0.0349632720550291,0.32182312111850025,0.34293125204088637,0.3883204934601067,0.43210782197915176,0.4863147855348804,0.3806511853740358,0.04116938805513162,0.32182312111850025,0.3281119653906539,0.38172895865223766,0.43551277023361074,0.45084572584286187
cohesion_calibrated,nq_49,50,True,15,5,2.0,1.0,5,1;6;35;41;45,10;21;45,1,1,1,1,1.492200364806064,0.2984400729612128,10,7.955556703109785,3.998867243026502,3.9566894600832825,2.506666878220438,-47.493333121779564,-43.53664366169628,-43.53664366169628,True,2.506666878220438,0.0,3003,0.11698380047380484,0.2468064378349838,0.0034416468792690487,0.005008742668745945,0.012683794243680931,0.20294404321154036,1.0,0.2984400729612128,0.3579551790492989,0.004878433995599947,0.04388399133391776,0.16602100136011755,0.6875634408435809,1.0,0.8208419753260272,0.06359713261281733,0.7065565725144864,0.754900085664502,0.7988707592903137,0.9175893592084834,0.9665222867031614,0.7955556703109785,0.050679367335298146,0.7354802107870636,0.7411858032607266,0.7844386225236117,0.8675735598892056,0.8890551987382156,0.4125969067066458,0.031967151997847824,0.3551512532201317,0.3794511606135201,0.4015530565559292,0.4612270602828041,0.4858232372904257,0.3998867243026502,0.025474026456905566,0.3696897442338586,0.3725576650716387,0.39429873091701023,0.4360865768451754,0.44688434061276355,0.40824506861938137,0.031629980614969494,0.35140531929435476,0.3754489250509819,0.3973177027343845,0.45636229892567937,0.4806990494127357,0.39566894600832825,0.025205340878392584,0.365790466553205,0.3686281381890879,0.39013989160660145,0.43148698304403016,0.44217085812545204
cohesion_calibrated,nq_50,50,True,15,5,2.0,1.0,5,3;12;17;28;29,,0,0,0,0,2.5551099194747704,0.5110219838949541,10,7.594973493197577,3.8247374114979036,3.770236081699675,1.2696274920231332,-48.73037250797687,-44.96013642627719,-44.960136426277195,True,1.2696274920231332,0.0,3003,0.1941964277486892,0.32181536800114163,0.0007412936282503081,0.0014668975746271295,0.00914917272576137,0.7180994228409607,1.0,0.5110219838949541,0.3892892378460222,0.0007412936282503081,0.08724178220636768,0.4216312181141248,0.9662979570635407,1.0,0.8188306649843569,0.07674335948131802,0.6020596657462578,0.6928291798979012,0.8379275774860966,0.9047311890280384,0.9362915590605765,0.7594973493197578,0.09785140792595586,0.6020596657462578,0.6711791624615217,0.7397378202625664,0.8686703351327852,0.9362915590605765,0.4123532861375194,0.03864703390408444,0.3031900150271836,0.3489004519247212,0.42197026185901787,0.4556117581086732,0.47150518131709906,0.3824737411497903,0.04927679352631675,0.3031900150271836,0.3379977632290112,0.3725230796910889,0.43745194529204323,0.47150518131709906,0.4064773788468375,0.038096325577233595,0.2988696507190742,0.3439287279731799,0.4159573156270787,0.4491194309193652,0.4647863777434774,0.37702360816996744,0.0485746143996391,0.2988696507190742,0.33318139923251044,0.3672147405714775,0.43121838984074207,0.4647863777434774
cohesion_calibrated,nq_51,50,True,15,5,2.0,1.0,5,31;34;42;43;49,2;3;4;5;6;15;17;19;20;21;22;25;26;28;29;37;38;40;42;43;45,1,1,8,2,4.891629251218168,0.9783258502436338,10,8.41789576007506,4.217959190505403,4.199936569569657,-0.673670060712765,-50.673670060712766,-46.47373349114311,-46.47373349114311,True,-0.673670060712765,0.0,3003,0.5870355282833698,0.3356586883279225,0.1064972079227494,0.17660850589012458,0.5566874793785468,0.9847315457964532,1.0,0.9783258502436338,0.01685329087955977,0.9498374749954576,0.9597908622383037,0.9775547703781495,0.9958064250967956,1.0,0.862697379280991,0.0438497922796168,0.7650829750332,0.8214472439865762,0.8500463076252761,0.9378917937355004,0.9747096197402245,0.841789576007506,0.040955819907576206,0.7721583280138364,0.8218296319307087,0.8381807479935695,0.8549039675882321,0.9486004185024541,0.4322722023740925,0.02197183709791072,0.3833605045748068,0.4116029766870882,0.42593312364457764,0.46994990480269105,0.4883982310824727,0.42179591905054037,0.020521752930604695,0.3869057551910343,0.41179458000331615,0.4199876418133081,0.4283671537239567,0.4753156807092632,0.43042517690689847,0.021877955181706085,0.3817224704583932,0.40984426729948803,0.42411318398069847,0.46794188893280925,0.4863113886577518,0.4199936569569657,0.02043406697697151,0.3852525728228021,0.4100350519273925,0.41819310618026134,0.42653681386427533,0.4732847377931909
cohesion_calibrated,nq_52,50,True,15,5,2.0,1.0,5,11;23;26;34;39,,0,0,0,0,1.3968321913391848,0.27936643826783697,10,6.580139092928325,3.2979542499557324,3.2821848429725935,1.9011220586165476,-48.09887794138345,-44.816693098410866,-44.81669309841086,True,1.9011220586165476,0.0,3003,0.10186716210505416,0.24550411937708616,0.004663460369438572,0.006298719419950407,0.009735224935458791,0.15637614912164616,1.0,0.27936643826783697,0.36500832258989485,0.005742532691427073,0.04147165755962812,0.10619219574925294,0.6759328472146301,1.0,0.7191150369243071,0.06619746622492065,0.5880771985929996,0.640336851187307,0.7197019095791692,0.7970327075731451,0.9640358779516777,0.6580139092928325,0.06865532237745296,0.5901092547151223,0.5935581370846827,0.6539406778135024,0.7116648810691838,0.8279800863571871,0.3604192037187116,0.0331780547477184,0.2947432674312573,0.3209357142687156,0.36071334327092336,0.3994714045056449,0.48317310255909085,0.3297954249955732,0.03440992796947676,0.29576173041957093,0.297490304254813,0.32775392847420826,0.35668519858322095,0.4149821768380274,0.35869583320559556,0.03301941147720224,0.2933339311617423,0.3194011369185914,0.3589885663082459,0.3975613030675002,0.4808627753925868,0.3282184842972593,0.03424539440797619,0.2943475242955514,0.29606783282986976,0.32618674933929404,0.3549796824859628,0.4129979095191597
cohesion_calibrated,nq_53,50,True,15,5,2.0,1.0,5,16;17;41;43;44,0;3;4;7;9;11;13;14;22;28;34;37;41;43;44;45;46,1,1,11,3,1.1746234275758927,0.23492468551517853,10,7.091926641087197,3.5470112351038807,3.544915405983317,2.3723878075279883,-47.627612192472014,-44.0826967864887,-44.0826967864887,True,2.3723878075279883,0.0,3003,0.09003233322710384,0.24458242497168464,0.004959694137032807,0.006922627547463185,0.01732804302380945,0.08539796583857778,1.0,0.23492468551517853,0.38431839677386154,0.006780734441526732,0.007463451193743026,0.05107567124400649,0.6433117982273169,1.0,0.7741979642051647,0.06328596323558185,0.5722299638779541,0.6792103188293375,0.7890810531915614,0.8463618740778938,0.9030358508903149,0.7091926641087197,0.05161108125308554,0.6369714160021454,0.644451272710258,0.7097410174282655,0.7619523547155256,0.7981891108223838,0.3872133788469777,0.03165233285416043,0.28619953556471583,0.33970552063082565,0.3946571224894962,0.4233059968394778,0.451651359484241,0.3547011235103881,0.025813166763452258,0.3185798279285752,0.3223208615183665,0.354975381195735,0.3810887646710779,0.39921249712624624,0.3869845853581869,0.03163363038142141,0.28603042831323827,0.3395047981985118,0.3944239307020652,0.42305587723841603,0.4513844914060739,0.35449154059833166,0.025797914489633283,0.31839158807357015,0.32213041119189156,0.3547656362325303,0.38086359004444775,0.3989766136961375
cohesion_calibrated,nq_54,50,True,15,5,2.0,1.0,5,2;21;22;40;42,1;13;34;42;47,1,1,3,1,1.5065204010756492,0.3013040802151298,10,8.342245564672472,4.17120761596188,4.171037948710594,2.6646872148862304,-47.33531278511377,-43.16427483640317,-43.16427483640317,True,2.6646872148862304,0.0,3003,0.11609229776835119,0.24796306781101485,0.002048460275956406,0.003226307884120652,0.025885281777527774,0.24040714685034723,1.0,0.3013040802151298,0.36304425543080204,0.005125358549433111,0.01955095128039878,0.17858137219636985,0.7126497319811996,1.0,0.8756690806250961,0.05889213023272524,0.7558263161476708,0.803605243320556,0.8708893356791242,0.9491220907472673,0.9785048694943257,0.8342245564672472,0.05062073881695944,0.7558263161476708,0.7627305199777489,0.8391027047449607,0.8847673115611531,0.9347370945143906,0.43784344513108847,0.029446663999827604,0.3779208441921903,0.40181079365016353,0.43545352405211385,0.47457069714754896,0.4892623853192415,0.41712076159618794,0.025310884178846197,0.3779208441921903,0.3813730163171792,0.4195598853417125,0.44239265312047843,0.46737805274778965,0.43782563549400755,0.02944546623289764,0.3779054719554805,0.4017944496703925,0.43543581162701034,0.4745513935997184,0.4892424841750842,0.4171037948710593,0.025309854638113242,0.3779054719554805,0.3813575036605697,0.4195428194032482,0.44237465844067464,0.4673590417666009
cohesion_calibrated,nq_55,50,True,15,5,2.0,1.0,5,3;15;27;46;47,3;13;15;18;26;37,1,1,4,2,1.3461112479014088,0.26922224958028174,10,7.9296474198526266,3.965247456142915,3.9643999637097105,2.6191362082415064,-47.38086379175849,-43.41646382804879,-43.416463828048784,True,2.6191362082415064,0.0,3003,0.09635928357615238,0.2527506258880702,0.0015187987150046636,0.0022786182368154887,0.008747038585822167,0.19652206574424624,1.0,0.26922224958028174,0.38294922837295214,0.002095530558919436,0.0048946753560147535,0.026961886517450358,0.7231841753093526,1.0,0.83622963147877,0.057302554076237196,0.699544048015416,0.763304368431574,0.8293001031841913,0.9117903768303625,0.9664707232113178,0.7929647419852627,0.054480573498344204,0.699544048015416,0.7395804985017179,0.7919346350861942,0.8464083405201812,0.9108070179411039,0.4181595023595823,0.02865433918441663,0.34980940639408636,0.38169297383997997,0.4146943679106589,0.4559439128668572,0.48328700807753,0.3965247456142915,0.027243198093860693,0.34980940639408636,0.36982977111375137,0.39600963711768167,0.4232494008123467,0.45545218087328254,0.41807012911918773,0.028648214891820564,0.34973464162132967,0.381611394591594,0.41460573527353245,0.45584646396350526,0.4831837151337878,0.3964399963709711,0.027237375404483507,0.34973464162132967,0.3697507273879665,0.39592499796851255,0.4231589397078345,0.4553548370678213
cohesion_calibrated,nq_56,50,True,15,5,2.0,1.0,5,26;28;36;40;48,,0,0,0,0,4.878788657160266,0.9757577314320534,10,7.388401911112721,3.6942512398153315,3.6941506712973906,-1.1845374173449343,-51.184537417344934,-47.49038674604754,-47.49038674604755,True,-1.1845374173449343,0.0,3003,0.9330376583913169,0.08424694526351437,0.7328951097589123,0.7909748507143421,0.9802181988883992,0.9998922333247666,1.0,0.9757577314320534,0.022165126385171745,0.9319392052275471,0.951250802691888,0.9886235227129061,0.9890374588040707,0.9891718333575253,0.7801170865830731,0.05663150425026204,0.686772415119918,0.7143807978709626,0.7731920331391495,0.8438760540419769,0.9983127565088373,0.7388401911112722,0.0339754100949111,0.6939255541777549,0.7011002353695107,0.740592137416953,0.7814091707343835,0.8004325698201402,0.3900638526412553,0.02831613754991703,0.3433908816210606,0.35719526089473524,0.38660127878850864,0.42194377030384583,0.49916317260829723,0.3694251239815331,0.016987936278558078,0.34696749983307734,0.35055488925866585,0.3703011090578344,0.3907099035106246,0.40022173252365595,0.39005323394181785,0.028315366700345006,0.34338153349885747,0.35718553697622746,0.3865907543506409,0.42193228373813096,0.4991495839005401,0.3694150671297391,0.01698747381635302,0.3469580543446776,0.3505453461108449,0.37029102835911853,0.3906992672237589,0.40021083729648427
cohesion_calibrated,nq_57,50,True,15,5,2.0,1.0,5,0;1;2;4;6,0;1;2;4;5;38,1,1,6,4,4.295273099019019,0.8590546198038039,10,8.261734202623845,4.1603423950394305,4.101391807584416,-0.13493070397958817,-50.13493070397959,-46.03353889639517,-46.03353889639517,True,-0.13493070397958817,0.0,3003,0.33664318130954857,0.41646741062494014,0.0005886777008341649,0.0017217040523661146,0.062494200583217765,0.9997169710320923,1.0,0.8590546198038039,0.27972805696359354,0.29960490136142665,0.578313201163702,0.9992927852109713,0.9999999046318025,1.0,0.7457573293022316,0.09976947572417909,0.548500771000665,0.6352987568766357,0.7196518679806604,0.8827119302455589,0.9698371188148246,0.8261734202623845,0.11055296487891056,0.6625845642301942,0.6716219013623713,0.8783079535144473,0.9564020056334983,0.9698371188148246,0.37553929446460516,0.05024068426872602,0.2762072653682269,0.31991592647828176,0.36239342765086735,0.44450520628482265,0.48837863609879606,0.416034239503943,0.055670900975846566,0.3336561774149235,0.3382070883843565,0.4422875059023301,0.48161314720995313,0.48837863609879606,0.37021803483762655,0.04952879145545307,0.2722935056324381,0.315382830398354,0.35725844032979304,0.4382067239607363,0.48145848271602854,0.41013918075844147,0.054882063903063986,0.3289283868152707,0.3334148129780148,0.4360204476121172,0.4747888584235451,0.48145848271602854
cohesion_calibrated,nq_58,50,True,15,5,2.0,1.0,5,0;1;19;34;45,,0,0,0,0,1.6298472887449684,0.32596945774899366,10,6.135741339489021,3.067916228725697,3.0678251107633234,1.4380689399807285,-48.56193106001927,-45.49410594925594,-45.494105949255946,True,1.4380689399807285,0.0,3003,0.11378637139801435,0.2836573169000572,3.736677388009636e-05,4.033527485326801e-05,0.0003521159600495683,0.4049778179298474,1.0,0.32596945774899366,0.4159826316546985,3.736677388009636e-05,3.880868640843784e-05,9.588139552528754e-05,0.8518692276081449,1.0,0.6559633152437442,0.08401948358951677,0.5017713540105238,0.5776558610054511,0.6352909750649791,0.7719168287596966,0.9976584480528609,0.6135741339489021,0.07220989133755834,0.5304742709161109,0.544293208793268,0.6016499203045167,0.6734799915882045,0.7938241560409302,0.32798652826727337,0.042010365654510676,0.2508894027476641,0.2888322197012181,0.317650204682053,0.38596414600090817,0.49883663181954796,0.3067916228725697,0.036105481840188455,0.26524107432476957,0.2721506458714432,0.30082942751094954,0.3367449965039706,0.3969179723073637,0.32797678697647087,0.04200911793500609,0.25088195126285967,0.288823641304233,0.3176407703829261,0.38595268275878847,0.4988218162333129,0.30678251107633236,0.036104409497369885,0.2652331965913413,0.2721425629218248,0.30082049279356715,0.3367349950842338,0.39690618373356645
cohesion_calibrated,nq_59,50,True,15,5,2.0,1.0,5,4;21;32;33;35,,0,0,0,0,1.5602162330421083,0.31204324660842164,10,6.484230710338081,3.24362400221646,3.2406067081216205,1.6834077691743516,-48.31659223082565,-45.07598552270402,-45.07598552270403,True,1.6834077691743516,0.0,3003,0.13691854479062776,0.2394743803242535,0.014666967948930375,0.014944113649669858,0.0626387534623279,0.21458654531291338,1.0,0.31204324660842164,0.34983612332621783,0.07382275757699291,0.07741034198065928,0.15165086643253378,0.7007803561785693,1.0,0.6889816111741396,0.07192947058078938,0.5663927547171717,0.6149624112615621,0.6812028232655992,0.7427394750625719,0.992185945396101,0.6484230710338081,0.03473109715882176,0.5965575903801702,0.6064848298318793,0.6442379745256284,0.689897680014901,0.6992520287091352,0.34465110680395394,0.035981470688665015,0.2833281565618954,0.3076242852446117,0.34075990300578163,0.3715425462677593,0.49632381864784475,0.324362400221646,0.01737362925536505,0.2984175926646888,0.3033835221017731,0.3222688782462664,0.34510935436057444,0.3497887051278666,0.34433050437018575,0.03594799989212437,0.28306459815527624,0.3073381260169505,0.3404429202598176,0.3711969287948126,0.4958621267482563,0.3240606708121621,0.017357467903456707,0.2981399977154814,0.30310130773010624,0.32196909627936193,0.3447883256543266,0.3494633235812686
cohesion_calibrated,nq_60,50,True,15,5,2.0,1.0,5,1;3;17;30;35,1;3;4;5;6;17;18;22;28;35;37,1,1,10,4,4.083064488620652,0.8166128977241301,10,7.980892725757036,4.047096788279251,3.9337959374777847,-0.035967700341401176,-50.0359677003414,-46.10217176286362,-46.10217176286361,True,-0.035967700341401176,0.0,3003,0.3630352501971397,0.34208048709798694,0.06580839063279133,0.0864670901481911,0.18767570962843036,0.9314323152315512,1.0,0.8166128977241301,0.17244046327215623,0.5630064128684596,0.6014886332650696,0.925376759518865,0.9741877409493368,1.0,0.774001375739864,0.05368977616675289,0.6721219432363235,0.7117178973506056,0.7612566654890717,0.8562043833981864,0.8880517670525634,0.7980892725757035,0.05426566977677834,0.7260190973878825,0.7419053158136333,0.7848609533427751,0.8793780336569614,0.8880517670525634,0.3924947483344845,0.027225991897702955,0.34083186571659024,0.3609109050210013,0.3860319279839404,0.4341797502149394,0.4503295029470813,0.4047096788279251,0.02751802654340149,0.3681630186288699,0.37621889229839856,0.398001621205607,0.44593106786294084,0.4503295029470813,0.3815066274053796,0.02646378426904994,0.3312900775197332,0.35080699232960433,0.37522473750513125,0.422024633183247,0.4377222641054821,0.3933795937477784,0.026747643233376847,0.3578560787590126,0.3656864235152347,0.38685933213716805,0.43344696579402064,0.4377222641054821
cohesion_calibrated,nq_61,50,True,15,5,2.0,1.0,5,4;7;17;36;47,3;4;7;10;24;34;36;47,1,1,8,4,4.823144249449946,0.9646288498899891,10,7.56257556051863,3.7896554189520573,3.772920141566573,-1.0334888304978889,-51.03348883049789,-47.260568688931315,-47.260568688931315,True,-1.0334888304978889,0.0,3003,0.5593220164383835,0.3545072140739862,0.011181847429252934,0.16138616349779006,0.43729660856426794,0.9886801612931131,1.0,0.9646288498899891,0.03522271040100186,0.9072362217516751,0.9211156273232602,0.9785190695873325,0.99818168897212,1.0,0.7840019399605376,0.10672176167345412,0.599373129050258,0.6364079235544853,0.7738143929272955,0.9265802852145447,0.9707162506225401,0.7562575560518631,0.10886137921613452,0.6450744965303035,0.6454575553407762,0.7241350997489913,0.9061669270105176,0.9567208131694749,0.39286843172203934,0.05347896351043924,0.3003497430607874,0.3189081175933251,0.38776338615768036,0.46431536066750173,0.48643217776778863,0.3789655418952057,0.05455113966923819,0.3232509932418033,0.32344294648382627,0.3628687717374633,0.454086095132521,0.4794189737395864,0.39113350823849835,0.05324279816301489,0.2990233859894706,0.31749980596116023,0.3860510067696151,0.462264924547043,0.48428407285475145,0.3772920141566573,0.05431023954689633,0.3218235032885002,0.32201460885694994,0.361266328011528,0.4520808318779966,0.47730183942988846
cohesion_calibrated,nq_62,50,True,15,5,2.0,1.0,5,6;11;14;19;20,2;11;19;20,1,1,4,3,4.476601534765985,0.8953203069531972,10,8.016470547823154,4.020465540770841,3.9960050070523145,-0.4561359939951437,-50.45613599399515,-46.46013098694283,-46.46013098694283,True,-0.4561359939951437,0.0,3003,0.5458061794779917,0.35330991595074146,0.024998272678825838,0.06317659404118108,0.5195237198227572,0.9764125102876366,1.0,0.8953203069531972,0.10951785698322646,0.7266290453472534,0.7591175016598027,0.9443043584321323,0.9991271779431892,1.0,0.8438524276840391,0.06083883999658039,0.7091776699071598,0.7665908188555381,0.8490689052601512,0.9212088893455812,0.95087316079755,0.8016470547823156,0.05560248137040467,0.7091776699071598,0.7443850448958191,0.7916229238368484,0.8693943468167202,0.8888128751680502,0.42321363083168406,0.030512238308309216,0.3556707864310852,0.3844649528359975,0.4258298280987791,0.46200987995538906,0.47688727274979015,0.4020465540770841,0.027886070184810725,0.3556707864310852,0.37332818778726423,0.3970191953657907,0.4360235582312159,0.44576244813585153,0.42063879685235495,0.030326601688271178,0.3535068834760746,0.38212586601954057,0.4232390771613721,0.45919900939019215,0.4739858880477599,0.39960050070523145,0.027716411185593943,0.3535068834760746,0.3710568571085549,0.3946037284710576,0.43337078858550426,0.44305042703219866
cohesion_calibrated,nq_63,50,True,15,5,2.0,1.0,5,0;4;12;13;15,0;18;49,1,1,2,1,3.374293117780343,0.6748586235560686,10,8.14030960665535,4.114845198292432,4.025464408362917,0.7405520805120891,-49.25944791948791,-45.233983511125004,-45.23398351112499,True,0.7405520805120891,0.0,3003,0.25368501580406944,0.3777941260465684,0.0076128599539524765,0.00861700339644005,0.022626165372483784,0.9652296775182783,1.0,0.6748586235560686,0.39073572848259097,0.008764055797618821,0.18491976221434717,0.922978832838462,0.9973587629219289,1.0,0.8244890228105759,0.06294815643142061,0.6600717970565935,0.740458318446794,0.8283640177686649,0.9078740005205611,0.9422032580631636,0.814030960665535,0.06272978251316406,0.7113582502398696,0.7335336210159706,0.8297554024630844,0.8769219412559844,0.9097591609884985,0.41677096578527695,0.03181966433087766,0.3336597004155663,0.3742942840534492,0.4187297370319705,0.45892123914332333,0.4762743359401124,0.4114845198292432,0.03170927849638365,0.35958449023512246,0.37079391866813816,0.41943306809742886,0.44327528234359953,0.45987416893031335,0.40771805702529895,0.03112849210054295,0.32641209664102716,0.3661640343933448,0.4096342807366944,0.4489527613772378,0.4659289221230512,0.4025464408362917,0.031020504016780408,0.3517737600047472,0.3627397023478325,0.41032233436565557,0.4336466589123849,0.44988499205818516
cohesion_calibrated,nq_64,50,True,15,5,2.0,1.0,5,0;12;25;36;47,0;1;3;4;7;9;10;12;29;32;36,1,1,11,3,4.82950624630286,0.9659012492605721,10,8.371888670370181,4.19365556182895,4.178233108541231,-0.63585068447391,-50.63585068447391,-46.45761757593267,-46.45761757593268,True,-0.63585068447391,0.0,3003,0.6750381581548139,0.3229697235151125,0.02597320994464736,0.23695415628287708,0.8479928818190589,0.9907023462807926,1.0,0.9659012492605721,0.03394437326998962,0.9170803882050143,0.9238546770268099,0.9817175121110647,0.9986768942909111,1.0,0.843917273969167,0.04729052685596076,0.7180343528058756,0.7870964364060743,0.8470879491759854,0.900445935034592,0.9365598334087873,0.8371888670370181,0.05272533782212858,0.7400844120733862,0.7852313569972023,0.8527218093982487,0.8871800637424565,0.9128865616539765,0.4227359570881435,0.02368882205436113,0.3596785475523368,0.39427320144764033,0.42432421515503427,0.4510523553602291,0.4691425685414291,0.419365556182895,0.026411233463918358,0.3707238871795974,0.39333894384529655,0.4271463345340557,0.44440720071027945,0.457284127552765,0.42118131688102356,0.023601704801599635,0.3583558052535388,0.3928232349584339,0.42276373402095113,0.449393579674363,0.46741726486735824,0.41782331085412305,0.02631410435821022,0.36936052489378873,0.39189241315190565,0.42557547486419306,0.442772863032177,0.45560243410121154
cohesion_calibrated,nq_65,50,True,15,5,2.0,1.0,5,0;3;6;9;37,0;3;4;5;6;7;9;37,1,1,8,5,4.809435886596704,0.9618871773193408,10,9.032599662622463,4.544938067656863,4.4876615949656005,-0.2644978189398408,-50.264497818939844,-45.77683622397424,-45.77683622397424,True,-0.2644978189398408,0.0,3003,0.4910185692486752,0.41737840413291766,0.03169958165499073,0.03656765300107745,0.6605418276417427,0.9740260123240815,1.0,0.9618871773193408,0.028495356957551808,0.9183781891501285,0.9303429104419753,0.9581730535800844,0.9938378605946985,1.0,0.8867563658459126,0.03453191962352143,0.8290595965422194,0.844728319952915,0.8803100068655021,0.9388345893968091,0.9621318896970212,0.9032599662622465,0.03106407752781642,0.8489819271730679,0.8638565863417491,0.9064467494467239,0.9442445100323379,0.9599934102825345,0.4461896811997122,0.01737544471229705,0.4171583665191457,0.42504240656971304,0.4429460632577936,0.47239390916875007,0.4841164243872897,0.45449380676568635,0.015630528725528225,0.42718269642001294,0.4346671867355654,0.45609730218776684,0.475116021866954,0.48304040454130664,0.4405666846462004,0.01715647491122438,0.4119012300230737,0.41968591338320194,0.43736394360770847,0.466440680228059,0.47801546530973155,0.44876615949656007,0.015433548802288196,0.4217992307530549,0.4291893996061837,0.4503494472589571,0.4691284881653839,0.47695300574122784
cohesion_calibrated,nq_66,50,True,15,5,2.0,1.0,5,9;13;16;20;26,0;3;9;11;13;16;24;26;31;34;38,1,1,7,4,4.594721764992725,0.9189443529985448,10,7.807348065027465,3.9144148590209107,3.8929332060065556,-0.6803069059718143,-50.68030690597181,-46.787373699965265,-46.78737369996526,True,-0.6803069059718143,0.0,3003,0.4786638020578787,0.40648388535320057,0.015248912208777672,0.031864343427443084,0.293382890871856,0.99342168364769,1.0,0.9189443529985448,0.09469021702619149,0.7778602602358975,0.7995943045269907,0.9868899831411394,0.9991104602608228,1.0,0.831379165148673,0.08033925558809381,0.6531270598420962,0.7107937633874678,0.8360222307347205,0.9325259386211805,0.96290219040953,0.7807348065027465,0.04251233520875122,0.6960115143792851,0.7310546333411015,0.785744452713673,0.820401296067739,0.8408623100021911,0.41683333834136127,0.04028015316050941,0.3274620583814777,0.3563747441422043,0.4191612587530111,0.46754587603342995,0.48277579154011835,0.39144148590209105,0.021314653227546127,0.34896328321008896,0.3665330526667667,0.3939532009432494,0.41132930118394484,0.4215879570435989,0.4145458268073119,0.0400591024275844,0.3256650014606185,0.3544190192452635,0.4168609719817094,0.46498006258775054,0.4801263988694116,0.3892933206006555,0.0211976819812051,0.34704823116919614,0.3645215806743348,0.39179125177042357,0.40907199488379425,0.4192743529585922
cohesion_calibrated,nq_67,50,True,15,5,2.0,1.0,5,1;6;7;9;31,,0,0,0,0,1.722841432987692,0.3445682865975384,10,7.000849449073352,3.507067382981382,3.4937820660919705,1.7842259499936899,-48.21577405000631,-44.72199198391435,-44.72199198391434,True,1.7842259499936899,0.0,3003,0.12283722306211063,0.2574230219954393,0.0008435461869508295,0.00177362497386915,0.011612525261100293,0.3288723676853604,1.0,0.3445682865975384,0.3531345629981438,0.003470657231903175,0.03930713822529867,0.23456490969438865,0.7566976025384033,1.0,0.720652836230283,0.09526656519442252,0.5416212232810725,0.6168641128666634,0.6982580968995594,0.8607046426519508,0.9821879902845941,0.7000849449073352,0.10569184414003611,0.5829328169584659,0.590441270042626,0.6657452676163498,0.8443161535162401,0.9057067898428386,0.36101019951668556,0.04772367495008076,0.27132452139089325,0.30901735935098157,0.3497915809149748,0.43116898893245653,0.49202593053034005,0.35070673829813825,0.05294620630354151,0.2920195161595842,0.2957808669927448,0.3335043169283626,0.4229591943750542,0.45371276218816914,0.3596426367135974,0.047542890244341766,0.2702967018901793,0.30784675351568186,0.3484665159845846,0.4295356537194942,0.4901620597542541,0.349378206609197,0.0527456378364946,0.29091330079888167,0.2946604030498812,0.3322409506879872,0.4213569591411859,0.45199402765466945
cohesion_calibrated,nq_68,50,True,15,5,2.0,1.0,5,0;2;16;33;47,4;11,0,0,0,0,1.4776379488234224,0.29552758976468446,10,8.462476448964228,4.231248124345771,4.231228324618457,2.7536101755223488,-47.24638982447765,-43.015161499859204,-43.0151614998592,True,2.7536101755223488,0.0,3003,0.11106838076487202,0.2473668177074037,0.004085790780574578,0.005189102472718863,0.021976417758114944,0.20843025818446198,1.0,0.29552758976468446,0.3633667716811458,0.004085790780574578,0.03925416833323245,0.10248497921957518,0.7116241776644214,1.0,0.8544596726620374,0.042258283754034086,0.7405657847932803,0.8027119402069898,0.8501613614929202,0.9072406118781472,0.9716964205091411,0.8462476448964228,0.04616259780921161,0.7726178858974553,0.793587017510354,0.847706915414201,0.9041107452295682,0.9358053741959718,0.4272308359242596,0.021129191313047982,0.3702837587506374,0.40135690915943334,0.4250816753113036,0.4536213672783182,0.48584934699771387,0.4231248124345771,0.02308135290811495,0.38630984679901015,0.3967944371362863,0.4238544494005999,0.45205643029254106,0.46790378185383774,0.42722883673777773,0.021129092440986104,0.3702820260426429,0.40135503104755643,0.4250796861816166,0.45361924459982905,0.4858470735114272,0.42312283246184573,0.023081244901096653,0.38630803909844513,0.3967925803740676,0.42385246601360105,0.45205431493702725,0.467901592342134
cohesion_calibrated,nq_69,50,True,15,5,2.0,1.0,5,3;8;9;23;34,,0,0,0,0,2.9309044403171507,0.5861808880634303,10,6.787632268143693,3.427499644816559,3.360132623327135,0.4965952044994082,-49.50340479550059,-46.143272172173454,-46.14327217217346,True,0.4965952044994082,0.0,3003,0.209751533223185,0.32717413276627905,0.007914686794378538,0.009232325411485574,0.02608366840111751,0.7759667066568146,1.0,0.5861808880634303,0.3289680973394484,0.18812962295642427,0.21521103883936815,0.5809914308067547,0.9623800895560752,1.0,0.6845476034281823,0.08851542631096772,0.5330621242241766,0.6041144646829295,0.6668117782067542,0.8080387195538904,0.931255446751043,0.6787632268143693,0.06146337047087696,0.5677572957056466,0.6264487093711874,0.6675742180844184,0.7507828709219658,0.8054517472724566,0.3456708576600295,0.044696969466879996,0.2691763739203272,0.3050551401918481,0.3367149313155402,0.4080292383055709,0.47024906283640083,0.34274996448165584,0.03103669617561249,0.28669613386485204,0.31633309584886327,0.33709993484941647,0.37911718280565476,0.4067229143585034,0.3388767457681529,0.04381845684408771,0.2638857503038494,0.2990593244910814,0.330096846891214,0.4000094812483194,0.46100638391464216,0.33601326233271345,0.03042667429526447,0.28106116184079455,0.3101156135223241,0.33047428323500194,0.371665688116311,0.3987288329139532
cohesion_calibrated,nq_70,50,True,15,5,2.0,1.0,5,2;40;42;43;45,7;24,1,0,1,0,1.7823949426095185,0.3564789885219037,10,7.029385790640857,3.51617995729734,3.5132058333435183,1.7337850146878213,-48.26621498531218,-44.753009151968655,-44.75300915196866,True,1.7337850146878213,0.0,3003,0.15631408623070273,0.24641854643598735,0.014453827727273855,0.016011208658681907,0.06414581532100096,0.32727521118586755,1.0,0.3564789885219037,0.3429297043357278,0.03034493608921114,0.05840914026146637,0.3182576240720369,0.7333147743713686,1.0,0.7693154302058377,0.0861716105924454,0.6088122521373979,0.6630451239875471,0.7600555316121794,0.894015822772316,0.9230323585886782,0.7029385790640859,0.06822080181281823,0.6124014363238487,0.6322535146518009,0.6929388379427683,0.7701717912663937,0.8612181281543223,0.38482046328015407,0.04310403484421134,0.3045349199033518,0.3316628287570761,0.38018855505782007,0.4471970398500661,0.46171144618746407,0.35161799572973396,0.03412483297251442,0.3063302712861497,0.31626051014434137,0.34661600973036644,0.38524882497305557,0.4307912542101753,0.38449496692568363,0.04306757574823405,0.30427733223404607,0.331382295230471,0.37986697655435936,0.4468187829222499,0.4613209124012141,0.35132058333435184,0.03409596884030382,0.306071165037699,0.3159930045074595,0.3463228282124019,0.3849229662933381,0.430426873944147
cohesion_calibrated,nq_71,50,True,15,5,2.0,1.0,5,2;23;29;31;39,0;3;5;12;14;18;22;23;29,1,1,3,2,2.980859568168547,0.5961719136337094,10,8.704958373298915,4.3791913603172175,4.3257670129816965,1.3983317921486704,-48.60166820785133,-44.27590119486963,-44.27590119486963,True,1.3983317921486704,0.0,3003,0.2551146833633208,0.2899830705922579,0.06291111309801382,0.07069584515295878,0.09579688290310395,0.7022227361883007,1.0,0.5961719136337094,0.2777715890852565,0.23611922848094125,0.3009855885435559,0.5282519522088798,0.9272813035364993,1.0,0.8934424353513876,0.05973805336600915,0.7578737244721891,0.798304287032579,0.9122821096180855,0.9593858761603562,0.9725259696156057,0.8704958373298914,0.054556933114687615,0.8058049952223254,0.8063145433528932,0.8831756420312048,0.9239369956309198,0.9597263805368883,0.4494628493379953,0.03005233982336162,0.3812624855967335,0.4016018327440222,0.4589404981953382,0.4826369248334059,0.4892472934607268,0.4379191360317217,0.02744588082972103,0.4053752036313031,0.4056315413040819,0.44429794783268595,0.46480370557027983,0.4828082218988156,0.44397958601339227,0.029685713542647534,0.37661123887545567,0.3967024542885568,0.4533416114227473,0.4767489513269503,0.48327867615487885,0.4325767012981697,0.027111052284966585,0.4004297915910223,0.4006830020488113,0.43887769419851885,0.45913329006064,0.4769181586380727
cohesion_calibrated,nq_72,50,True,15,5,2.0,1.0,5,0;1;10;17;43,0;1;2;3;4;11;14;43,1,1,8,3,2.369470297454111,0.47389405949082225,10,7.4012682114977695,3.7041030954693275,3.6971651160284416,1.3346327980152166,-48.665367201984786,-44.96820208595635,-44.96820208595634,True,1.3346327980152166,0.0,3003,0.16464073490661837,0.3196980740869202,9.217856822192136e-05,9.498426440900413e-05,0.002144740580673852,0.6963970504296462,1.0,0.47389405949082225,0.40264748745663487,9.217856822192136e-05,0.011802373405308679,0.53804610752662,0.9207857382793322,1.0,0.7442388257562879,0.07985486305446554,0.5589411379130895,0.6600123398396006,0.7367257881617606,0.8597996288431209,0.9603900642861072,0.7401268211497769,0.08896156988723136,0.633054450170849,0.6597323602320312,0.7012634749167248,0.874443834685534,0.8888547734845879,0.37246823915525307,0.03996485966672824,0.27973254582406876,0.3303155190687357,0.36870819898172796,0.4303028042861169,0.4806451689527761,0.37041030954693277,0.04452248141544113,0.31682393901570904,0.3301753980379297,0.35096042109963743,0.43763177097689365,0.44484399481324516,0.3717705866010348,0.0398900033877373,0.27920859208902077,0.32969682077086493,0.36801758918003263,0.42949682455700405,0.4797448953333311,0.3697165116028442,0.04443908847179024,0.31623051115514,0.32955696219410147,0.3503030538170874,0.4368120637086403,0.4440107786713427
cohesion_calibrated,nq_73,50,True,15,5,2.0,1.0,5,0;1;4;12;43,0;1;4,1,1,3,3,3.3132643397754595,0.6626528679550919,10,7.36322536899798,3.6834317510325274,3.679793617965453,0.37016741125706787,-49.62983258874293,-45.95003897077748,-45.95003897077748,True,0.37016741125706787,0.0,3003,0.24305043615356456,0.3406328104596875,0.00456475841378493,0.0056511348018422865,0.03493845461507784,0.7801529783928233,1.0,0.6626528679550919,0.28250144167472724,0.15718118869637587,0.3388063681492841,0.7337521492871945,0.924434745785297,1.0,0.6950555412447774,0.05747998318275233,0.5796001897910623,0.640520974959473,0.6856068237864458,0.7487674027438153,0.9835149911374702,0.7363225368997981,0.07682314771868522,0.6541108222754324,0.6609095396439177,0.7082766852705185,0.8557951488587232,0.8917617871142135,0.3476994823669934,0.02875419187841291,0.28994328368240707,0.3204187265952311,0.34297278935565473,0.37456868249844893,0.49200047050376056,0.3683431751032527,0.038430552827120025,0.3272170075912263,0.33061804588170346,0.35431332063064763,0.42810899649467105,0.44610120109103835,0.3473560588777841,0.028725791304339422,0.28965690610865524,0.32010224836424195,0.34263403443079105,0.37419872024536627,0.49151452063370965,0.36797936179654533,0.0383925948915652,0.3268938146842061,0.3302914937622143,0.3539633646398709,0.42768615236405216,0.44566058602317515
cohesion_calibrated,nq_74,50,True,15,5,2.0,1.0,5,4;9;11;40;47,9;40;41,1,1,2,2,4.653888198221401,0.9307776396442803,10,8.103143524869306,4.056405803099528,4.0467377217697775,-0.5974823951218733,-50.59748239512187,-46.5507446733521,-46.55074467335209,True,-0.5974823951218733,0.0,3003,0.46108938105963476,0.41522887139784936,0.02788645354438728,0.033993430033089016,0.2777035937021963,0.9797436468667902,1.0,0.9307776396442803,0.0668502253339549,0.8454324370985218,0.8507597868237197,0.9503966148001375,0.9997233339644901,1.0,0.7805476346822244,0.07887278600912076,0.6454990734990449,0.6964594385515571,0.7619494970354507,0.9196206795718935,0.9976602803740957,0.8103143524869306,0.06716699309486737,0.7291048907783162,0.7426227975000114,0.8080689616488317,0.8877526910026092,0.9540841899477889,0.39073946366655943,0.039483445639596396,0.3231346180159294,0.3486452016422283,0.3814292998707831,0.46035895203101773,0.49942530801916857,0.40564058030995287,0.03362356593223004,0.36498740284488684,0.3717544204971537,0.40451654537240833,0.44440594646363346,0.47761126689560207,0.3898081710156651,0.039389340369524364,0.3223644554831155,0.3478142369093288,0.38052019716466756,0.4592617275408758,0.49823497235492714,0.40467377217697775,0.033543427162637335,0.36411748793342935,0.3708683770028577,0.40355241627642335,0.4433467445389758,0.4764729230521868
cohesion_calibrated,nq_75,50,True,15,5,2.0,1.0,5,0;1;2;10;24,0;1;2;24,1,1,4,4,4.13181676559427,0.8263633531188541,10,7.895018737987642,3.9704709080912632,3.9245478298963783,-0.16134585750300712,-50.16134585750301,-46.236798027606625,-46.23679802760663,True,-0.16134585750300712,0.0,3003,0.2952482910643329,0.41696999633897397,0.006526262838898013,0.010609858654771683,0.028829837959037742,0.9997134828649941,1.0,0.8263633531188541,0.31044596277253367,0.20822888510196683,0.4946589050225043,0.9992844224420099,0.9999998092587934,1.0,0.7538870370376015,0.07645486059788857,0.622897768477879,0.6623498760393935,0.7568314016383781,0.8342295576269709,0.9952675829556491,0.7895018737987641,0.09356467242507026,0.6706016930016894,0.6800464586050822,0.8054831966672336,0.8716912320136571,0.9952675829556491,0.3791360917412939,0.03844978838688156,0.31326049380432225,0.3331012884286815,0.3806168373073491,0.4195410168300625,0.5005283856867646,0.39704709080912626,0.047054455754657346,0.3372511961458151,0.34200104770494777,0.4050842316479135,0.4383808059752162,0.5005283856867646,0.3747509452963076,0.03800507221100702,0.3096372746735568,0.3292485876107121,0.37621456433102907,0.4146885407969085,0.4947391972688845,0.3924547829896379,0.04651021667041291,0.33335049685587426,0.3380454109001344,0.40039896501932004,0.43331042603844083,0.4947391972688845
cohesion_calibrated,nq_76,50,True,15,5,2.0,1.0,5,0;1;3;7;10,0;1;3;10,1,1,4,4,4.160480623281103,0.8320961246562206,10,8.91446078220962,4.5706100269709005,4.343850755238718,0.41012940368979756,-49.589870596310206,-45.24601984107149,-45.24601984107149,True,0.41012940368979756,0.0,3003,0.2787915679172483,0.41327625727267353,7.16842108585149e-05,0.00011870955435390316,0.004923800144849366,0.9661552129297224,1.0,0.8320961246562206,0.23055847068383653,0.38256997621779,0.5734501191317641,0.9236448760331497,0.997798175010975,1.0,0.7369783551136985,0.07935055736859108,0.560506957535375,0.6579008767997147,0.7222891284183051,0.8727764110957537,0.9828476913985371,0.8914460782209618,0.037628398104763656,0.8232521576975089,0.86467818965682,0.8859341089055727,0.9350431079002058,0.971748252683081,0.3778625249286541,0.04068450824063357,0.2873823535587009,0.3373180294039477,0.37033108489400823,0.4474887167397632,0.5039243116371503,0.45706100269709005,0.019292780335038503,0.4220967098993721,0.4433366078221618,0.45423491339827893,0.47941401157405644,0.4982334227403305,0.35911583018504434,0.0386660491279575,0.27312460397667415,0.320582847395767,0.3519580435242968,0.4252876943559904,0.47892337976138677,0.43438507552387184,0.018335617769725157,0.40115544779813683,0.42134158183465814,0.43169919550729374,0.4556290963261494,0.47351482994275046
cohesion_calibrated,nq_77,50,True,15,5,2.0,1.0,5,10;18;32;44;47,,0,0,0,0,1.0035866122076043,0.20071732244152085,10,6.263210278858168,3.131622030435828,3.1315882484223403,2.128035418228224,-47.87196458177178,-44.74037633334944,-44.74037633334944,True,2.128035418228224,0.0,3003,0.0679879307536166,0.24909894429742696,0.0004458226625796475,0.00046557294499074547,0.0007903207351970449,0.006105840721554064,1.0,0.20071732244152085,0.39964153997238466,0.0004894314381070378,0.0005557256479378969,0.0007911840532882158,0.60066033190141,1.0,0.7031597433977556,0.06484194149360267,0.5717955066355039,0.6252438856099898,0.702289825174537,0.7795443688911834,0.9617283123206698,0.6263210278858169,0.03586861978131205,0.5751645971971603,0.5903689459189468,0.6211041790089488,0.6465397342497282,0.7186413444849697,0.35158176802287755,0.03242114561649631,0.2858992953706814,0.3126236290007664,0.35114680656521985,0.38977428676829934,0.4808667498077913,0.3131622030435828,0.0179344066233333,0.28758384973747814,0.2951860651023846,0.3105537645360331,0.3232716107525766,0.3593226103182089,0.351577975374878,0.03242079587710636,0.2858962112648225,0.3126202566092234,0.3511430186093171,0.3897700821228841,0.4808615625128785,0.31315882484223406,0.017934213157978746,0.28758074745968215,0.29518288081656224,0.31055041447291565,0.32326812349715167,0.35931873416676086
cohesion_calibrated,nq_78,50,True,15,5,2.0,1.0,5,0;13;23;28;38,0;16;19;25;28,1,1,5,2,4.0424335851818185,0.8084867170363637,10,8.174135103336928,4.132781159158112,4.041353944178815,0.09034757397629356,-49.909652426023705,-45.86829848184489,-45.86829848184489,True,0.09034757397629356,0.0,3003,0.3939536831841171,0.3183217571186517,0.07567986344147014,0.0869572283041766,0.25120853015749417,0.907807400288652,1.0,0.8084867170363637,0.17489413788971994,0.5240953428895345,0.6106477593565777,0.794548573262164,0.993325313989191,1.0,0.8128695239824947,0.060971067013371225,0.712778694575816,0.7443822495082242,0.7986264156001938,0.8985896873065106,0.9915280976422803,0.8174135103336928,0.03707821371142914,0.7453321036601522,0.7746448104221051,0.8204976979287877,0.8604096191663348,0.8632239165768341,0.4109807106316684,0.03082651238585002,0.36037554094129165,0.3763540603486545,0.40377950228043985,0.45432017975798955,0.5013091402219506,0.4132781159158111,0.018746465663294045,0.3768342994557172,0.3916545832775825,0.41483745794076915,0.43501662479219555,0.43643951237202405,0.4018888133508262,0.030144554627521206,0.35240315363452435,0.3680281891595697,0.3948469133197539,0.44426950754852096,0.4902189574203297,0.4041353944178816,0.01833174804813509,0.368497804204435,0.3829902271445226,0.40566023998801853,0.42539299437413935,0.42678440420481
cohesion_calibrated,nq_79,50,True,15,5,2.0,1.0,5,0;1;9;21;45,0;1;2;37,1,1,3,2,3.3633408671290583,0.6726681734258118,10,8.260598644210681,4.136215779332797,4.124382864877882,0.772874912203739,-49.22712508779626,-45.10274222291838,-45.10274222291838,True,0.772874912203739,0.0,3003,0.32106894564243726,0.30980382161081166,0.004240662928717743,0.015733119702036683,0.2613122566915081,0.8007193250629694,1.0,0.6726681734258118,0.2680318904260894,0.37735295674433295,0.41861470662165423,0.5128451115264205,0.9970541869682676,1.0,0.7919932949480412,0.07836522273249409,0.5907939037175113,0.6935017475736357,0.7984566304394476,0.9010016760146387,0.9445360015674811,0.8260598644210679,0.07295922506230179,0.7593157400778993,0.759598148259013,0.7872743499617031,0.9422829816278312,0.9445360015674811,0.3965638938269562,0.03923873859241872,0.29582009393503084,0.3472475779124398,0.3998001907829175,0.4511461590194647,0.4729445022207138,0.41362157793327975,0.036531867840120795,0.3802017118707344,0.3803431182294314,0.3942010415017226,0.47181637857896513,0.4729445022207138,0.39542940112108493,0.03912648414007537,0.29497380978248045,0.3462541696611959,0.3986564396565301,0.449855516995174,0.47159149934676725,0.4124382864877882,0.03642735722218099,0.37911402820716483,0.3792550300295815,0.3930733084599805,0.470466603048866,0.47159149934676725
cohesion_calibrated,nq_80,50,True,15,5,2.0,1.0,5,3;4;8;13;31,0;2;3;4;7;8;13;14,1,1,8,4,4.815651579859343,0.9631303159718685,10,8.094359123819027,4.047344126708101,4.047014997110926,-0.7683074531512419,-50.768307453151245,-46.72129245604031,-46.72129245604032,True,-0.7683074531512419,0.0,3003,0.605366098075679,0.4612928052543007,0.0018861885145819673,0.002634943101520106,0.9851962266539164,0.9996807194074975,1.0,0.9631303159718685,0.06962091784208266,0.8239310351462142,0.8922807579650783,0.9979150555289834,0.9995485103950692,0.9997422579938053,0.8039183760078268,0.073880133101064,0.5757846434577208,0.7088759217133251,0.8171810900701715,0.8963301134728731,0.9734202165681397,0.8094359123819027,0.0643987513852555,0.7028151678774731,0.711504649478598,0.8340802309473812,0.8701002269964723,0.9051889582242167,0.40197553230784216,0.036941568592761334,0.28790402789143993,0.3544523728714368,0.40860715898060507,0.4481832798449415,0.486729898696063,0.4047344126708102,0.032200684970779214,0.35142187273353515,0.3557667901982124,0.4170570729922677,0.43506780333215833,0.45261288232801655,0.40194284369998456,0.036938564508302664,0.2878806155662809,0.35442354884188837,0.4085739310895664,0.44814683362793156,0.4866903178720767,0.4047014997110926,0.032198066414476284,0.35139329514393797,0.35573785928038565,0.41702315795511347,0.43503242366431394,0.4525760758962002
cohesion_calibrated,nq_81,50,True,15,5,2.0,1.0,5,5;8;14;32;47,0;1;2;3;4;5;7;8;9;10;11;12;13;15;18;23;25;26;27;28;29;31;33;35;36;37;39;41;43;45;47,1,1,12,3,4.911815300115798,0.9823630600231595,10,8.295594145236377,4.147798938514878,4.1477952067215,-0.7640163616009197,-50.76401636160092,-46.616221154879426,-46.61622115487942,True,-0.7640163616009197,0.0,3003,0.9556360351259511,0.043820349129728896,0.8378110580897445,0.9147917900107647,0.9653097996784124,0.9962009105768258,1.0,0.9823630600231595,0.026246415042360714,0.9303171827315633,0.9545898418110819,0.9922636828833858,0.9992942416281956,1.0,0.8572666963609441,0.042879942052637746,0.7488755089810861,0.8122464366343091,0.850743662243188,0.9146220074462911,0.9576486150335077,0.8295594145236377,0.04264972628941637,0.7488755089810861,0.7804642830542943,0.8273603016781196,0.8723996971392604,0.9056556011653755,0.42863354100223544,0.021439980671142438,0.37443792293228556,0.4061234010126807,0.42537202247615585,0.45731120944562254,0.47882452291704336,0.41477989385148784,0.0213248727377502,0.37443792293228556,0.3902323170740334,0.41368033693409056,0.43620004479520225,0.4528280042883848,0.4286331553587088,0.021439961381495305,0.37443758604880056,0.4061230356216283,0.42537163976703213,0.45731079800066854,0.4788240921164644,0.4147795206721499,0.021324853551666176,0.37443758604880056,0.3902319659802609,0.413679964744029,0.4361996523440581,0.45282759687699065
cohesion_calibrated,nq_82,50,True,15,5,2.0,1.0,5,3;12;18;27;44,3;5;35,1,1,2,1,2.229149693877236,0.44582993877544724,10,7.609242606668382,3.822786862135652,3.78645574453273,1.5936371682584158,-48.40636283174158,-44.61990708720886,-44.61990708720886,True,1.5936371682584158,0.0,3003,0.22197186688458775,0.24780546734839207,0.04542897127785119,0.05181697865119579,0.144107765186718,0.4788738009026159,1.0,0.44582993877544724,0.3207190292184745,0.04542897127785119,0.12812506539519314,0.40028554357145696,0.8125063889826888,1.0,0.7964309358553798,0.0565330081241583,0.6497148408830132,0.709129756767814,0.8086739878230855,0.8600678425568058,0.8987229663099201,0.7609242606668382,0.05537303509769637,0.681514053209018,0.699797538864177,0.7646716094550619,0.8411115389432673,0.8532685246854209,0.4001167889584985,0.028401465415841595,0.32640848587026544,0.3562577851500998,0.4062675428027213,0.4320871628130491,0.45150700613728934,0.3822786862135652,0.027818709696881556,0.3423840063510532,0.3515693973774,0.3841613066602976,0.42256375658796913,0.4286712718533581,0.3963141468968814,0.0281315427083167,0.3233063550127478,0.3528719716177142,0.4024064450203642,0.42798067974375664,0.44721596017263077,0.37864557445327296,0.027554325400814816,0.33913004685796483,0.348228141486777,0.3805103027947642,0.41854778235529816,0.4245972528320628
cohesion_calibrated,nq_83,50,True,15,5,2.0,1.0,5,6;25;40;41;46,,0,0,0,0,2.330211822603827,0.4660423645207653,10,7.450482060652504,3.7328960884831783,3.717585972169327,1.4026842658793512,-48.59731573412065,-44.87972976195134,-44.879729761951324,True,1.4026842658793512,0.0,3003,0.2093567843581715,0.30115717760505367,0.01147543194462421,0.01372970208680191,0.08697339557571879,0.6537380090718189,1.0,0.4660423645207653,0.4077821572363804,0.05921964846128936,0.07305871262933966,0.2628345504242715,0.9657361259347403,1.0,0.7986306786778249,0.061376185779037674,0.7024610736520251,0.7330102696221371,0.7855581899670803,0.8971004383398523,0.9804067090823206,0.7450482060652505,0.0262738030538209,0.7161534578648674,0.7226121006972733,0.7345261472272264,0.7741362796261654,0.8055835193333333,0.4001358989002153,0.030751154348866567,0.35195228614746676,0.3672582721514314,0.393586223110404,0.44947195228359443,0.4912106813576493,0.3732896088483178,0.013163896758728118,0.3588125466049829,0.36204850400609184,0.36801776845470313,0.3878635324056266,0.40361946298043283,0.39849477977760966,0.03062503143017111,0.3505087875045584,0.3657519974707057,0.3919719668566763,0.4476284860562579,0.48919602772467136,0.37175859721693266,0.013109906295092783,0.3573409112598845,0.3605635966911815,0.3665083787725234,0.3862727472205387,0.40196405635290045
cohesion_calibrated,nq_84,50,True,15,5,2.0,1.0,5,28;30;35;36;42,25,1,0,1,0,1.001997143021794,0.2003994286043588,10,7.135132356946623,3.567760330551046,3.567372026395577,2.565763187529252,-47.43423681247075,-43.866864786075176,-43.86686478607517,True,2.565763187529252,0.0,3003,0.06901067468827236,0.24883166251332517,0.0001717044602358762,0.00023939384855203052,0.0012548051709961713,0.00777649151789833,1.0,0.2003994286043588,0.3998004790794696,0.0001717044602358762,0.00020052175688318972,0.00032688568870769185,0.6005019220683986,1.0,0.7894621795582725,0.08070312189893128,0.653025674704045,0.7015565217091704,0.7605507169506329,0.9210535135547608,0.9549124593024526,0.7135132356946622,0.04258531730955798,0.653025674704045,0.6817440865552259,0.6953121613168507,0.7651056165960171,0.8040923347323066,0.39475257161223837,0.04035375693939442,0.32653060664980355,0.3507973507115807,0.3802960536067494,0.46055181930522365,0.4774822135053096,0.3567760330551046,0.021293817431858795,0.32653060664980355,0.3408905940240135,0.3476750006018882,0.3825736273715333,0.4020680472962889,0.394709607946034,0.040349364959536865,0.3264950680542415,0.3507591709975897,0.3802546633438835,0.46050169424953713,0.477430245797143,0.3567372026395577,0.02129149987769919,0.3264950680542415,0.3408534925312124,0.3476371607149624,0.3825319892244837,0.40202428743601765
cohesion_calibrated,nq_85,50,True,15,5,2.0,1.0,5,4;7;18;35;37,1;3;8;37;39,1,1,4,1,4.757869935122138,0.9515739870244276,10,8.338389629969738,4.2095815572423225,4.1288080727274155,-0.5482883778798158,-50.548288377879814,-46.4194803051524,-46.4194803051524,True,-0.5482883778798158,0.0,3003,0.608798044890444,0.2741006917221734,0.24529432948201832,0.294930384024283,0.5424175285606994,0.9801817113211501,1.0,0.9515739870244276,0.0544375712956486,0.8472748570456359,0.8897832443672757,0.9702392015745502,0.9947240204608867,1.0,0.8353978242713452,0.04339205435951928,0.7464401163217447,0.783131816375846,0.829265150852083,0.8945067868123951,0.9695955161727549,0.8338389629969738,0.03676219216295404,0.776077022880982,0.7877281557228666,0.8382134385505781,0.8708011101849854,0.8968046070724546,0.42174513665965263,0.021906195304926233,0.37683541867127096,0.3953589838566235,0.41864909652865073,0.45158591043282953,0.48949396514114346,0.42095815572423223,0.018559152666212258,0.3917974174266508,0.39767941576310367,0.4231665811433173,0.43961825437919216,0.4527459499869705,0.41365268761169255,0.02148585905459305,0.3696046976504737,0.38777283251922245,0.41061605432343223,0.4429208763795656,0.4801015510316114,0.41288080727274157,0.018203039496741777,0.3842796054543312,0.3900487399597629,0.41504685740726077,0.4311828558057933,0.4440586570854841
cohesion_calibrated,nq_86,50,True,15,5,2.0,1.0,5,0;11;17;39;45,0;12;14;16;31;35;39,1,1,6,2,1.2126098760756636,0.24252197521513272,10,6.870064431662727,3.4355003630184884,3.4345640686442396,2.2228904869428248,-47.77710951305718,-44.342545444412934,-44.342545444412934,True,2.2228904869428248,0.0,3003,0.09212889957298769,0.2437943857643593,0.004409155906447194,0.004733800067022125,0.023644470746828284,0.07820265467155704,1.0,0.24252197521513272,0.3793990483054995,0.023644470746828284,0.02958918907099901,0.06036414295695542,0.63603799832585,1.0,0.7096300453051817,0.05355412928088199,0.6059545947349008,0.6326268575863112,0.71660229274466,0.7622797165868472,0.9661662618098993,0.6870064431662728,0.05028066848579377,0.6059545947349008,0.6269221914986111,0.7078615173245408,0.7422119174843317,0.7513175047689582,0.3548633790126968,0.026780713982485913,0.3030185889654946,0.3163565379207081,0.3583499778426856,0.3811918023630422,0.4831489684268914,0.3435500363018488,0.025143760521318666,0.3030185889654946,0.31350381614347583,0.35397899450947473,0.371156535330621,0.3757099494554809,0.3547666662924849,0.026773415298396077,0.30293600576940616,0.3162703196656031,0.35825231490197446,0.3810879142238051,0.48301729338300786,0.3434564068644239,0.025136907964475097,0.30293600576940616,0.3134183753551353,0.35388252281506616,0.37105538215371064,0.3756075553134773
cohesion_calibrated,nq_87,50,True,15,5,2.0,1.0,5,0;1;4;37;49,0;1;4;12;30,1,1,3,3,3.0200441773185416,0.6040088354637083,10,7.217692124377784,3.6151545005152985,3.602537623862485,0.5951103231967569,-49.40488967680324,-45.80235205294076,-45.802352052940755,True,0.5951103231967569,0.0,3003,0.20552516730999779,0.3917575142731872,0.00020712656356826705,0.0002456149907434459,0.0015365596948333788,0.9856468647777336,1.0,0.6040088354637083,0.47112492479384305,0.0007025523255278143,0.022189821881120043,0.9665283724468482,0.9993570105326629,1.0,0.7380659413004786,0.08339786503716505,0.5652469298057227,0.6389652145961875,0.7314328754375733,0.8531205985164613,0.922670357022529,0.7217692124377784,0.08861899131467033,0.5891786739766923,0.6294120394589826,0.7123433893203917,0.8142197487734457,0.9017270695001425,0.3696780582199611,0.04177182427942169,0.2831175044565611,0.3200410784242567,0.3663557278277426,0.4273059473945027,0.4621416148267206,0.3615154500515298,0.04438695080942855,0.29510429346805833,0.31525614114841605,0.35679430009435853,0.4078215222349223,0.4516516661232535,0.36838788308051745,0.04162604075774335,0.2821294253491616,0.3189241361719307,0.3650771476098307,0.4258146511219586,0.46052874219580836,0.36025376238624857,0.044232040505241765,0.294074380508634,0.31415589831056656,0.3555490892260331,0.4063982265385234,0.45007540337688895
cohesion_calibrated,nq_88,50,True,15,5,2.0,1.0,5,2;4;11;13;15,2;4;31,1,1,2,2,2.0398713165246916,0.4079742633049383,10,9.009832539235969,4.515635287096992,4.494197252138978,2.4757639705723005,-47.5242360294277,-43.03003877728872,-43.03003877728872,True,2.4757639705723005,0.0,3003,0.15352783926381985,0.25353059511850806,0.0031350495632384468,0.00940792917439104,0.0412701753316534,0.3447592709651559,1.0,0.4079742633049383,0.3082070417748457,0.10970681124941407,0.16685612956433854,0.3089568398898773,0.74745102333947,1.0,0.9020234126641986,0.024255364311340646,0.8463907534449229,0.870909369042614,0.9003820025191577,0.934998667637622,0.9876473621272401,0.9009832539235971,0.013505435404447857,0.8877832751012422,0.8901396059667157,0.895444590409537,0.920700477349085,0.9304580826783527,0.45208484555912876,0.012156538815644937,0.4242023296531332,0.43649080730258455,0.45126218769736853,0.4686117037788086,0.49499868729060975,0.4515635287096991,0.006768785148264855,0.44494783525484466,0.44612880401956606,0.44878760759257175,0.4614455980462797,0.46633600935531644,0.44993856710506985,0.012098825495695707,0.42218842379178967,0.4344185617400294,0.44911981482178914,0.4663869638588133,0.4926486748366304,0.4494197252138979,0.006736650256183003,0.44283543984639756,0.44401080194714965,0.4466569828169651,0.45925487930280534,0.4641220733230363
cohesion_calibrated,nq_89,50,True,15,5,2.0,1.0,5,6;20;27;30;35,14;22;23;25;40,1,0,1,0,3.663532636287755,0.732706527257551,10,8.466505197747969,4.28719363365072,4.179311564097249,0.6236609973629648,-49.37633900263704,-45.19702743853979,-45.19702743853979,True,0.6236609973629648,0.0,3003,0.3065805495403599,0.33376927874238554,0.03183053847653056,0.03600546398628747,0.12865250444405416,0.8760738722713859,1.0,0.732706527257551,0.22978488048889323,0.44347400219722954,0.45444763240011443,0.8670823078013209,0.9528272994339051,1.0,0.8409754050248991,0.03868514467179248,0.7503727839549656,0.7932080632346411,0.8370337629623088,0.8904913810089008,0.9834188980011093,0.8466505197747969,0.03987942658443191,0.7983203753827163,0.8057207611198545,0.840517558224066,0.903278604095362,0.9219697855224427,0.4258456492105623,0.01958903964269471,0.3799670994228166,0.4016576473329889,0.4238497155446428,0.4509191089255672,0.4979749188417929,0.428719363365072,0.020193789500288117,0.4042463745093796,0.40799371604851403,0.4256138088178768,0.45739418927193376,0.466858863555829,0.4151297558143369,0.01909610502909777,0.37040568453214906,0.39155041590165224,0.413184047417666,0.4395722720833336,0.48544397915931636,0.41793115640972484,0.019685637084143788,0.39407400087333666,0.3977270450713405,0.41490374940618924,0.4458844148234282,0.4551109219666137
cohesion_calibrated,nq_90,50,True,15,5,2.0,1.0,5,0;3;17;37;40,0;10;17,1,1,2,2,2.1801531117161046,0.43603062234322093,10,6.4796463354557945,3.2426675937824685,3.2369787416733264,1.062514482066364,-48.93748551793364,-45.70050677626031,-45.70050677626031,True,1.062514482066364,0.0,3003,0.1678514457326642,0.28960198380410385,0.015735436272346182,0.016436261831939823,0.03214352472174815,0.5856276612930239,1.0,0.43603062234322093,0.37783312106931805,0.015735436272346182,0.0297390430766135,0.4128813600171117,0.8803167448574529,1.0,0.629304068449633,0.06414387452175682,0.5306693767927331,0.5505911974319244,0.6206368430613721,0.7026826563890033,0.8820244351589457,0.6479646335455794,0.1392477407663347,0.5306693767927331,0.5369511150019084,0.5685603902827381,0.8598292747430062,0.8820244351589457,0.31492828524159666,0.03210009504889416,0.26556764089463064,0.27553729646709146,0.3105908678210292,0.3516497908408333,0.44139940742815426,0.3242667593782468,0.06968499716098368,0.26556764089463064,0.2687112675478413,0.28452978098355736,0.4302920840198146,0.44139940742815426,0.31437578320803633,0.03204377947286265,0.26510173589810243,0.2750539009648329,0.31004597524034294,0.3510328655481699,0.44062502773079143,0.3236978741673326,0.06956274360535102,0.26510173589810243,0.26823984745406704,0.2840306092991807,0.42953719072319163,0.44062502773079143
cohesion_calibrated,nq_91,50,True,15,5,2.0,1.0,5,0;5;7;9;42,,0,0,0,0,4.012780179290184,0.8025560358580368,10,8.367339007437034,4.185331677114722,4.182007330322312,0.17255149782453838,-49.827448502175464,-45.64544117185315,-45.64544117185315,True,0.17255149782453838,0.0,3003,0.2739381659973322,0.4354490602993926,0.0039030096866564884,0.004205304035051234,0.015173702973075473,0.999446708813492,1.0,0.8025560358580368,0.38679853101302186,0.029043561605460892,0.4113721817119829,0.9993809733714113,0.9997962129766182,1.0,0.7841991045297706,0.0731754319342203,0.6213983510756239,0.6913342196001321,0.7864933517526329,0.8956837170186083,0.9439160576211183,0.8367339007437036,0.0746070981527284,0.7349168748060746,0.7431096071438079,0.8379942589190978,0.9205119579457034,0.928465223666087,0.3922553335578051,0.03660225227980272,0.3108226164318268,0.34580444346692046,0.393402912921859,0.4480197862405122,0.4721455379048881,0.4185331677114722,0.03731836978980813,0.36760442877217375,0.37170242242879037,0.4191635971695472,0.46043883883857795,0.4644170516164331,0.39194377097196553,0.03657317965441757,0.3105757346437971,0.3455297761332117,0.3930904388307739,0.4476639307780961,0.4717705197162302,0.4182007330322313,0.03728872836292026,0.36731244603390084,0.3714071847150176,0.41883066174955064,0.4600731191071255,0.4640481720496539
cohesion_calibrated,nq_92,50,True,15,5,2.0,1.0,5,0;6;14;15;20,,0,0,0,0,1.5304056742120913,0.3060811348424183,10,7.839237658246305,3.919626968486178,3.9196106897601264,2.389221294274087,-47.61077870572591,-43.69116801596579,-43.691168015965786,True,2.389221294274087,0.0,3003,0.1220623751401824,0.2537216947783233,0.0006290177622452876,0.0006786177840847291,0.007114913086397264,0.28227302637213053,1.0,0.3060811348424183,0.3707431741091673,0.0006290177622452876,0.0006494899405625832,0.17592424286476943,0.7412688861508152,1.0,0.8631957414701328,0.08642600545717981,0.6623872755399656,0.7260945712639066,0.8936372209055877,0.9495557173203011,0.9682958237601474,0.7839237658246304,0.10135865626639042,0.6623872755399656,0.7031939547807864,0.7395183867896014,0.9405229866818448,0.9497060186334092,0.43159876697827376,0.043213092463416675,0.33119432551676814,0.3630480395250695,0.4468195383029333,0.4747788445696271,0.48414891724712206,0.3919626968486178,0.050679433372369624,0.33119432551676814,0.3515977075061423,0.36975996122566346,0.47026246987185005,0.47485399538223677,0.4315969744918591,0.04321291299376313,0.33119295002319743,0.36304653173883716,0.4468176826026544,0.474776872750674,0.4841469065130254,0.3919610689760127,0.0506792228940208,0.33119295002319743,0.3515962472746441,0.369758425563938,0.47026051680999476,0.47485202325117243
cohesion_calibrated,nq_93,50,True,15,5,2.0,1.0,5,0;3;14;31;39,,0,0,0,0,1.0055996326969479,0.20111992653938957,10,6.628492892941423,3.3142554079289726,3.31423748501245,2.3086557752320247,-47.691344224767974,-44.37710673975553,-44.377106739755526,True,2.3086557752320247,0.0,3003,0.06728167586146676,0.24928141754668623,0.0001275768515013083,0.00014312704715769455,0.0004057404089092263,0.0029181452744308388,1.0,0.20111992653938957,0.39944281591988423,0.00013630837133079554,0.00024440201810511036,0.0008005558516453542,0.6017024903942821,1.0,0.695599331023633,0.07168998652998865,0.5651726995929294,0.6289931089925979,0.6854908017453895,0.7840249064598763,0.9206090355894723,0.6628492892941422,0.06982899631471665,0.5749087096153641,0.583915537069239,0.6573471481393978,0.7206091217785335,0.8274763502352551,0.347800605934394,0.03584509018699943,0.28258711388743374,0.3144974048699184,0.34274632762894347,0.39201351320037015,0.4603057624214681,0.33142554079289727,0.03491459256337882,0.28745513206134865,0.291958557965158,0.3286744627768494,0.36030553512408486,0.41373929383268004,0.347798725089239,0.035844896342989215,0.28258558570549563,0.31449570412267946,0.342744474116446,0.3920113932595062,0.4603032731680042,0.331423748501245,0.034914403751337836,0.28745357755401546,0.2919569791040811,0.32867268536254834,0.3603035866544487,0.4137370564025751
cohesion_calibrated,nq_94,50,True,15,5,2.0,1.0,5,0;2;19;22;42,0;2,1,1,2,2,1.2727098263332963,0.25454196526665923,10,7.324300789918518,3.6676811642756793,3.6566196256428385,2.394971337942383,-47.60502866205762,-43.94840903641479,-43.94840903641478,True,2.394971337942383,0.0,3003,0.0962623294881197,0.24479423044928142,0.00196237750899428,0.0030760157110679047,0.012043880682518134,0.12889464686657243,1.0,0.25454196526665923,0.37641203003879903,0.008699034034177973,0.010036972693514038,0.11142750051693806,0.6562157644398648,1.0,0.7748833417374595,0.0632458198733966,0.5965856313761436,0.6799470695272062,0.787375597955326,0.8467087394289218,0.8928032000283351,0.7324300789918519,0.064658998217579,0.619976507833113,0.6260143184262951,0.7557775757045289,0.7915491489349777,0.8194067906135885,0.3880268053591354,0.03167066849413345,0.29874331295726836,0.3404869804148395,0.39428236669444267,0.4239937414238293,0.4470757788451511,0.36676811642756796,0.03237832479381114,0.3104564142426786,0.3134798788465025,0.3784594950836631,0.3963722937407599,0.41032215060715416,0.38685653637832407,0.03157515137926315,0.29784231841887526,0.33946008911236664,0.3930932312608833,0.42271499800509243,0.44572742118318404,0.36566196256428385,0.03228067342376786,0.30952009359043436,0.3125344395797925,0.3773180806208658,0.39517685519421786,0.4090846400064343
cohesion_calibrated,nq_95,50,True,15,5,2.0,1.0,5,0;3;4;8;26,0;3;4;8;23;26;29;35;38;43;49,1,1,7,5,4.800861419032948,0.9601722838065896,10,9.343623713911285,4.684593998064572,4.659029715846713,-0.11626742096837628,-50.11626742096838,-45.45723770512166,-45.45723770512166,True,-0.11626742096837628,0.0,3003,0.4499389182657781,0.4208036198770902,0.019456776949728347,0.021023315094440026,0.22991967813942857,0.9999148835994937,1.0,0.9601722838065896,0.04900645344246132,0.891956531411018,0.8988069234397831,0.9998927104195298,0.9999718662877878,1.0,0.8718118059685195,0.04388818983093583,0.7777511278870038,0.8135503232203728,0.8706309746305245,0.9279790552012843,0.9831956873074224,0.9343623713911284,0.027174118051365045,0.9023803745024108,0.9035197621248928,0.9233151938853921,0.9647447142514948,0.9831956873074224,0.43709854749409044,0.02200413425915416,0.3899395328027657,0.40788810401337144,0.43650651643975097,0.4652590092913542,0.4929428620745775,0.4684593998064571,0.013624233404925358,0.45242464977174174,0.45299590227303854,0.4629206984392482,0.4836921344893516,0.4929428620745775,0.4347132584744291,0.021884055571781667,0.3878115950842381,0.4056622192070013,0.43412445819077355,0.4627200459099301,0.49025282523284486,0.46590297158467137,0.013549884646439686,0.4499557247306691,0.4505238598518542,0.46039449544614397,0.4810525797621431,0.49025282523284486
cohesion_calibrated,nq_96,50,True,15,5,2.0,1.0,5,1;8;10;25;36,0;1;25;36,1,1,4,3,4.83700344674578,0.967400689349156,10,7.6301882933491765,3.822576972477442,3.807611320871735,-1.0144264742683382,-51.01442647426834,-47.206815153396605,-47.206815153396605,True,-1.0144264742683382,0.0,3003,0.5922237128014785,0.3922507862279482,0.005015525610173189,0.03720062056597274,0.547771826825136,0.9999867676315284,1.0,0.967400689349156,0.04995135869126137,0.8709848246387456,0.9090597132052429,0.9998571857889281,0.9999957561052469,1.0,0.7804162595005537,0.08274413014758472,0.617840137230315,0.6821626911554209,0.7694551060320218,0.8845839543388604,0.997466443872652,0.7630188293349177,0.08942810161907229,0.6812127971396399,0.6899414475972876,0.7244782894973638,0.8888877542259571,0.9748595644992462,0.3909734737626451,0.041453211159353937,0.3095259763520524,0.3417503336014492,0.3854821475686214,0.4431594770768816,0.4997114242239677,0.3822576972477442,0.04480175177844653,0.34127445504492865,0.34564734034702427,0.3629496311259294,0.4453155977006553,0.48838581426651995,0.3894427857379086,0.041290918988230785,0.3083141608782625,0.34041235755397176,0.3839729584634004,0.4414244772619788,0.49775501964868435,0.3807611320871735,0.04462634984062575,0.33993834209471124,0.3442941072502633,0.3615286583714344,0.4435721565253018,0.4864737502327262
cohesion_calibrated,nq_97,50,True,15,5,2.0,1.0,5,25;29;35;47;49,8;13;47,1,1,2,1,4.791482239793574,0.9582964479587147,10,8.26671142596369,4.1385221351895005,4.1281892907741895,-0.6529601046040732,-50.65296010460408,-46.52477081382989,-46.52477081382988,True,-0.6529601046040732,0.0,3003,0.5072949758534023,0.4006914013368117,0.025381839255273556,0.032202740645079636,0.6336003784076718,0.985255045840248,1.0,0.9582964479587147,0.04258213153674458,0.88355174977808,0.9060612045523901,0.9780400807036751,0.9960260090391853,1.0,0.8052104378904669,0.05744845759248502,0.6789276389128291,0.7358026792670478,0.80750328701561,0.8632444786703638,0.9881148490765469,0.826671142596369,0.03248062979803875,0.7668763564899084,0.79061733588753,0.833417998840688,0.8600722512402396,0.8883167699892744,0.4031084489328059,0.028760132188995424,0.3398881268563383,0.3683611920593238,0.40425630645051874,0.4321617386857013,0.49467496375513176,0.4138522135189501,0.016260614222227892,0.38391745069497,0.3958027777235086,0.4172298582039162,0.43057364243303764,0.4447135537009611,0.4021019889576609,0.028688325403489597,0.33903951205649085,0.3674414872077239,0.4032469805650913,0.4310827399846625,0.49343988532141514,0.41281892907741896,0.01622001557581086,0.38295890579493835,0.39481455816402145,0.4161881406367718,0.4294986088072019,0.44360321628831334
cohesion_calibrated,nq_98,50,True,15,5,2.0,1.0,5,0;2;33;47;48,0;1;7;10;11;18;24;25;26;28;36;48,1,1,6,2,4.764337059377114,0.9528674118754228,10,8.701348965660696,4.358755358033214,4.342593607627483,-0.40558170134390004,-50.4055817013439,-46.06298809371642,-46.06298809371642,True,-0.40558170134390004,0.0,3003,0.7596453987798134,0.21623918573337425,0.2978016024292032,0.4189708469160525,0.8093224481033867,0.9816230249239002,1.0,0.9528674118754228,0.05929229543130177,0.836351273116668,0.8884515048103092,0.9760366771095231,0.9941389027200607,1.0,0.8473783222547717,0.06420245587558346,0.691823105801683,0.7459739636439225,0.8577743970889474,0.9126450939236039,0.9872169784526059,0.8701348965660698,0.043503807823230656,0.8111826289719761,0.8162131450843422,0.8733366417765577,0.9011729877517287,0.9740740363352033,0.42447611479385505,0.032160852259916446,0.3465540436459553,0.3736797620481748,0.4296838069648973,0.45717011337220675,0.4945253099666857,0.4358755358033214,0.02179230556005586,0.40634465349322985,0.40886458335065545,0.4374793818444751,0.45142340623036875,0.48794163315971845,0.42290220746091667,0.03204160361566702,0.3452690621557277,0.37229420159574766,0.42809059012405015,0.4554749805513972,0.4926916684859202,0.43425936076274824,0.0217115022631748,0.4048379754787463,0.40734856173368666,0.4358572599320826,0.44974958152136,0.48613240317548484
cohesion_calibrated,nq_99,50,True,15,5,2.0,1.0,5,0;3;4;5;19,0;4,1,1,2,2,4.9396428992032,0.98792857984064,10,8.00688057073935,4.004108702366404,4.002771868372946,-0.9355341968367963,-50.9355341968368,-46.93276232846385,-46.93276232846385,True,-0.9355341968367963,0.0,3003,0.67855468247091,0.36315597750752193,0.03741863061879674,0.11260353512644623,0.9369945290794064,0.999428148515819,1.0,0.98792857984064,0.017586366404105113,0.9541898310460976,0.9672190180984633,0.9989300658611759,0.9999040814475657,1.0,0.7930932110649732,0.06841648581073818,0.6551480587521715,0.7050828430153541,0.793287501338147,0.879714727346467,0.9709415144267747,0.800688057073935,0.058315539606348984,0.7264019138185014,0.7462913075079787,0.8045543170037428,0.8527734468615313,0.9391750900171506,0.3966128132119422,0.034213954335877934,0.3276287213493174,0.35260028205295557,0.39670997456794427,0.4399308025450684,0.48555181172710704,0.40041087023664046,0.029162638003405773,0.3632615971775004,0.37320795439529936,0.40234432295818195,0.42645791323573473,0.4696659476508435,0.3964803978530311,0.03420253147486025,0.3275193374028541,0.35248256096239855,0.3965775267702027,0.4397839248013987,0.48538970269966764,0.40027718683729463,0.02915290160294321,0.363140316641001,0.3730833531126794,0.40220999404556085,0.42631553362579655,0.4695091423663071
cohesion_calibrated,nq_100,50,True,15,5,2.0,1.0,5,5;7;17;32;45,0;2;5;17;39;43;45,1,1,5,3,4.780645436526982,0.9561290873053965,10,8.360494764035819,4.193552138913675,4.166942625122145,-0.5870932976133076,-50.58709329761331,-46.420150672491175,-46.42015067249116,True,-0.5870932976133076,0.0,3003,0.7191453900235066,0.2367701298918463,0.31255580486386814,0.3484939146272226,0.8051359309499638,0.9946989183301934,1.0,0.9561290873053965,0.04866329393524173,0.8954466281165624,0.8965093003211646,0.9877919076960882,0.9997214368345054,1.0,0.8041491194365281,0.048210489000885114,0.6933827796383994,0.7505463317147919,0.7987934387069648,0.8677958997987149,0.9578761861889349,0.8360494764035818,0.04302781318101012,0.768488612925863,0.786276074397419,0.8322202977330599,0.8940836538513821,0.8941857977769782,0.4033542696928543,0.024181965897212276,0.3477948280222213,0.37646757321776286,0.40066790638390143,0.4352789463365097,0.48046244185051334,0.4193552138913675,0.02158238036033413,0.38546726688103083,0.3943893042968979,0.4174345308627594,0.4484646572718257,0.44851589178482404,0.4007948497436737,0.024028523103672837,0.34558795161617817,0.37407875849702904,0.3981255323230634,0.4325169534622052,0.47741374433842154,0.4166942625122144,0.02144543282067599,0.3830213460448322,0.3918867701005211,0.41478576687030055,0.4456189965795564,0.4456699059921541
cohesion_calibrated,nq_101,50,True,15,5,2.0,1.0,5,1;2;10;20;32,1;2;13;23;24;26;31;40;45,1,1,6,2,2.0648433857175825,0.4129686771435165,10,7.53955012035682,3.7755543367663216,3.7639957835905,1.710710951048739,-48.28928904895126,-44.525293265360766,-44.52529326536076,True,1.710710951048739,0.0,3003,0.19327397163466128,0.252228580277619,0.03943428533971966,0.04252275159071339,0.10697658523473387,0.4497147656187402,1.0,0.4129686771435165,0.3355372511923225,0.10697658523473387,0.10783137844659611,0.29768586856167606,0.8204269454627133,1.0,0.7647534491606705,0.06899501536192512,0.6399230433936187,0.677891324154167,0.7671998068778154,0.8663302760602708,0.9451302941011872,0.7539550120356822,0.07448222708980437,0.6399230433936187,0.6668123010467606,0.7588292091095012,0.8447612355756368,0.8980061862856934,0.3829629295439875,0.034550394294964516,0.32045204065400335,0.33946528478616983,0.38418798360434986,0.4338292044799777,0.47328961592393876,0.37755543367663214,0.037298206260563474,0.32045204065400335,0.3339172808505818,0.37999626842227885,0.4230281509632999,0.44969144006611833,0.3817905196166829,0.034444621066960605,0.3194710027396154,0.33842603936799714,0.38301182327346556,0.43250107158029316,0.47184067817724845,0.37639957835905,0.037184020829240896,0.3194710027396154,0.3328950201961787,0.3788329406872224,0.42173308461233683,0.44831474621957507
cohesion_calibrated,nq_102,50,True,15,5,2.0,1.0,5,2;6;24;26;44,0;2;6;16;17;26;29,1,1,7,3,4.946713485582468,0.9893426971164935,10,7.597615634251295,3.8012190192556137,3.796396614995681,-1.1454944663268547,-51.14549446632685,-47.34909785133118,-47.34909785133117,True,-1.1454944663268547,0.0,3003,0.7644370560721933,0.3284605360491508,0.11752600750912115,0.1720558795117691,0.9750080298920527,0.9976115008267608,1.0,0.9893426971164935,0.009061547089709446,0.9750080298920527,0.9782494807537033,0.9929583759262516,0.9982541690871938,1.0,0.7756658798060669,0.04917925523858299,0.6795386244844723,0.7131206511634169,0.781077650351873,0.8154682036494004,0.9974146080589823,0.7597615634251296,0.029469678833682882,0.7132294133021223,0.72616799045711,0.7625434862239764,0.7928727487555854,0.8116996261916256,0.38807910755767233,0.024605235295527033,0.3399849726622454,0.3567866436946249,0.39078671032633916,0.4079929012644475,0.49902384652692544,0.38012190192556145,0.014744192002678094,0.3568410592810568,0.3633144540842795,0.38151374620436446,0.39668800285607125,0.4061074165284928,0.38758677224839466,0.02457401994305596,0.3395536518222269,0.356334007468792,0.3902909400255339,0.40747530238495294,0.49839076153205686,0.3796396614995681,0.01472548683100479,0.3563883540210655,0.3628535363728306,0.3810297400196119,0.3961847458995142,0.4055922096631328
cohesion_calibrated,nq_103,50,True,15,5,2.0,1.0,5,4;5;19;24;27,10,1,0,1,0,2.135743163379528,0.4271486326759056,10,7.577268664444704,3.7888587006453114,3.788409963799392,1.6531155372657835,-48.34688446273422,-44.55847449893483,-44.55847449893483,True,1.6531155372657835,0.0,3003,0.1667672666741565,0.2855112183250532,0.010168098435829082,0.0113648178376814,0.02139078934233463,0.5617192042567969,1.0,0.4271486326759056,0.3731514581464579,0.016471987686117746,0.0248329025330044,0.43709468138624236,0.8579208878015334,1.0,0.7748647611044713,0.052964093242887804,0.6804518754158876,0.7238705806381217,0.7674113375217785,0.8243022887555809,0.9417273216323256,0.7577268664444704,0.05458125464500414,0.7154592596070913,0.7223712334517529,0.7444462848772573,0.7748973681289171,0.9173206446533536,0.3874553248600272,0.026483614926673754,0.34024608638168735,0.36195672465216916,0.38372839236740053,0.4121755525666459,0.4708915460454413,0.3788858700645311,0.02729224351305439,0.35775081507133527,0.3612070066622267,0.3722451860332685,0.38747162933776774,0.4586874848565413,0.3874094362444442,0.026480478316214053,0.34020578903420023,0.36191385598595255,0.38368294515437795,0.412126736188935,0.47083577558688433,0.3788409963799392,0.027289011131949748,0.35770844453575606,0.3611642267895262,0.37220109884398883,0.3874257387911494,0.4586331597968123
cohesion_calibrated,nq_104,50,True,15,5,2.0,1.0,5,1;20;21;29;40,1,1,1,1,1,4.931376225968595,0.986275245193719,10,8.686048803550268,4.355480207744378,4.33056859580589,-0.575896018224217,-50.57589601822421,-46.24532742241833,-46.24532742241833,True,-0.575896018224217,0.0,3003,0.8653798943988658,0.13692039700813682,0.6110393799456951,0.636312433588452,0.9014556188982148,0.9988271561677953,1.0,0.986275245193719,0.021856539911054927,0.9428203464605273,0.9632865333221315,0.9950533465993113,0.9998066877176875,1.0,0.8920041939103138,0.04366779563225168,0.7655183473304308,0.8181306667607797,0.9019082785157315,0.9383825465483211,0.9923842903981945,0.8686048803550269,0.05516594409059463,0.7655183473304308,0.8016848491060639,0.9027789638631155,0.9188531800507096,0.9232070264831331,0.4472812322000058,0.02189651749531502,0.3838569280315444,0.41023853388537607,0.45224747697370443,0.4705369151406849,0.49761522564081356,0.4355480207744378,0.02766208008524083,0.3838569280315444,0.40199204173280945,0.45268406821138596,0.46074422675337506,0.46292739339137834,0.44472296171030795,0.021771278136936655,0.38166141929888636,0.4078921328754036,0.4496608015420271,0.4678456314076362,0.49476906475738097,0.43305685958058904,0.027503864005353804,0.38166141929888636,0.39969280737325436,0.45009489565172955,0.45810895329733453,0.4602796330917548
cohesion_calibrated,nq_105,50,True,15,5,2.0,1.0,5,14;30;32;46;48,0;1;2;3;4;5;6;7;8;12;13;14;15;16;17;18;19;20;22;23;25;26;27;28;29;30;32;35;36;37;38;40;41;42;44;45;46;47;48;49,1,1,15,5,4.85779502041054,0.971559004082108,10,7.93148969370737,3.974449274110955,3.9570404195964146,-0.8833457462995851,-50.88334574629958,-46.92630532670317,-46.92630532670317,True,-0.8833457462995851,0.0,3003,0.9087006519200245,0.05748405502639286,0.8395116343471074,0.8406068408866954,0.8847299237781446,0.9822721888834586,1.0,0.971559004082108,0.028739709929089672,0.9162177486264043,0.9407868470343309,0.9804493869964528,0.993394956056585,1.0,0.8080291972474652,0.035429553297146144,0.7371430657742133,0.7666638988716886,0.8028937904891409,0.854083482449498,0.9250268674566254,0.793148969370737,0.02352837253161006,0.7643305311163766,0.7706110891789676,0.7893108466656381,0.8290131246286037,0.8429141197675376,0.4049013716816074,0.01775365887389794,0.3693805118358309,0.38417332607456045,0.402328032441303,0.4279790566385881,0.4635286060842933,0.3974449274110955,0.01179000751945249,0.3830040814383743,0.3861512530791167,0.39552165390406047,0.41541636422003675,0.42238211746096815,0.40312782556585786,0.01767589442324821,0.36776255393838236,0.3824905727971281,0.4005657580478379,0.42610442581090996,0.46149826137233213,0.3957040419596415,0.011738365012157569,0.38132644967800233,0.38445983609985096,0.39378919276157764,0.41359676040856685,0.42053200230656945
cohesion_calibrated,nq_106,50,True,15,5,2.0,1.0,5,9;14;19;34;46,,0,0,0,0,3.4589606680551968,0.6917921336110393,10,7.688059856294476,3.859509779648619,3.828550076645857,0.4005491115934223,-49.59945088840658,-45.770900811760725,-45.77090081176072,True,0.4005491115934223,0.0,3003,0.3683421901262161,0.276906640089737,0.07546925919913577,0.11099507674557993,0.31859840302704484,0.7834682432762873,1.0,0.6917921336110393,0.22781880441839225,0.442244165191045,0.47473961212325916,0.5623599446462775,0.9723495102785176,1.0,0.8045476632154026,0.08270334755527611,0.6337514878766473,0.6862956221500037,0.8225834289288917,0.9066108779327603,0.936762204474901,0.7688059856294476,0.08074453007266909,0.6493836380771572,0.6858332304080715,0.7681366605707267,0.8562119772549842,0.9237400527475278,0.403893782360577,0.04151819635456293,0.3181517978588817,0.3445296622202205,0.4129479800978216,0.4551308932451271,0.47026726598856977,0.38595097796486194,0.04053484354878595,0.325999348177628,0.34429753532691143,0.38561496775445986,0.42982996509351296,0.4637299701189602,0.4006538808548256,0.041185151200713185,0.31559969001776556,0.3417659599297832,0.4096354488310701,0.4514799846876331,0.4664949384863312,0.3828550076645857,0.04020968652388313,0.32338428989952916,0.3415356950811601,0.38252169281626686,0.42638201216147126,0.4600100826285676
cohesion_calibrated,nq_107,50,True,15,5,2.0,1.0,5,0;1;2;5;8,,0,0,0,0,4.136882267619166,0.8273764535238332,10,8.576747965199193,4.304848387633797,4.271899577565396,0.16796612001463096,-49.83203387998537,-45.56013430241997,-45.560134302419975,True,0.16796612001463096,0.0,3003,0.3477731260632542,0.3779855966987202,0.00998938027533149,0.012694666256391289,0.08677870782993737,0.9802914292034962,1.0,0.8273764535238332,0.20952802094372938,0.4610909816837443,0.5665814355016647,0.9514653631031466,0.9998035226414917,1.0,0.7760727199438856,0.06883266276960569,0.6000539502766651,0.6910300842722445,0.7722387899984385,0.8645964688653693,0.9916280881735122,0.8576747965199193,0.0768901492146683,0.7608231176052893,0.7632856889524305,0.8749205503857103,0.9244096025295424,0.9916280881735122,0.3895270574223315,0.03454854666857359,0.30117957188704675,0.3468423878323362,0.3876027281531345,0.4339589702356979,0.4977187850018613,0.4304848387633797,0.03859276688725683,0.3818729644834074,0.3831089803178692,0.4391408417174032,0.46398042744282486,0.4977187850018613,0.3865456625215541,0.034284116101032096,0.29887437838961833,0.34418769643990843,0.384636061845304,0.43063749862967143,0.49390930317165094,0.42718995775653956,0.038297382327411464,0.3789501531218819,0.3801767086345613,0.43577970866830706,0.4604291750867176,0.49390930317165094
cohesion_calibrated,nq_108,50,True,15,5,2.0,1.0,5,2;3;36;47;48,2;3;5;6;12;14;24;29;36;40;42;43,1,1,7,3,3.495253857071667,0.6990507714143334,10,8.449188994420638,4.243521912519281,4.205667081901358,0.748268055447614,-49.25173194455239,-45.04606486265103,-45.04606486265103,True,0.748268055447614,0.0,3003,0.29204983706285315,0.3293755408175072,0.029534239605656466,0.03974136801312949,0.12207667087877781,0.8397560923388458,1.0,0.6990507714143334,0.2683038781299621,0.25887602105321933,0.40183492271950916,0.6615332207042816,0.9834285360380889,1.0,0.8124164576755695,0.055899771153894336,0.7120382855234066,0.7437596477582041,0.8052299790089545,0.8951140834287982,0.9895689487482697,0.8449188994420638,0.07160685710157402,0.7846267877111118,0.7872396139129111,0.8033679627352374,0.9375516610616293,0.9895689487482697,0.40802816015999976,0.028075109214979684,0.3576142123423319,0.3735459539363729,0.4044188220666312,0.4495622277762974,0.4970012531066474,0.424352191251928,0.03596383835156504,0.3940710722650874,0.3953833384776507,0.40348364274182213,0.4708760829543595,0.4970012531066474,0.4043882975155697,0.02782466193891465,0.3544240731810747,0.3702136938218312,0.40081115694232333,0.4455518556525008,0.49256769564162234,0.42056670819013575,0.03564301875000898,0.3905557154460244,0.3918562754352604,0.3998843199934152,0.4666755781072699,0.49256769564162234
cohesion_calibrated,nq_109,50,True,15,5,2.0,1.0,5,8;32;39;46;47,,0,0,0,0,1.6689398489604734,0.3337879697920947,10,7.007157105963578,3.5055870614128803,3.5015700445506965,1.836647212452407,-48.163352787547595,-44.6617827429969,-44.6617827429969,True,1.836647212452407,0.0,3003,0.13073658291892917,0.2552121582063475,0.01589050427573627,0.016994536322784505,0.02414699060188423,0.32956524947861665,1.0,0.3337879697920947,0.363983314344369,0.02414699060188423,0.029228660352364794,0.1759988327484265,0.7727771442528308,1.0,0.7461271119998036,0.07158924637331894,0.6295778069802476,0.6620105696605304,0.7367928119396441,0.8379395115984253,0.980411690386959,0.7007157105963577,0.03630050119948158,0.6431475512250093,0.6629592433595356,0.6923496792566705,0.7389911547699842,0.7630799630406812,0.37327742341752296,0.035815143292423045,0.3149693635988706,0.33119504135927236,0.3686075978344214,0.4192099400206223,0.49048686717090995,0.35055870614128803,0.018160655655829798,0.3217581253080427,0.33166965013347904,0.34637329245977916,0.3697073993753389,0.3817587082473409,0.3728496885822807,0.035774103080895896,0.31460844338137695,0.33081552830125804,0.3681852141052227,0.41872957157780305,0.489924823216049,0.35015700445506964,0.018139845543651778,0.3213894259169666,0.33128959322605656,0.3459763867968913,0.3692837553946453,0.3813212547933402
cohesion_calibrated,nq_110,50,True,15,5,2.0,1.0,5,4;9;17;34;46,,0,0,0,0,3.7627068739874585,0.7525413747974917,10,7.3573564429972516,3.6912053475120024,3.6661510954852483,-0.07150152647545616,-50.07150152647546,-46.40535043099021,-46.405350430990204,True,-0.07150152647545616,0.0,3003,0.2927005428167433,0.3762604979875084,0.00038472964953570685,0.0004671177866642267,0.07817256448272596,0.8947497128885208,1.0,0.7525413747974917,0.2918341990168787,0.1837801022284581,0.42799974233101423,0.8800441433798525,0.9618213703577199,1.0,0.7991547973589471,0.093940069175562,0.5305377409605346,0.6657293466534465,0.8219981295302569,0.9039825791582151,0.9447310591156499,0.7357356442997252,0.10091007251482473,0.6157371021186072,0.6246311144692803,0.7019997141055168,0.8761068136313264,0.8904083515762987,0.40093809296257293,0.04712998321788817,0.26617219943916137,0.3339981885343858,0.41239865362984723,0.4535304706383304,0.4739740916980428,0.3691205347512003,0.05062685248029164,0.30891694613559395,0.3133790958498286,0.35219512860825364,0.43954512473643675,0.44672024446172526,0.3982167043963743,0.04681008595767382,0.26436554152137326,0.33173115811906073,0.4095994759004096,0.45045210851988465,0.47075696741760714,0.3666151095485249,0.05028322003453309,0.30682015598301327,0.31125201861945173,0.34980458549726307,0.4365616888948896,0.44368810711457346
cohesion_calibrated,nq_111,50,True,15,5,2.0,1.0,5,0;13;26;27;45,,0,0,0,0,2.317104668378101,0.4634209336756202,10,8.901095037365003,4.451781586772768,4.449313450592236,2.134676918394667,-47.86532308160533,-43.4160096310131,-43.4160096310131,True,2.134676918394667,0.0,3003,0.15927517867515945,0.3218706911988397,0.0013701418964348331,0.002833703468242872,0.007193479650827104,0.6768809815889612,1.0,0.4634209336756202,0.41469738658002436,0.00579245493795838,0.03153179279190716,0.3391093336571296,0.9608248320840731,1.0,0.8999716449509693,0.04289960481531452,0.8106944367052193,0.8370277753114974,0.9074777854538358,0.9521023030715898,0.9919708031434092,0.8901095037365003,0.05598746841656163,0.8106944367052193,0.8209539036064215,0.8897296613408,0.9620747098696171,0.9919708031434092,0.4501105965942324,0.021455750106582544,0.40545961487585697,0.41862993509304064,0.45386470751408203,0.4761831531677241,0.49612293066329344,0.44517815867727667,0.028001496438426393,0.40545961487585697,0.41059077072231753,0.44498818481721164,0.48117073916393066,0.49612293066329344,0.44986104835673685,0.021443854708731974,0.4052348218293624,0.41839784021845683,0.4536130779397538,0.47591914990386575,0.4958478724801158,0.44493134505922355,0.02798597197813524,0.4052348218293624,0.410363132884104,0.44474147652358836,0.48090397070568647,0.4958478724801158
cohesion_calibrated,nq_112,50,True,15,5,2.0,1.0,5,8;17;24;26;33,0;1;2;3;4;5;6;7;8;9;13;15;17;24;26;29;33;38;44;49,1,1,15,5,4.987616034093021,0.9975232068186042,10,8.449998608077905,4.225333815323978,4.224664792753926,-0.7622822187690428,-50.762282218769045,-46.53761742601512,-46.53761742601512,True,-0.7622822187690428,0.0,3003,0.9755034761812209,0.044380130707845675,0.8363278049190872,0.9246085219657167,0.9947178269578703,0.9998373221131466,1.0,0.9975232068186042,0.0023718804249200894,0.993137663738848,0.9948265809105179,0.9978987787344457,0.9996300672663118,0.99971106642815,0.8757041636186611,0.0418004426449842,0.7605402333542253,0.8221032269497137,0.8744233558004565,0.9364839644047368,0.9921991892787042,0.8449998608077905,0.04528236727866227,0.7605402333542253,0.804864041535215,0.8475125797898868,0.9143926783116284,0.9212278434967642,0.4378867484333929,0.02090187608250241,0.3803002242904476,0.41108415819109,0.4372462938207712,0.46827905492496497,0.49613887296840287,0.4225333815323977,0.022642976238782326,0.3803002242904476,0.4024638830337796,0.4237898404948062,0.4572325373475568,0.4606503905247716,0.4378174151852681,0.02089856656248179,0.3802400090637777,0.4110190687586237,0.4371770619796853,0.46820490947977184,0.49606031631030134,0.4224664792753927,0.02263939103987995,0.3802400090637777,0.4024001585014354,0.42372273929508064,0.45716014096407165,0.46057745297199265
cohesion_calibrated,nq_113,50,True,15,5,2.0,1.0,5,0;1;4;16;27,0;1;6;40,1,1,3,2,2.2964345022727475,0.4592869004545495,10,7.2541966327612615,3.6276273424472265,3.626569290314035,1.331192840174479,-48.66880715982552,-45.04223786951149,-45.04223786951148,True,1.331192840174479,0.0,3003,0.16155726184758065,0.3369641461078284,0.00036997554755118997,0.0004593204116377362,0.0020799331877933342,0.7166265835856456,1.0,0.4592869004545495,0.45353310255931106,0.0019686530489291506,0.002013165104474824,0.2940248301798458,0.9993444343424717,1.0,0.7039644474531381,0.0782023860035094,0.5563043183901047,0.6251933402851321,0.6894354116656198,0.8354310198522475,0.9613235985851588,0.7254196632761262,0.11336539869599885,0.6210976855482664,0.6259812787964135,0.6709443108800803,0.8660049520747178,0.9613235985851588,0.3520335616708671,0.03910689605927578,0.2781927287440027,0.31264226355427194,0.3447679842195796,0.41777643531989495,0.48073190564174956,0.3627627342447227,0.0566909667350026,0.31059413750243897,0.313036290271825,0.3355210853281668,0.4330656310932034,0.48073190564174956,0.35193088578227105,0.03909548994423362,0.27811158964610205,0.3125510767308601,0.34466742744604023,0.4176545845323526,0.48059169294340925,0.3626569290314035,0.05667443196099625,0.3105035480458274,0.31294498852458846,0.3354232255519135,0.4329393209815145,0.48059169294340925
cohesion_calibrated,nq_114,50,True,15,5,2.0,1.0,5,13;19;23;30;37,37,1,1,1,1,3.13502046753814,0.627004093507628,10,8.434680062672811,4.256095663122684,4.178584399550126,1.121075195584544,-48.878924804415455,-44.70034040486533,-44.70034040486533,True,1.121075195584544,0.0,3003,0.23579544611054654,0.31634390201210505,0.02346534665774529,0.025694484958988496,0.05538977153387756,0.7171919039665786,1.0,0.627004093507628,0.264905100363975,0.2222096099365955,0.3439939083944075,0.5724619847283633,0.9254714067168223,1.0,0.8477875516269321,0.06590001119386896,0.6998965935956868,0.7586415310126919,0.8468687328173922,0.9334219772080153,0.9762127102218305,0.8434680062672809,0.073270435115607,0.7500344714575196,0.7557286459254849,0.8099352578751808,0.948570074462314,0.9762127102218305,0.42778918642059144,0.03325280268580615,0.35316417866512434,0.3828065683601877,0.427325555231095,0.4709998719026151,0.49259185308609915,0.42560956631226843,0.03697188023890834,0.3784634909022622,0.3813367417046752,0.40868911598768587,0.4786435229420774,0.49259185308609915,0.4199983652063407,0.03264720850806281,0.34673241493056245,0.37583496265250427,0.41954317758629717,0.4624221053054003,0.4836208571357314,0.4178584399550126,0.036298554876698676,0.37157098055525734,0.37439190422080976,0.4012461418874949,0.46992655152023666,0.4836208571357314
cohesion_calibrated,nq_115,50,True,15,5,2.0,1.0,5,0;23;25;28;33,0;7,1,1,2,1,1.0005093418750723,0.20010186837501448,10,7.047744556625268,3.524053712275124,3.5236908443501433,2.5235443704000518,-47.47645562959995,-43.9527647852498,-43.952764785249805,True,2.5235443704000518,0.0,3003,0.06872367772530093,0.24893932920948925,6.607648223160142e-05,0.0001224261482308093,0.00021813130057015166,0.013402202489609324,1.0,0.20010186837501448,0.3999490676643994,6.607648223160142e-05,8.651694896180959e-05,0.00014067582943386408,0.6000741647657399,1.0,0.7614370356914245,0.04826977763029799,0.6217261339034641,0.7080742392299657,0.7554819020811322,0.8240171846348157,0.8896313868731425,0.7047744556625268,0.039771727239375346,0.6217261339034641,0.6696160859108328,0.7051143961694417,0.7528863072303703,0.7763911769878044,0.38073811993790824,0.02413613145056996,0.31087907238937973,0.35405534795937427,0.3777603998264838,0.4120298054447803,0.44483859570642215,0.3524053712275125,0.019886887485125782,0.31087907238937973,0.3348252812504252,0.3525753502322453,0.37646253558127774,0.3882155755587783,0.3806989157535164,0.024133646179728026,0.31084706151408437,0.35401889127059144,0.3777215022546484,0.4119873791900353,0.4447927911667203,0.35236908443501436,0.01988483975424956,0.31084706151408437,0.33479080466040756,0.3525390459371965,0.3764237716490926,0.3881756014290261
cohesion_calibrated,nq_116,50,True,15,5,2.0,1.0,5,0;1;2;5;8,0;1;2;3;5;8;10;12;13;23;26;27;28;29;31;33;37;39;41;42;44;47,1,1,11,5,4.933234504518438,0.9866469009036875,10,9.464443923215109,4.73483542429096,4.72960849892415,-0.1983990802274782,-50.198399080227475,-45.468790581303324,-45.468790581303324,True,-0.1983990802274782,0.0,3003,0.46966752832304476,0.4679010783214761,0.014484186015849736,0.015439668894822291,0.08866860451454658,0.999398150098765,1.0,0.9866469009036875,0.025422853666508243,0.9358085984960068,0.9609382699357355,0.9993886362874821,0.9997617970558481,1.0,0.8752387585708713,0.04518754502438817,0.7767446607240387,0.8195104555689804,0.8690485496376907,0.942026374960045,0.9854059366356722,0.9464443923215111,0.01617538586177685,0.918569528269146,0.9333698919197064,0.9455577352539566,0.95819620921664,0.9854059366356722,0.4378610631976815,0.022606250367589925,0.38858681662257577,0.4099815231708505,0.4347642493987543,0.47127331377985743,0.4929750732258789,0.473483542429096,0.008092159518432545,0.459538413181862,0.4669426819031517,0.47303996905841367,0.4793626959627074,0.4929750732258789,0.4373776953731897,0.022581294656798246,0.3881578441014629,0.4095289323981299,0.43428430023893644,0.47075306118018756,0.4924308634097933,0.472960849892415,0.008083226343344307,0.45903111508728395,0.46642721001655474,0.472517766195543,0.4788335132539325,0.4924308634097933
cohesion_calibrated,nq_117,50,True,15,5,2.0,1.0,5,10;34;38;40;49,3;4,1,0,2,0,4.8861450686586565,0.9772290137317313,10,8.42361266390849,4.2122960115609756,4.211316652347514,-0.673849057097681,-50.673849057097684,-46.46253240475016,-46.46253240475016,True,-0.673849057097681,0.0,3003,0.9601557856039219,0.02734800753562284,0.905909027348778,0.933202483702518,0.9612993353516877,0.998893260800834,1.0,0.9772290137317313,0.01760968362597956,0.9612993353516877,0.9613341607642503,0.9661116989502314,0.998893260800834,0.9997710330568838,0.881368955636517,0.03385815262465777,0.7896821334724532,0.8335671489345221,0.8877952500183515,0.9212090139013892,0.946339736052041,0.842361266390849,0.030367424490060725,0.7896821334724532,0.810626069789744,0.8355665199400774,0.8785362532257144,0.893467021349073,0.4407357133653807,0.016931044547042823,0.39488697236508086,0.416832031210224,0.4439492341282357,0.4606580584713595,0.47322488044032224,0.42122960115609753,0.015185477557500805,0.39488697236508086,0.4053601580320459,0.41783183293999904,0.4393191974899432,0.4467854495037654,0.44063324227113626,0.01692710807761495,0.39479516110737234,0.4167351177242981,0.44384601589011574,0.4605509554300297,0.4731148556117188,0.4211316652347513,0.015181946932559922,0.39479516110737234,0.4052659117576982,0.4177346870000783,0.43921705573577113,0.44668157184530755
cohesion_calibrated,nq_118,50,True,15,5,2.0,1.0,5,4;6;17;29;45,,0,0,0,0,2.622333317206454,0.5244666634412908,10,7.283334528893339,3.656171463157593,3.6271630657357465,1.033838145951139,-48.96616185404886,-45.33899878831312,-45.33899878831311,True,1.033838145951139,0.0,3003,0.18762264178957874,0.3002576713811761,0.0049782934094875905,0.007168837583583765,0.021088625477957892,0.6359552032212971,1.0,0.5244666634412908,0.3156294914575896,0.1254670056635393,0.16616797561039467,0.629164626930225,0.8561929016328047,1.0,0.7300195287246094,0.07623429131420834,0.5673611207691618,0.645224062632635,0.7171867831605332,0.8340139038578644,0.9790687313971302,0.7283334528893339,0.11851289246819116,0.6043397373560765,0.6121767534733916,0.6599458010659627,0.8534680765115065,0.9790687313971302,0.3664635419233204,0.03826896036579581,0.28481041627735126,0.32389694524967694,0.3600216137187036,0.41866782626351606,0.4914841055293392,0.36561714631575926,0.05949245551464501,0.30337336463236336,0.3073074795038915,0.3312871316724584,0.428433654074036,0.4914841055293392,0.363555986801289,0.037965330948412535,0.2825507044918105,0.3213271173829581,0.3571651694418296,0.4153460775943484,0.48758462586779105,0.3627163065735747,0.059020436953546154,0.3009663727237131,0.30486927396950014,0.3286586693935043,0.42503442243747047,0.48758462586779105
cohesion_calibrated,nq_119,50,True,15,5,2.0,1.0,5,5;10;11;22;43,0;8;11;15;19,1,1,4,1,4.345748461455251,0.8691496922910502,10,8.427755450798045,4.25544473856755,4.172310712230496,-0.09030372288770128,-50.090303722887704,-45.917993010657206,-45.917993010657206,True,-0.09030372288770128,0.0,3003,0.48443151150653996,0.3390654816976816,0.07379772945245222,0.11806227252409901,0.33693809556027743,0.9846438520179793,1.0,0.8691496922910502,0.18703344084010973,0.5070587044482158,0.6519995376558617,0.9846176485292192,0.9938645284041945,1.0,0.8260689453352488,0.07152321098209778,0.6982513932030232,0.7275913775404095,0.8280311900804084,0.9183759494482234,0.9409461363804982,0.8427755450798046,0.07687768094073962,0.7278356752704729,0.7388144779717648,0.877631200071112,0.9178890979292909,0.918938153842997,0.4171087744113479,0.03611436919783949,0.35256958210882827,0.3673842836870951,0.4180995748831129,0.46371754910571744,0.47511396227766584,0.425544473856755,0.03881801326372926,0.3675076374668899,0.3730511879962969,0.4431442149156912,0.4634717221181167,0.46400142418345386,0.40896017092390097,0.035408841784258294,0.34568181109419494,0.3602070938533144,0.4099316151972955,0.454658400342506,0.46583217410283234,0.41723107122304964,0.03805966767701035,0.36032803780358297,0.3657632899754679,0.4344869851554206,0.4544173758111742,0.4549367296595432
cohesion_calibrated,nq_120,50,True,15,5,2.0,1.0,5,0;4;11;16;21,0;2;4;5,1,1,4,2,4.263382531644117,0.8526765063288233,10,7.455943281907123,3.738408347745265,3.717534934161857,-0.524974183898852,-50.52497418389885,-46.807439249737,-46.807439249736994,True,-0.524974183898852,0.0,3003,0.4174640385537879,0.397939150562125,0.004100142127524311,0.004879627169572238,0.4066504191850819,0.9186363890780604,1.0,0.8526765063288233,0.1534572797216814,0.5573465032446157,0.6840068945704673,0.9029336951304664,0.971641940683916,1.0,0.740459260774018,0.0947843491050138,0.5681469049377071,0.6267505922209018,0.7238811877955016,0.8620582110331659,0.9617271293580792,0.7455943281907123,0.1305386128932305,0.6191951638333887,0.6244475416108186,0.6671273377328213,0.9246601243506418,0.9301273523070446,0.3712661130832566,0.047524852125638666,0.2848687351631088,0.3142526112824171,0.3629538708800724,0.43223580042368703,0.48220977449894187,0.3738408347745265,0.06545203225021255,0.31046432112425404,0.31309786220500563,0.3344975027427417,0.4636243862111872,0.4663656531251724,0.3691931476907614,0.04725949697937513,0.28327816977459835,0.3124979809384847,0.3609273169154292,0.4298224106094789,0.4795173548591374,0.37175349341618574,0.06508658064301796,0.30873084270913465,0.31134967940581304,0.3326298349900796,0.4610357381394546,0.46376169918187216
cohesion_calibrated,nq_121,50,True,15,5,2.0,1.0,5,10;18;29;34;40,0;7;10;12;17;18;26;28;29;45;46;48;49,1,1,9,3,1.2330984219722798,0.24661968439445597,10,7.792417385228147,3.897527841309179,3.894889543918969,2.664429419336899,-47.3355705806631,-43.44068103674413,-43.44068103674413,True,2.664429419336899,0.0,3003,0.0929346724282897,0.24474343356014505,0.0024183291090330967,0.002984477050873584,0.0164121501883648,0.10458013117699028,1.0,0.24661968439445597,0.37899022066020394,0.007058395563512069,0.020598721848158745,0.051248422177340824,0.6535529571825194,1.0,0.8076222327966283,0.05546956772642018,0.6860393820640479,0.7446484933476776,0.8001995137886051,0.8796166232953888,0.9415863228291443,0.7792417385228148,0.05096698709936161,0.6913160987044946,0.7064870269832425,0.7735644552633496,0.8269380186651695,0.8755734582126181,0.40394783569373477,0.02774417409531227,0.3431358280291715,0.37245030538447377,0.4002352196258599,0.4399572185996003,0.470952558981166,0.3897527841309179,0.02549212155703742,0.3457750796246811,0.3533631119927899,0.38691318141549996,0.41360899852391364,0.4379349516061792,0.40367439710289355,0.02772539363110791,0.34290355403487643,0.37219818796320375,0.3999642941627452,0.43965940469578846,0.47063376384797834,0.38948895439189685,0.02547486554232419,0.3455410190798135,0.35312391499045265,0.3866512738478497,0.4133290201412559,0.43763850660643894
cohesion_calibrated,nq_122,50,True,15,5,2.0,1.0,5,4;12;15;43;48,,0,0,0,0,4.671031293381947,0.9342062586763895,10,7.727713726849235,3.8709183325671725,3.8567953942820616,-0.8001129608147748,-50.80011296081477,-46.94331756653271,-46.94331756653271,True,-0.8001129608147748,0.0,3003,0.7727469257968945,0.25671615032205103,0.19439358710709084,0.3247913413221294,0.860436622482318,0.9890300330299586,1.0,0.9342062586763895,0.07043706473039502,0.8459046171817557,0.8479974920339136,0.9768194505143311,0.9988681685494841,1.0,0.7901648906054447,0.072939409725899,0.6310334286756183,0.6989586624762082,0.7902543457708887,0.8868326985446339,0.9631666827204768,0.7727713726849235,0.060397785902695914,0.6782833618042647,0.7089785634358622,0.7647348909736098,0.8419438268037984,0.8757234358067554,0.3958044861533241,0.03653635580386959,0.31609334324022714,0.3501180292025291,0.3958492954788374,0.44422672371898203,0.4824634686591492,0.38709183325671725,0.030254083544129454,0.33976148608625145,0.3551371357178847,0.383066248784355,0.42174126906942133,0.43866194087202576,0.39436040445212067,0.03640305392202941,0.31494008543539115,0.34884063327367915,0.3944050502920513,0.44260597482565184,0.4807032140613276,0.3856795394282062,0.03014370235856646,0.3385218757180133,0.3538414277179775,0.3816686421892548,0.4202025577343771,0.4370614949347296
cohesion_calibrated,nq_123,50,True,15,5,2.0,1.0,5,4;33;41;45;47,1;2;4;6;7;12,1,1,5,1,4.927561498954739,0.9855122997909478,10,7.669353862106378,3.8347782327413005,3.834575629365078,-1.0927832662134382,-51.09278326621344,-47.25820763684837,-47.25820763684836,True,-1.0927832662134382,0.0,3003,0.9771057331281041,0.031594463482709834,0.9045785511701675,0.9218361261931741,0.9940399369402989,0.9999752279961636,1.0,0.9855122997909478,0.01182362154588529,0.9702755623744584,0.9716920012348224,0.9871131935191466,0.998542433414306,1.0,0.8082072502602758,0.06550778209707887,0.6680728568563539,0.739234332273636,0.797728162754541,0.8923828830500101,0.9970386230013386,0.7669353862106378,0.047049443350602356,0.6737058358244998,0.7248450249039731,0.771754800932596,0.80255944216388,0.8568094784073486,0.4041143004438954,0.03275475631685671,0.3340452527580224,0.3696269304125465,0.3988746182765965,0.44620322868388695,0.4985324810189153,0.38347782327413,0.023525343134177874,0.3368618166460528,0.3624320866646206,0.3858875942929942,0.40129032179586743,0.42841605648647446,0.4040929498163805,0.03275302578022216,0.3340276040983315,0.36960740186108954,0.39885354447794447,0.44617965436612317,0.4985061419824233,0.38345756293650785,0.02352410021642448,0.33684401917844703,0.3624129382393525,0.3858672066396018,0.40126912036801254,0.4283934219208741
cohesion_calibrated,nq_124,50,True,15,5,2.0,1.0,5,3;4;34;42;47,4,1,1,1,1,1.3758818347740913,0.2751763669548183,10,6.442077852313124,3.23313722404147,3.2089406282716553,1.8572553892673787,-48.14274461073262,-44.933803982460965,-44.933803982460965,True,1.8572553892673787,0.0,3003,0.11060923840507528,0.24731897331651193,0.0011137453322666749,0.0016829365843683132,0.007960845625639708,0.19933925528664576,1.0,0.2751763669548183,0.37301309025422635,0.0037318223056712805,0.0038988638739836093,0.1267262493299429,0.6965097347648102,1.0,0.7117931997710003,0.08887905288501573,0.5478489574712018,0.6123681113213606,0.7101846867712447,0.8427363194055688,0.9563186992848302,0.6442077852313124,0.0561268715750012,0.5478489574712018,0.5840798644788081,0.6345401740461822,0.7207571221615181,0.7509974144486006,0.35723335587645555,0.04460644234793196,0.27495334551358347,0.3073340901675318,0.35642607857026826,0.4229508284106669,0.479955327394019,0.32331372240414696,0.02816884271166847,0.27495334551358347,0.2931368410863693,0.31846176092420597,0.3617321514232674,0.3769090891909715,0.3545598438945447,0.04427261053708377,0.2728956119576183,0.3050340211538288,0.35375860820097643,0.4197854909949019,0.4763633718908111,0.32089406282716554,0.027958028863332728,0.2728956119576183,0.2909430233924388,0.31607841312197626,0.3590249707382506,0.3740883252576291
cohesion_calibrated,nq_125,50,True,15,5,2.0,1.0,5,0;1;4;26;36,0;1;2;4;5;6;7;8;10;21;40;47,1,1,9,3,2.3090523787832957,0.4618104757566591,10,7.352406580159326,3.6781442424268045,3.6742623377325216,1.3690918636435088,-48.63090813635649,-44.95664579862397,-44.95664579862397,True,1.3690918636435088,0.0,3003,0.23237735518589883,0.3040358556543738,0.02687253448795135,0.03152286797754232,0.14884255276762895,0.6951829211795486,1.0,0.4618104757566591,0.4372942908897267,0.02687253448795135,0.02780095599205612,0.2830441622436495,0.9879768375213926,1.0,0.8144058526503714,0.11570783883693377,0.5681859951661942,0.6367730970252812,0.8689981981867635,0.9291530731528864,0.9753991722743465,0.7352406580159326,0.13079022754128983,0.5694085805138914,0.6127448544077831,0.7014074989243837,0.9239927527350968,0.933642833013851,0.4074179202777091,0.05788446498187183,0.2842429922724423,0.3185546494227022,0.43472850480891767,0.4648218224999742,0.48795708050887115,0.36781442424268046,0.06542964091442591,0.28485460769502285,0.30653418492912005,0.3508889131247964,0.4622403000247361,0.4670678876763818,0.4069879323726623,0.05782337385506193,0.28394300289375185,0.31821844760257895,0.4342696933778458,0.4643312506529122,0.4874420917654753,0.3674262337732522,0.06536058662686393,0.2845539728188686,0.30621066947866304,0.3505185857995873,0.46175245271036075,0.4665749453374692
cohesion_calibrated,nq_126,50,True,15,5,2.0,1.0,5,4;7;13;34;42,0;1;4,1,1,3,1,1.789596322985679,0.3579192645971358,10,6.6525584342741935,3.327567002494662,3.3249914317795324,1.537970679508983,-48.46202932049102,-45.13703788871149,-45.13703788871148,True,1.537970679508983,0.0,3003,0.12053017629718858,0.3027432722362889,5.296293592087626e-05,7.139157173981116e-05,0.0008049523559682318,0.4694929638553512,1.0,0.3579192645971358,0.43636503582194586,8.594885844726967e-05,0.00027532809666677086,0.01938811224294999,0.9078251459721143,1.0,0.7076031631199906,0.06358272467029427,0.5940867277311878,0.642817236863241,0.6920216893409713,0.7866984380244163,0.9004376667474548,0.6652558434274194,0.04135170758879058,0.6021937114559259,0.6112782127985487,0.6666841088832078,0.7109310722744762,0.7421919828444444,0.3539385575822934,0.0318036705174252,0.29715836566477455,0.3215330533589348,0.34614480447068213,0.39350150609684126,0.45039313780924556,0.33275670024946624,0.020683858552875693,0.30121342685645325,0.3057574360824508,0.33347110945735814,0.3556031563677341,0.37123966306035244,0.35366460553769713,0.03177905415286908,0.2969283620664132,0.3212841835043062,0.34587688487028917,0.393196931927575,0.4500445289382093,0.3324991431779532,0.020667849035914888,0.3009802845994727,0.3055207767160979,0.3332129994258497,0.355327915906742,0.370952319784092
cohesion_calibrated,nq_127,50,True,15,5,2.0,1.0,5,0;1;4;24;39,0;1;3;7,1,1,4,2,2.0002469785483528,0.4000493957096706,10,7.377998458095565,3.6893539617056064,3.6886444963899585,1.6891069831572536,-48.31089301684275,-44.622248520452786,-44.622248520452786,True,1.6891069831572536,0.0,3003,0.1352944745049896,0.3386005209944403,0.0001668661548915773,0.0003393866814440576,0.002188893494332321,0.6016011826706299,1.0,0.4000493957096706,0.48866551673510983,0.0006190178848562344,0.0007648753419238296,0.0015667064049841057,0.998831037092395,1.0,0.7678977288231311,0.08858786255726878,0.5942441821797008,0.6395309897930165,0.7906898690153369,0.8721024675171481,0.9973478084735965,0.7377998458095565,0.10097366274054129,0.6183156845883825,0.6560713937903326,0.6949222364960044,0.8545332084228219,0.9696300462263545,0.3839857847774113,0.04429819056495904,0.2971506622286678,0.3197962434157792,0.395382950714956,0.4360931642669571,0.49872185651557466,0.36893539617056065,0.050491686163336484,0.3091875707859243,0.32806724067368065,0.34749452996709285,0.4273076899934078,0.48486164272761023,0.3839119440457198,0.04428967199230974,0.29709351995103295,0.3197347463772373,0.3953069183003809,0.4360093032501911,0.49862595195802184,0.3688644496389959,0.0504819765772048,0.3091281138024582,0.32800415311665193,0.3474277065289116,0.4272255184294141,0.4847684034987443
cohesion_calibrated,nq_128,50,True,15,5,2.0,1.0,5,0;4;10;24;35,0;4;9;15;28;33;35;44,1,1,7,3,3.1741635930948178,0.6348327186189635,10,8.123191957317973,4.068061830040307,4.055130127277665,0.8938982369454891,-49.10610176305451,-45.05097163577685,-45.05097163577685,True,0.8938982369454891,0.0,3003,0.3585107855657618,0.29186429503029754,0.06440848321950378,0.07407365690163452,0.2991029748807695,0.792706851197003,1.0,0.6348327186189635,0.30222512762426135,0.2991029748807695,0.34942876807226736,0.45094750822681806,0.9996782608510864,1.0,0.8175521856605814,0.06335374744747609,0.6803080491874545,0.7364698039918876,0.813938265584049,0.9043760803992378,0.9935501234669615,0.8123191957317971,0.06288210304318852,0.7351199813541166,0.7590941033522292,0.7991030011109362,0.874586384168429,0.9651565195156253,0.40942684329349904,0.03172730167344027,0.3406955322624706,0.3688211129736558,0.4076170066680192,0.4529079002447105,0.4975659020179385,0.4068061830040307,0.031491104054509715,0.3681451272307492,0.3801512710128607,0.40018756594339683,0.43798934029908776,0.4833464994655151,0.40812534236708237,0.031626445774035825,0.33961251692498384,0.3676486910182317,0.4063212589160298,0.4514681801545273,0.495984221449023,0.4055130127277665,0.0313909989886788,0.3669748541233674,0.37894283233936843,0.3989154351675394,0.43659704386934123,0.4818100200501102
cohesion_calibrated,nq_129,50,True,15,5,2.0,1.0,5,10;25;28;29;33,0;1;5;6;9;10;33;37;48,1,1,7,2,4.660760703205697,0.9321521406411394,10,7.370344831346166,3.701540822214639,3.6688040091315273,-0.9592198809910579,-50.95921988099106,-47.29041587185953,-47.29041587185953,True,-0.9592198809910579,0.0,3003,0.726032767970375,0.2713316911452108,0.25740385873359417,0.2969990745466597,0.8536670514062378,0.992433365462912,1.0,0.9321521406411394,0.10482686094811014,0.723242193440845,0.8231873758842863,0.9801338750880231,0.9937117940509523,1.0,0.7878975019638708,0.07815442534439648,0.6335852280971288,0.6935525529076754,0.7785111758778658,0.9029946421861214,0.9936801288767942,0.7370344831346167,0.06316282753022091,0.6435581877508074,0.6570448527464217,0.744867176917925,0.8108102904289591,0.8152285028721084,0.39569855060737097,0.03925078167559385,0.31819970975840295,0.3483165504035239,0.39098454197236115,0.4535027338310491,0.4990468757469462,0.3701540822214639,0.031721688726864185,0.3232083380005158,0.3299816223147697,0.374087824325838,0.4072058306322599,0.4094247490266855,0.39219895135649974,0.03890364366880263,0.31538551833872586,0.34523600250415154,0.3875266339055046,0.44949190835507224,0.49463325312984807,0.3668804009131528,0.03144113880335673,0.3203498497502916,0.3270632304316519,0.37077935259208705,0.4036044597966992,0.40580375384542283
cohesion_calibrated,nq_130,50,True,15,5,2.0,1.0,5,4;12;13;14;26,,0,0,0,0,2.3042008360647075,0.4608401672129415,10,7.940226502470022,3.9851235867999075,3.955102915670114,1.6809227507352,-48.3190772492648,-44.36397433359468,-44.36397433359468,True,1.6809227507352,0.0,3003,0.19982011419261797,0.25710945567721405,0.008943757996292451,0.0145878728772056,0.0948235931831936,0.46443357994998025,1.0,0.4608401672129415,0.29539746377415166,0.16569464833755093,0.19035427021567633,0.4113195543329755,0.7999371721445268,1.0,0.7998135878640841,0.06721462245896619,0.6437680555119764,0.7282461840427294,0.7856693259841177,0.9111098276302199,0.951664219373414,0.7940226502470022,0.07349473236361224,0.68818155973456,0.7273462953917228,0.7835052032537793,0.9196308962523887,0.9265993983859669,0.401418774772824,0.0337343748639604,0.3231010175403715,0.3654997806577577,0.39431990528614186,0.45727729090913244,0.4776311514739226,0.39851235867999074,0.03688630183996235,0.345391729674943,0.3650481351678583,0.39323375282755413,0.4615539335893359,0.46505135802786407,0.3983948130912601,0.03348024759500578,0.32066703797160484,0.36274640338497177,0.3913494206979758,0.4538325367210875,0.47403306789949146,0.39551029156701145,0.0366084305236499,0.34278983005961694,0.3622981602238645,0.3902714504262251,0.45807696266305287,0.4615480403581029
cohesion_calibrated,nq_131,50,True,15,5,2.0,1.0,5,4;5;11;34;41,0;4;15;20;23;43;46,1,1,3,1,4.270800105465886,0.8541600210931772,10,8.652190216258505,4.329453775833653,4.322736440424852,0.05865367036776714,-49.94134632963223,-45.61860988920738,-45.61860988920738,True,0.05865367036776714,0.0,3003,0.5655233494143883,0.2862476367603305,0.11519035263283274,0.2081753966035763,0.6855450040487494,0.9172690021685993,1.0,0.8541600210931772,0.11566314432259099,0.6855450040487494,0.7139701792930747,0.8995964669297246,0.9716202769311396,1.0,0.8797235136409316,0.03571759341237051,0.7959539646117659,0.8366266268153536,0.8775960375807187,0.929273799960664,0.9688480227836634,0.8652190216258505,0.03798492864772149,0.8256779144906113,0.8366147426138559,0.8564617240684256,0.8860506997521015,0.9688480227836634,0.44020325404604865,0.01787266181137534,0.39828596128210886,0.41863808098234784,0.43913869015740736,0.4649976319825721,0.48480010559263664,0.4329453775833653,0.019007209579098353,0.4131594746722602,0.41863213426830653,0.4285633293356458,0.4433693032329854,0.48480010559263664,0.4395202595948829,0.017844931600995168,0.39766800332965707,0.4179885458330058,0.4384573474233113,0.4642761679780918,0.4840479171910268,0.4322736440424852,0.018977719068623135,0.4125184398183511,0.4179826083455494,0.4278983947327799,0.4426813965191161,0.4840479171910268
cohesion_calibrated,nq_132,50,True,15,5,2.0,1.0,5,0;5;6;20;33,9;18;19;28,1,0,1,0,3.054481261421145,0.6108962522842291,10,8.171247351908738,4.093466540834081,4.077780811074656,1.0389852794129357,-48.961014720587066,-44.883233909512406,-44.88323390951241,True,1.0389852794129357,0.0,3003,0.27543508282938145,0.30541859671714455,0.06372406659065702,0.065596907875041,0.11919355576440786,0.8099805367924442,1.0,0.6108962522842291,0.3238366216622609,0.21009869412399823,0.2228952303645565,0.7569749137530375,0.9381270475274862,1.0,0.8332696261756515,0.05146803467825422,0.7042543745351972,0.7677217778726595,0.8349763219719649,0.8976061766372104,0.9482988845491951,0.8171247351908736,0.03791048203151259,0.7621899341034348,0.7659527808552173,0.8235964236621107,0.8584115720050185,0.8857139526430862,0.41743459564304813,0.02578341699920613,0.35280313937901475,0.384597757851167,0.4182895816490659,0.449664621895473,0.475059631343267,0.4093466540834081,0.01899162796811413,0.3818265264340746,0.3837115614370977,0.4125887099261458,0.4300297001101692,0.4437070955938514,0.41583503053260323,0.02568461767904809,0.3514512351561825,0.3831240200214925,0.41668674032289904,0.44794155474173747,0.4732392532059281,0.4077780811074656,0.018918854063398466,0.3803634076693602,0.3822412194181196,0.41100771373596495,0.4283818718948493,0.44200685704923476
cohesion_calibrated,nq_133,50,True,15,5,2.0,1.0,5,22;26;28;35;47,2;5;9;31;47,1,1,3,1,4.175987314453165,0.8351974628906328,10,8.272279140830273,4.137326510442711,4.134952630387563,-0.03866080401045391,-50.038660804010455,-45.90370817362289,-45.90370817362289,True,-0.03866080401045391,0.0,3003,0.5309028816785147,0.2793006721682103,0.054915312468933775,0.1890774081159971,0.4811045945881705,0.9465786222260879,1.0,0.8351974628906328,0.15526085408153734,0.6477087320044437,0.6497062916211526,0.8938347430770746,0.992696483330172,1.0,0.8701130309315704,0.05778649303630749,0.7177292109942682,0.7845853394149496,0.8838733498857817,0.93510185070449,0.9583413188962053,0.8272279140830273,0.05037158222267714,0.7606368486078732,0.7718417182328212,0.8171484665416247,0.8799270580218275,0.9128807349680146,0.4351813627983455,0.028901537957607158,0.3589675881836447,0.39240524518136116,0.44206349666160044,0.46768509754319315,0.4793081661318244,0.4137326510442711,0.0251930186294354,0.3804275635516204,0.386031606084051,0.4086914810337199,0.4400897844997254,0.4565713512995058,0.434931668133225,0.028884955078700328,0.3587616228106235,0.3921800942335884,0.44180985322418126,0.4674167531612969,0.4790331527643809,0.4134952630387563,0.025178563593241738,0.3802092850562528,0.3858101121487702,0.40845698550790477,0.4398372735221021,0.45630938366850876
cohesion_calibrated,nq_134,50,True,15,5,2.0,1.0,5,3;6;19;32;48,0;3;5;6,1,1,3,2,2.5185288026116526,0.5037057605223305,10,7.73066629656953,3.8762179887099917,3.854448307859539,1.357689186098339,-48.64231081390166,-44.78786250604212,-44.787862506042124,True,1.357689186098339,0.0,3003,0.2407901986926572,0.2724214392548438,0.011033945330607305,0.015895527913525307,0.13239973163544613,0.49907073724831513,1.0,0.5037057605223305,0.28171958886493503,0.13239973163544613,0.23673311157418986,0.48333398224012697,0.8038247629015096,1.0,0.8119917372743105,0.067845903314004,0.6477268647415214,0.7243453923005162,0.8100269676038301,0.8958378132231322,0.922921734005161,0.773066629656953,0.0579287123037906,0.7029305147759813,0.7071530794103968,0.7601305346155425,0.8529342504487919,0.8725795026987864,0.4071391595447909,0.034018479235447076,0.32477543701452244,0.3631925802980757,0.4061540082980261,0.44918025346961693,0.4627603482392854,0.3876217988709992,0.02904592024550329,0.3524549892157316,0.35457221693796237,0.38113553722426,0.4276680635204216,0.43751835031885256,0.4048525777295196,0.03382742407855692,0.322951427726999,0.3611528120024405,0.40387295930580397,0.44665755975351523,0.46016138576587556,0.3854448307859539,0.02888279205828731,0.35047552556024975,0.3525808624724345,0.37899499739128245,0.4252661869283703,0.4350611523799338
cohesion_calibrated,nq_135,50,True,15,5,2.0,1.0,5,4;27;32;43;47,0;20;28;38,0,0,0,0,1.9617325521932325,0.3923465104386465,10,6.3891815905828935,3.1962845611485418,3.192897029434351,1.2345520089553093,-48.76544799104469,-45.57255096161034,-45.57255096161034,True,1.2345520089553093,0.0,3003,0.17258812874935964,0.2388626456356883,0.024216917858984353,0.03266340222106446,0.09094326165037972,0.3047903949473327,1.0,0.3923465104386465,0.31099414905077827,0.12862403854393262,0.17295594458579974,0.25701215526543525,0.7346570218941058,1.0,0.6432533186407868,0.0673576243230616,0.4860013059499879,0.5739475407163418,0.6470033547628936,0.7173933045560167,0.9025128000210297,0.6389181590582893,0.035341054681181455,0.5810990722449316,0.5990623213198146,0.6411066677079744,0.6820925891990438,0.6937603520520339,0.3217971851527133,0.03369666860255944,0.24312949145091634,0.2871259232958276,0.32367319734471395,0.35888683254885195,0.45149565528047314,0.31962845611485424,0.017679896219988517,0.2907035849242105,0.2996899715015994,0.32072329061122207,0.34122711668488354,0.3470640912240205,0.3214561334880735,0.03366095572050217,0.24287181449907158,0.2868216174205142,0.32333015741817966,0.35850647200716473,0.4510171447405566,0.31928970294343506,0.017661158461192934,0.2903954873207211,0.29937234981821526,0.3203833770967523,0.3408654725141603,0.3466962608280134
cohesion_calibrated,nq_136,50,True,15,5,2.0,1.0,5,7;16;18;21;35,21,1,1,1,1,1.129135495198706,0.2258270990397412,10,6.164406131801935,3.0832870673645343,3.0811190644374014,1.9541515721658282,-48.04584842783417,-44.96472936339677,-44.96472936339677,True,1.9541515721658282,0.0,3003,0.08540866127738382,0.24611778946435736,0.0006354967978523583,0.0009351419719595577,0.007048332586016178,0.08551701988472522,1.0,0.2258270990397412,0.3894396746787061,0.0010452628561348194,0.003056002210280146,0.007048332586016178,0.6459879154060229,1.0,0.6805768374948642,0.08306175049415065,0.5543002208730707,0.5867111359562063,0.6658138843578943,0.8038568527244521,0.9915545879633123,0.6164406131801936,0.07994964462269062,0.5598699570362982,0.5726936542171482,0.5915773502335883,0.6513856381623828,0.8501100502079367,0.3404080971515054,0.041545481529850485,0.27724758328920507,0.2934587402410055,0.33302402454011465,0.4020697833698955,0.4959516573512292,0.3083287067364534,0.03998888133502571,0.28003343080047083,0.2864475344185847,0.2958927030960925,0.3258073642571608,0.4252045156662244,0.3401687403433588,0.04151626896430017,0.27705263758386567,0.29325239571520084,0.3327898598177797,0.40178706935455655,0.4956029306120831,0.3081119064437402,0.03996076328766491,0.27983652623582733,0.28624611979856357,0.29568464713749576,0.32557827390522204,0.4249055345417123
cohesion_calibrated,nq_137,50,True,15,5,2.0,1.0,5,0;4;8;43;47,0;3,1,1,2,1,1.214374103623487,0.2428748207246974,10,7.618146121140697,3.809134407612176,3.809011713528521,2.594760303988689,-47.405239696011314,-43.596227982482795,-43.59622798248279,True,2.594760303988689,0.0,3003,0.08666313573362014,0.24695373737909587,0.0005164160302504147,0.0006114744314680433,0.0022890660566776424,0.11103402727413883,1.0,0.2428748207246974,0.38181734059368794,0.0007108694228925859,0.0018038594652805733,0.07548953264450141,0.6538921428108923,1.0,0.8040239524299553,0.054811896993919786,0.6383006950492887,0.7366889488526548,0.8056469626878479,0.8749470017679504,0.9308384657944926,0.7618146121140696,0.06507462477685506,0.6543773359227791,0.6718427754182928,0.7829089473826523,0.8325410683690525,0.8383824005760893,0.40201845082051224,0.02740638988357601,0.3191554876018777,0.36835040679977366,0.4028299690191578,0.4374805466152411,0.46542672870861396,0.3809134407612176,0.03253783641824589,0.3271939374998257,0.33592679789243635,0.3914607782629605,0.41627723843132486,0.4191979515736432,0.402005501609443,0.02740550711034378,0.319145207447411,0.36833854205288113,0.40281699366869006,0.43746645515270927,0.46541173708587863,0.3809011713528522,0.032536788358609174,0.3271833984229534,0.3359159775258565,0.3914481691196917,0.41626382993772765,0.41918444900244606
cohesion_calibrated,nq_138,50,True,15,5,2.0,1.0,5,5;18;25;26;37,,0,0,0,0,2.8768083580303343,0.5753616716060669,10,7.77208464312489,3.893622474669766,3.8784621684551244,1.0168141166394316,-48.98318588336057,-45.10472371490545,-45.10472371490545,True,1.0168141166394316,0.0,3003,0.23585689047769295,0.3221910945913865,0.012668666255575764,0.014007458766647319,0.045000086958027784,0.7542609452502255,1.0,0.5753616716060669,0.35073999374559395,0.10636802485250031,0.21091468782178152,0.43681222645526435,0.9863573697787466,1.0,0.8312089686110741,0.07988477715219627,0.7026277825147341,0.7419128323100712,0.8027610258595522,0.9350960043124703,0.9561082603917681,0.777208464312489,0.05110295555609911,0.7242685227743171,0.733837028444415,0.7605295422088625,0.815563157633117,0.9108714875999945,0.41641516657877037,0.040020300599649436,0.35199916765533196,0.3716800074589686,0.4021634497818584,0.4684600059760858,0.4789866273744055,0.38936224746697656,0.025601318746739283,0.36284064410756534,0.3676342291541531,0.38100651937883834,0.40857700165192584,0.45632412132728123,0.41479380203230376,0.03986447655254683,0.35062861485940217,0.3702328248511026,0.4005975760776938,0.4666359983363845,0.4771216330173626,0.38784621684551246,0.025501636809359827,0.36142787866675175,0.3662027992902619,0.37952302283002415,0.4069861559811912,0.45454736627271325
cohesion_calibrated,nq_139,50,True,15,5,2.0,1.0,5,0;3;4;6;31,,0,0,0,0,1.311672081223988,0.2623344162447976,10,6.56647186732284,3.284383951048486,3.2820879162743553,1.9727118698244979,-48.0272881301755,-44.74520021390114,-44.74520021390115,True,1.9727118698244979,0.0,3003,0.09076044819769034,0.24959267377100589,0.0009597846590648668,0.0011966625226568137,0.0029762231513292396,0.168332383474565,1.0,0.2623344162447976,0.37771513956957425,0.0011082608307377455,0.0014231191509786465,0.08434332391290553,0.6897300359396019,1.0,0.6901124323535359,0.06144393906072254,0.5405516070036795,0.6134447686045037,0.6866315535534394,0.7657090321660616,0.8512689814726672,0.6566471867322841,0.08062913273638295,0.5405516070036795,0.5649717344460168,0.6549074939479216,0.7286963834225453,0.8421008814723643,0.345176868650026,0.030732711784618467,0.2703703082307086,0.3068296329548908,0.34343582068734846,0.38298838512261874,0.4257833182363284,0.32843839510484857,0.040328662773103534,0.2703703082307086,0.2825846413268878,0.32756824456188366,0.36447558982322126,0.42119766537570347,0.34493556370350986,0.03071122727610407,0.2701812987729709,0.30661513564961285,0.34319573286609095,0.38272064704344283,0.42548566323633874,0.3282087916274355,0.04030046996327942,0.2701812987729709,0.2823870931191289,0.327339249386038,0.364220793599324,0.4209032160966608
cohesion_calibrated,nq_140,50,True,15,5,2.0,1.0,5,1;6;7;16;21,1;6,1,1,2,2,4.005944235030746,0.8011888470061492,10,8.7156232863801,4.359847664450649,4.355775621929451,0.35390342941990305,-49.6460965705801,-45.290320948650646,-45.290320948650646,True,0.35390342941990305,0.0,3003,0.2798776896699914,0.4198785753364698,0.0005436762886783795,0.0009188127992721324,0.013960745363620007,0.9962575067774901,1.0,0.8011888470061492,0.3454555102729359,0.11436781583482536,0.42877796526564294,0.9922621554647041,0.999568429727739,1.0,0.8873674869868267,0.031843134057478545,0.7918473029070647,0.8479018469840616,0.8907552225698214,0.9219308020913017,0.9901216169141247,0.8715623286380101,0.0527821284026391,0.798785067897302,0.8191749895502322,0.8815301519119549,0.9079607764855495,0.9901216169141247,0.4438910377981469,0.015929005773601786,0.39610863167707955,0.4241489983893315,0.4455856969847569,0.46118076954566317,0.4952921067356108,0.435984766445065,0.026403394419374688,0.3995791348752227,0.40977885890824495,0.4409710066246374,0.45419249326199973,0.4952921067356108,0.4434764491886797,0.01591412828387676,0.3957386712299852,0.42375284859473006,0.4451695255850645,0.4607500325456386,0.4948295101785139,0.4355775621929451,0.026378733983264416,0.3992059330220793,0.4093961306419872,0.44055914528731754,0.45376828322354973,0.4948295101785139
cohesion_calibrated,nq_141,50,True,15,5,2.0,1.0,5,14;24;33;35;45,2;3;5;7;11;13;14;16;18;19;20;21;22;23;24;25;26;29;30;31;32;33;34;35;36;37;39;44;45;46;47;48,1,1,13,5,4.892661091017662,0.9785322182035324,10,8.469424092156384,4.235424465898659,4.233999626257724,-0.6572366251190029,-50.657236625119005,-46.423236998861285,-46.42323699886128,True,-0.6572366251190029,0.0,3003,0.8986335915693316,0.09109592852364096,0.729434763613293,0.7437550354074739,0.9299554254892274,0.9833190089556618,1.0,0.9785322182035324,0.013997035940831962,0.9604639553522273,0.9630962153409915,0.9788625462455814,0.9945159936382861,1.0,0.853432237026981,0.057673559493438685,0.7453586960337384,0.786766943100909,0.8402391885499224,0.9417302554270003,0.9819927486907674,0.8469424092156383,0.07036799536014299,0.7648924158360101,0.7688669384090633,0.8119167656579116,0.9261486814160124,0.9616721794023995,0.4267879063982945,0.028841631054960962,0.37274204511440906,0.39344965177218566,0.4201902724043527,0.47094434293429915,0.49107897631337,0.42354244658986595,0.03518991680208921,0.38251054812716656,0.3844981437373292,0.40602667857021646,0.463152245258559,0.4809169823703994,0.42664433062868645,0.02883192843847772,0.37261665091932933,0.39331729132872334,0.4200489161455697,0.47078591249270113,0.49091377237739736,0.4233999626257724,0.03517807855805378,0.3823818677088435,0.384368794671734,0.40589008708769514,0.4629964361574533,0.48075519703200004
cohesion_calibrated,nq_142,50,True,15,5,2.0,1.0,5,4;6;10;37;41,0;1;2;3;4;5;6;7;8;9;10;11;12;13;14;15;16;17;18;19;20;21;22;23;24;25;26;28;30;31;36;37;39;41;42;43;44;45;47;49,1,1,13,5,3.4879800850106215,0.6975960170021243,10,8.491524205466202,4.2458224614139155,4.245701744052286,0.757842376403294,-49.242157623596704,-44.99645587954441,-44.99645587954442,True,0.757842376403294,0.0,3003,0.2950009456804049,0.3308609929235955,0.042675789112409296,0.05492281510746219,0.12477146250430379,0.8425482977149593,1.0,0.6975960170021243,0.28644610663007314,0.18269257245086912,0.3742993911465763,0.7179921915340489,0.9702342807342266,1.0,0.8381604740436127,0.050465104705745174,0.7196737027434524,0.7704903165771361,0.8389024987640085,0.906221089509476,0.9481865535637356,0.8491524205466201,0.04087704281747948,0.777889465571484,0.8057178064887889,0.8470796401108545,0.9029918531363081,0.906587297164126,0.4190861947579324,0.025232911064344582,0.35984196689095027,0.38525063501782936,0.419457212392523,0.4531169862731469,0.4741000165953753,0.42458224614139156,0.020438811967221394,0.3889502621089619,0.40286463037449877,0.4235458411899591,0.4515023451327984,0.4533000927035159,0.4190742792856803,0.025232193641400592,0.35983173585250217,0.3852396815593067,0.4194452863714855,0.4531041032363291,0.4740865369683603,0.4245701744052286,0.020438230850258088,0.3889392034625221,0.4028531761142901,0.42353379892089527,0.45148950800350973,0.4532872044606101
cohesion_calibrated,nq_143,50,True,15,5,2.0,1.0,5,15;26;34;45;47,6;26;47,1,1,2,2,4.701032771670996,0.9402065543341992,10,7.396299247987199,3.722444520701598,3.673854727285601,-0.9785882509693979,-50.978588250969395,-47.304733523683794,-47.304733523683794,True,-0.9785882509693979,0.0,3003,0.8280565472035492,0.10695579091955242,0.6809631886241392,0.7115815204720187,0.8022322444478693,0.9809581168750492,1.0,0.9402065543341992,0.0726234707323341,0.8022322444478693,0.8598934277070971,0.9524553895063185,0.9999839740483478,1.0,0.7343523830445872,0.049615071685461525,0.6519557616170634,0.6806199975597381,0.7343392016497531,0.7668899579810106,0.9936306718343298,0.7396299247987199,0.0918879743661358,0.6526590343255073,0.6591642336250509,0.7278711032606885,0.7826669824577033,0.9936306718343298,0.36958834585720585,0.024970508297108708,0.32811938392456386,0.34254565636803547,0.3695817118623755,0.3859640106968847,0.5000791512021784,0.3722444520701598,0.046245814998720436,0.32847333034456827,0.33174729786220863,0.3663264166667025,0.39390434630894394,0.5000791512021784,0.3647640371873813,0.024644563388352816,0.3238363776924995,0.3380743411917026,0.3647574897873776,0.3809259472841258,0.49355152063215146,0.3673854727285601,0.04564215936741537,0.32418570398093904,0.3274169357628423,0.361544686593986,0.38876263614875933,0.49355152063215146
cohesion_calibrated,nq_144,50,True,15,5,2.0,1.0,5,5;28;36;39;43,0;1;3;4;5;6;8;11;12;20;21;22;28;29;36;39;40;41;43;45;48,1,1,15,5,4.9941629473728995,0.9988325894745799,10,8.813945156728405,4.406977983982296,4.406967172746111,-0.5871849633906034,-50.587184963390605,-46.180217790644505,-46.18021779064449,True,-0.5871849633906034,0.0,3003,0.9988744512554981,0.002487140004167293,0.9907039532235059,0.9967816325677443,0.999817687153195,0.9999924617782676,1.0,0.9988325894745799,0.0018802087852692608,0.9950798790116391,0.9968821103840011,0.9997253677921042,0.999899808445328,0.9999545559734166,0.9140589317475382,0.030028750349439824,0.8453573296123663,0.8743813998176043,0.9143970714565857,0.9547281681607365,0.9746394192898058,0.8813945156728407,0.03271329036051,0.8453573296123663,0.8457954280183184,0.8804139665030717,0.9260025808439545,0.9466881876758046,0.45703002646875934,0.015014393591439473,0.4226791832662818,0.43719123616944716,0.4571990965306651,0.47736466961791896,0.4873203073940816,0.44069779839822953,0.016356665243410735,0.4226791832662818,0.42289823273794486,0.44020752321197143,0.463001858342042,0.4733446744445097,0.4570289052787789,0.01501435675800035,0.4226781463460845,0.43719016364815716,0.45719797492592057,0.47736349854281757,0.4873191118957242,0.44069671727461107,0.016356625117099267,0.4226781463460845,0.4228971952803735,0.44020644329110026,0.46300072250191243,0.4733435132312949
cohesion_calibrated,nq_145,50,True,15,5,2.0,1.0,5,17;18;25;30;33,8,1,0,1,0,1.5550493902140923,0.31100987804281843,10,7.6518199652853225,3.835692574201626,3.816127391083697,2.280643183987534,-47.719356816012464,-43.90322942492877,-43.90322942492877,True,2.280643183987534,0.0,3003,0.12411260270206996,0.24982377146084375,0.0003056729738844785,0.0012171470548439191,0.02227293981182955,0.27083600782015677,1.0,0.31100987804281843,0.36403978079305604,0.0003056729738844785,0.005905579770122712,0.2671347927263995,0.7093213938197314,1.0,0.8274344366742253,0.07738775466266151,0.646427216998416,0.7064233772503008,0.8388649040062617,0.9395730587042666,0.9591967432411008,0.7651819965285322,0.07229288847556918,0.646427216998416,0.6876857400683967,0.7578929769149916,0.8608304963136111,0.8692411511876752,0.41477506512030005,0.03879281494342367,0.32404004370876377,0.3541148268848973,0.4205049122500098,0.4709877415493374,0.48082467203096096,0.3835692574201626,0.03623886823675253,0.32404004370876377,0.3447220528621443,0.37991542884974283,0.43151579066631857,0.4357318708395297,0.4126593715539253,0.038594939719237845,0.3223871732896522,0.35230855036540354,0.4183599917562519,0.46858531715492907,0.47837207121013986,0.3816127391083697,0.03605402023881665,0.3223871732896522,0.3429636872062523,0.37797754806524875,0.4293147056472925,0.4335092803481455
cohesion_calibrated,nq_146,50,True,15,5,2.0,1.0,5,9;14;22;27;46,2;6;8;9;14;22;33,1,1,5,3,4.695037659365871,0.9390075318731743,10,7.660852427250855,3.83592947130303,3.824922955947825,-0.8591081880628413,-50.85910818806284,-47.03418523211501,-47.034185232115014,True,-0.8591081880628413,0.0,3003,0.7653311039414603,0.21408395373434777,0.37296853192572677,0.45708885741325833,0.7921845573528911,0.999802547391509,1.0,0.9390075318731743,0.08723462142539276,0.7760333488899122,0.8333992393775532,0.9996559691432879,0.9999601064894625,1.0,0.7828119641483741,0.08094721396214288,0.6697226214192107,0.6901274728618221,0.7580477833279421,0.8983281637829361,0.9864698751753629,0.7660852427250855,0.1125318208149339,0.6698701254399899,0.6787075695633875,0.6932477842696874,0.9186430782968752,0.9747838317777738,0.39196832366642215,0.04053175630334961,0.3353424133275175,0.34555949709848915,0.37956844363429093,0.44980940581740086,0.49394357908232395,0.383592947130303,0.056346748879785184,0.33541627129904433,0.33984134183601844,0.34712189431247237,0.45998145651685346,0.4880921625856059,0.39084364048195186,0.04041545765879327,0.33438020809169317,0.344567975763333,0.37847933969365116,0.4485187579655353,0.49252629609303894,0.3824922955947825,0.05618507193514872,0.3344538541409456,0.3388662277273691,0.34612588995721494,0.4586616217800217,0.48669166919216794
cohesion_calibrated,nq_147,50,True,15,5,2.0,1.0,5,6;11;16;40;44,0;6;8;11;40,1,1,5,3,4.8840226329480885,0.9768045265896177,10,7.2915582254642,3.667397378901284,3.6241608465629156,-1.2166252540468045,-51.216625254046804,-47.59246440748388,-47.59246440748389,True,-1.2166252540468045,0.0,3003,0.557314833019451,0.3883338321643146,0.08131696746192221,0.13104269657301237,0.39456500475421397,0.9999613731263202,1.0,0.9768045265896177,0.03948089940771547,0.8985244608118397,0.9336598466110314,0.9992290719794727,0.9999613731263202,0.9999945159376874,0.7406681097588647,0.0745522432728761,0.5648604131062104,0.6639248428368125,0.7292899557012426,0.846696415313414,0.9763227270039843,0.7291558225464201,0.10007870351165979,0.6310492070577737,0.6426060714419998,0.6817889761299353,0.8181811106410777,0.9763227270039843,0.3725300135270469,0.037497156727806354,0.2841049244092035,0.3339308489513107,0.3668072021501959,0.42585852272308283,0.49105599917886106,0.36673973789012837,0.050336068586921814,0.3173955602300738,0.3232082566168369,0.34291587980339183,0.4115163272169583,0.49105599917886106,0.36813809623181765,0.03705508654506974,0.2807554886970069,0.32999399388550177,0.36248275355104664,0.4208378925903312,0.4852667278251232,0.3624160846562916,0.04974263492473797,0.31365364682769986,0.3193978148251629,0.33887309632654344,0.4066647834241193,0.4852667278251232
cohesion_calibrated,nq_148,50,True,15,5,2.0,1.0,5,0;1;6;11;22,0;1;4;6;17;22,1,1,6,4,4.685166562272632,0.9370333124545264,10,8.889065273481828,4.451343692800247,4.437721580681581,-0.23382286947238473,-50.233822869472384,-45.79610128879081,-45.7961012887908,True,-0.23382286947238473,0.0,3003,0.6179799857533544,0.3340728944869582,0.11693466741634224,0.12814635277625017,0.7777732224502046,0.9759469094205561,1.0,0.9370333124545264,0.05914736209347606,0.8432219580351044,0.8648586266381708,0.9541583769814903,0.9961890390853066,1.0,0.8931260169388795,0.03957495161288062,0.7913731910849913,0.8392608985252691,0.894222745046936,0.94377867520436,0.9688167917829944,0.8889065273481828,0.03278921944226926,0.8468112749900769,0.849962819685914,0.8806210200228415,0.9263391821823442,0.959158651808792,0.4472473471689842,0.019817799266296645,0.39629296831651645,0.4202735149677897,0.4477965515674576,0.47261248781726467,0.48515073102764955,0.4451343692800247,0.016419733758914996,0.4240544885145983,0.42563267566620394,0.4409852670246577,0.46387937866789547,0.48031426069745614,0.4458786697698953,0.019757152346583973,0.3950802227684748,0.41898738355747933,0.4464261934794784,0.4711661873870953,0.48366606075534485,0.44377215806815806,0.01636948568335426,0.4227567864754786,0.4243301440197101,0.4396357529981838,0.4624598035144487,0.47884439111133587
cohesion_calibrated,nq_149,50,True,15,5,2.0,1.0,5,2;4;6;12;38,2;4,1,1,2,2,4.7923297644112495,0.9584659528822499,10,8.4902932436603,4.272555974383338,4.217737269276962,-0.5197737900279114,-50.51977379002791,-46.30203652075095,-46.302036520750946,True,-0.5197737900279114,0.0,3003,0.4229209643240577,0.4251651489985974,0.008843538522558075,0.01672354748795166,0.20062836815849822,0.9820693302929886,1.0,0.9584659528822499,0.04297337120871941,0.8823954469571863,0.9112783722194705,0.9556480205585559,0.9998734147130441,1.0,0.8198200419205747,0.060412040595386275,0.6793260575255271,0.7414953744088351,0.8120571310518756,0.8962956907815413,0.9711121483546042,0.8490293243660301,0.05258137910929171,0.7584221970537947,0.8066936376520675,0.8540431216769752,0.8798468704466016,0.9711121483546042,0.41255665941131475,0.03040104947649952,0.3418561081859257,0.37314146885016997,0.40865014284483087,0.4510413714299187,0.4886911314101969,0.4272555974383338,0.026460438880891515,0.3816595253110644,0.4059510810914542,0.42977868221767535,0.4427638592667103,0.4886911314101969,0.4072633825092598,0.030010991118886755,0.3374699493396014,0.36835390555866515,0.40340698820704474,0.4452543193516225,0.48242101694440737,0.4217737269276962,0.0261209402284002,0.37676267174273026,0.4007425565606133,0.4242644394592998,0.43708301117989135,0.48242101694440737
cohesion_calibrated,nq_150,50,True,15,5,2.0,1.0,5,9;16;29;31;36,,0,0,0,0,1.1349676894856704,0.22699353789713408,10,7.1006759792901555,3.5553396604183005,3.5453363188718545,2.42037197093263,-47.57962802906737,-44.03429171019552,-44.03429171019552,True,2.42037197093263,0.0,3003,0.10987726860390075,0.24388636210932857,0.005039609422128048,0.005303840974626208,0.015326905065562422,0.16209952052692136,1.0,0.22699353789713408,0.38845474150042775,0.005516648474309958,0.006981500264907829,0.011308013605275427,0.6435856997821122,1.0,0.7845588176621918,0.08513276651413773,0.5945453816627453,0.6668724607016971,0.7848996603128018,0.907648840657293,0.9589421295367417,0.7100675979290155,0.09760994831523823,0.5946569219166553,0.5962382403882154,0.7315292747963784,0.8265963675111162,0.8685109446962673,0.3928320470474601,0.042626350233643945,0.2976914847979598,0.33390597104960557,0.39300270846014956,0.4544637623704332,0.48014653747498426,0.35553396604183,0.048873729981302384,0.29774733349315674,0.29853910659956057,0.36627992194351666,0.41388043295333743,0.4348672459061697,0.3917267706147317,0.042506416280493786,0.29685389686478547,0.3329664896520916,0.3918969518526522,0.4531850782868598,0.4787955920617575,0.3545336318871855,0.04873621833393585,0.29690958842349857,0.2976991337886548,0.3652493528528618,0.41271593455777883,0.4336436987900976
cohesion_calibrated,nq_151,50,True,15,5,2.0,1.0,5,0;1;4;10;22,4;6;18;22;28;38,1,1,4,2,2.962665702484882,0.5925331404969765,10,8.791730666282414,4.4034103191817415,4.388320347100673,1.4407446166968594,-48.55925538330314,-44.170935036202465,-44.170935036202465,True,1.4407446166968594,0.0,3003,0.2515590226483344,0.3187507709693027,0.023584364173138552,0.03422704634552414,0.12146612704156688,0.8192370761133249,1.0,0.5925331404969765,0.35501258959908955,0.20338945230735767,0.20624960731718625,0.5500238504701617,0.9994850239501736,1.0,0.8416715816213117,0.05571130595336936,0.7270431795077594,0.7781201700292247,0.8360133475351307,0.9194946371696046,0.9977367541642936,0.8791730666282416,0.04837077192382133,0.8081633607473654,0.8302636952535187,0.8653131544692685,0.9402074879396389,0.9829597755185561,0.4215581059696497,0.027903463930144628,0.3641455318249544,0.38972786091034634,0.41872413307976236,0.46053642080655216,0.4997246260015055,0.4403410319181741,0.02422689733353796,0.4047752390718233,0.41584437263786717,0.43339918138380357,0.47091062177818044,0.4923234552053483,0.42011347565166207,0.027807842023224727,0.362897647682805,0.38839230911887845,0.4172892144553683,0.45895821636305234,0.4980121281627881,0.4388320347100674,0.024143874590283373,0.4033881216755421,0.41441932261565156,0.43191397308546486,0.46929686616145855,0.49063632031320775
cohesion_calibrated,nq_152,50,True,15,5,2.0,1.0,5,0;1;2;6;20,0;1,1,1,2,2,4.9625924163572215,0.9925184832714443,10,8.571879021623257,4.393138714723474,4.178740306899784,-0.5694537016337478,-50.56945370163375,-46.390713394733964,-46.390713394733964,True,-0.5694537016337478,0.0,3003,0.3727967064825186,0.4633873044413939,2.960393085685946e-05,4.07468426194983e-05,0.0035953893481641694,0.9997373325309047,1.0,0.9925184832714443,0.008961574274231601,0.9799420711865438,0.9812879528812365,0.999344046587684,0.9999998092638873,1.0,0.7271946935861653,0.08205907423082925,0.5592894755286377,0.6361699980458527,0.7110742173751649,0.8394019367038691,0.9910344755994722,0.8571879021623257,0.05867035772361707,0.7950721740221726,0.8061325744944504,0.8434589716606381,0.9266855785962235,0.9910344755994722,0.3726915829628545,0.04205576105174149,0.28663916528501776,0.3260408879442566,0.3644297435267546,0.4301984589429387,0.5079110322718072,0.43931387147234735,0.0300689054607642,0.40747919328832544,0.41314771397002636,0.43227771336202325,0.4749318418327439,0.5079110322718072,0.35450311062331075,0.04000331317908776,0.27265031024361996,0.3101291101015961,0.34664447384841024,0.4092034777609304,0.483123443327665,0.4178740306899783,0.02860145226285287,0.3875929807338471,0.39298486052442405,0.41118125829861485,0.45175373676347963,0.483123443327665
cohesion_calibrated,nq_153,50,True,15,5,2.0,1.0,5,2;11;12;30;46,0;1;46,1,1,2,1,2.4698590581825766,0.4939718116365153,10,7.1445745778539305,3.580888631173706,3.5636859466802258,1.1110295729911295,-48.88897042700887,-45.32528448032865,-45.32528448032865,True,1.1110295729911295,0.0,3003,0.24553715540292434,0.2383434650909662,0.026377081041142572,0.048823562033222107,0.16634545871143275,0.44784732411460304,1.0,0.4939718116365153,0.2639830925852277,0.25829984545813234,0.2899917756057043,0.38285200511913087,0.7964710147113006,1.0,0.7187036626200285,0.08140282055003803,0.5048148424709088,0.6316537442851087,0.7076391266879016,0.8360032750192222,0.8810390869623616,0.7144574577853932,0.0576141697114432,0.6368984042278476,0.65686278445668,0.7036665874951893,0.7945279473809401,0.835380112409646,0.36021707753409915,0.04079941100435162,0.25301516704089194,0.316587319105047,0.3546714889903978,0.41900810055502813,0.4415802250707059,0.3580888631173706,0.02887644646522679,0.31921596311438244,0.32922218831517375,0.3526804368602724,0.39822050465330816,0.41869576902574146,0.35848658508592945,0.040603409545686406,0.25179967543001686,0.31506642518006167,0.35296763769750383,0.4169951744641941,0.43945886189165567,0.3563685946680225,0.028737723246216405,0.31768244111346516,0.32764059614150626,0.3509861506349168,0.3963074427276319,0.4166843433839046
cohesion_calibrated,nq_154,50,True,15,5,2.0,1.0,5,2;9;10;15;42,,0,0,0,0,2.5871914719865066,0.5174382943973013,10,8.810327436942465,4.4063445684174845,4.40398286852498,1.819153096430978,-48.18084690356902,-43.77686403504404,-43.77686403504404,True,1.819153096430978,0.0,3003,0.1814584896477531,0.33710132373899143,0.0034474924396700715,0.0037473804985694373,0.015155668986172184,0.7783739461972039,1.0,0.5174382943973013,0.41393628851324205,0.0053147511246182996,0.018351393084908952,0.7400413635236109,0.9215716005251731,1.0,0.8932389919437144,0.03360979848948984,0.8027547226253933,0.8447681988824791,0.8981064181163769,0.9320623652942489,0.9553666742846327,0.8810327436942463,0.04154876484681521,0.8188178041590437,0.8220578409560322,0.8771259336364466,0.9272207819489936,0.9452758521739885,0.44673921697237357,0.016809403972750086,0.40148495468852186,0.42249732389167977,0.449173582440807,0.46615610715212596,0.47781138512850696,0.44063445684174846,0.020779951212659468,0.40951864839337365,0.411139101054647,0.4386805281823161,0.46373466656111545,0.4727646215982817,0.44649977497134086,0.016800394516739755,0.4012697679368714,0.42227087499079935,0.4489328356755699,0.4659062581421229,0.4775552891561258,0.440398286852498,0.020768813634155742,0.40929915576567005,0.4109187399013852,0.4384454054541305,0.4634861153878781,0.47251123057570676
cohesion_calibrated,nq_155,50,True,15,5,2.0,1.0,5,7;18;22;33;42,,0,0,0,0,2.290929946890881,0.45818598937817623,10,6.725530340256641,3.3643923881073174,3.3611379521493228,1.0734624412164364,-48.926537558783565,-45.56539960663424,-45.565399606634244,True,1.0734624412164364,0.0,3003,0.22837391651800695,0.25286563870568085,0.030590506027212187,0.04448548475518501,0.15057102229247601,0.5085237945745278,1.0,0.45818598937817623,0.3240744710348403,0.07026124773525068,0.1465966030330687,0.33608821665486477,0.849392338608388,1.0,0.7515813625810347,0.09312167544643385,0.5110233614192161,0.6126043878965327,0.7656221219027011,0.8658554404342622,0.9274238675226398,0.672553034025664,0.06596202994552251,0.5618814159050374,0.5949343220654899,0.6847467930925834,0.7553436461401658,0.7678793098015115,0.3759725237094788,0.04658336817908503,0.25563532098172337,0.3064504113859353,0.38299630048174427,0.43313721083996776,0.46393632064458934,0.3364392388107317,0.03299697424967003,0.28107665314877367,0.29761110326126977,0.34253906858052685,0.37785457576007725,0.38412544054967773,0.3756088388715559,0.04653830726734882,0.25538804043749275,0.3061539765105974,0.3826258214209568,0.43271822959429446,0.4634875468780505,0.3361137952149323,0.03296505569585249,0.2808047627562637,0.2973232188042202,0.3422077245120565,0.3774890703800885,0.3837538692518338
cohesion_calibrated,nq_156,50,True,15,5,2.0,1.0,5,1;3;7;9;16,0;3;4;5;6;7;8;14;16;17;24;27;39;42;43;49,1,1,9,3,4.221852057700074,0.8443704115400148,10,8.82560056660679,4.420455769101707,4.405144797505082,0.19860371140163302,-49.80139628859837,-45.39625149109329,-45.39625149109328,True,0.19860371140163302,0.0,3003,0.5815967265198887,0.22365916861279994,0.2927789513050607,0.3340258336591213,0.6100862307598982,0.9214012431620898,1.0,0.8443704115400148,0.13166259226460358,0.6533110272326749,0.6934728861610736,0.8374698519307332,0.9909422015931977,1.0,0.8922785237705871,0.03297303973774005,0.8153574152719382,0.8548566094741983,0.8918023866897363,0.9363756687554643,0.9825039947372144,0.8825600566606789,0.03998233422298085,0.8267192456776074,0.8582995155859825,0.8654012339453423,0.9160537883535783,0.9825039947372144,0.4469132404395361,0.016515121280811843,0.40838596342735173,0.4281698228450208,0.446674758889182,0.4690000635943098,0.49210423913070944,0.44204557691017066,0.020025848512435027,0.4140767340876883,0.429894262340039,0.4334512816788643,0.45882149582619586,0.49210423913070944,0.4453652833310511,0.016457918456928212,0.40697145184458644,0.4266867866291775,0.4451276278005543,0.4673756051611545,0.49039975560650495,0.44051447975050834,0.019956485710545823,0.41264251158991905,0.4284052532459434,0.431949952266478,0.45723229252738246,0.49039975560650495
cohesion_calibrated,nq_157,50,True,15,5,2.0,1.0,5,0;1;10;31;49,0;1;49,1,1,3,3,2.4982886367059853,0.49965772734119707,10,7.270359531888193,3.646343518329337,3.6240160135588573,1.1480548816233518,-48.85194511837665,-45.22792910481779,-45.22792910481779,True,1.1480548816233518,0.0,3003,0.17067528132945584,0.3433223457599231,0.00013413633987799533,0.00014242084793599302,0.0003713879954406442,0.7786627241862369,1.0,0.49965772734119707,0.4367304912529087,0.00016771669010873247,0.02063165136899927,0.44706647895443963,0.9998907550696409,1.0,0.7792767775240517,0.08097977801733548,0.6221584460005143,0.6731265175940514,0.7719640171161876,0.8977909002554887,0.9616185129263017,0.7270359531888194,0.08296566272583206,0.6221584460005143,0.63023008327096,0.707300227769631,0.8114072026566874,0.9182237780245253,0.39083498061497185,0.04061423474233222,0.3120345571629036,0.3375968552420707,0.387167371551437,0.4502740222960414,0.4822858369431514,0.3646343518329337,0.04161022645405094,0.3120345571629036,0.31608276992518936,0.354736184603906,0.40694952995874073,0.46052183618848475,0.38844179690907976,0.04036554327500325,0.31012388883761066,0.3355296623519807,0.3847966455647506,0.44751687795944733,0.4793326759831503,0.3624016013558857,0.041355436271781114,0.31012388883761066,0.3141473133457707,0.352564043165725,0.4044576726979467,0.4577019418360405
cohesion_calibrated,nq_158,50,True,15,5,2.0,1.0,5,14;22;25;45;47,,0,0,0,0,1.3242459923116507,0.2648491984623301,10,6.668412624453531,3.33801865976986,3.3303939646836707,2.013772667458209,-47.98622733254179,-44.65583336785812,-44.65583336785812,True,2.013772667458209,0.0,3003,0.10318927859221882,0.2457696504455646,0.002469679774676407,0.0034947388701065305,0.010028775180068976,0.15870290868838938,1.0,0.2648491984623301,0.3736206490882823,0.0035046071338657317,0.007461783504851251,0.12851696790741965,0.6715307476836144,1.0,0.7112631417759978,0.05051479510382131,0.6052635170362864,0.6456398949773373,0.7130995439335466,0.7739635928319156,0.8621464264262653,0.666841262445353,0.04363813545864167,0.6052635170362864,0.6121934071114303,0.6496358898005655,0.7275119967685497,0.7296466939627988,0.3560382017376107,0.025286276981821423,0.30297778912723244,0.32318906137018144,0.3569574526919173,0.38742427326430956,0.43156610439963794,0.33380186597698597,0.021844015756365666,0.30297778912723244,0.30644669599963525,0.3251893433016512,0.3641719187433842,0.36524048775203133,0.35522494003838717,0.025228518121999888,0.302285727909054,0.3224508336071559,0.35614209124162927,0.38653931956760607,0.4305803220266273,0.33303939646836705,0.021794119702276005,0.302285727909054,0.30574671111179513,0.3244465464989143,0.36334007802516544,0.36440620621076747
cohesion_calibrated,nq_159,50,True,15,5,2.0,1.0,5,15;17;25;27;40,32;49,1,0,2,0,3.2077251772009245,0.6415450354401849,10,7.145377569418241,3.5820100452665926,3.5633675241516483,0.3742848680656681,-49.625715131934335,-46.062347607782684,-46.062347607782684,True,0.3742848680656681,0.0,3003,0.23057642021766858,0.3631921347003938,0.0010955206300150302,0.0018765715841142722,0.04535864862495994,0.9193531366140518,1.0,0.6415450354401849,0.374131101820571,0.06944143504358874,0.1776227888916534,0.7984010844104972,0.9999951352332354,1.0,0.7487187848738004,0.0658540143016545,0.6273761698050032,0.6764903075717983,0.7374083291104443,0.8193208436823994,0.9608526390611256,0.7145377569418241,0.0778386506906023,0.6470141282636521,0.662901236958293,0.6917301051093766,0.7640420157741374,0.9335939959605442,0.37533610819618374,0.03301291477713497,0.31450650725870155,0.3391276463288362,0.36966612564210816,0.4107292391276113,0.4816797673321676,0.35820100452665926,0.039020867123531956,0.32435110452231897,0.3323153838597759,0.3467674256598925,0.38301771304879006,0.4680148864412661,0.37338267667761654,0.03284109952451952,0.31286966254630166,0.33736266124296205,0.36774220346833614,0.40859160455478816,0.479172871728958,0.3563367524151648,0.03881778356707035,0.32266302374133315,0.33058585309851707,0.3449626794494841,0.38102430272534743,0.46557910951927806
cohesion_calibrated,nq_160,50,True,15,5,2.0,1.0,5,4;12;25;41;48,4,1,1,1,1,4.886625539303988,0.9773251078607975,10,7.405512967891585,3.708301454811851,3.6972115130797354,-1.1783240844921368,-51.17832408449214,-47.481112571412396,-47.4811125714124,True,-1.1783240844921368,0.0,3003,0.6724235181201619,0.38051543195572585,0.034820770640464925,0.11829725017245708,0.9294152460755838,0.9962200185881596,1.0,0.9773251078607975,0.02590692414362409,0.9333141735735867,0.945022379661635,0.9910799378692812,0.9998586956269647,1.0,0.7850406476889297,0.05638773399453914,0.6482330586020736,0.7243136213051051,0.7820778338062148,0.8660579921766297,0.9363065129736569,0.7405512967891585,0.03772558062384105,0.6901429339884184,0.6926089618223573,0.7477740764956926,0.7844804178855215,0.7890870099270134,0.39310813289145186,0.028236088021465794,0.32460190194705724,0.3626991495756548,0.39162450750597955,0.43367746788976297,0.4688543277507165,0.3708301454811851,0.018891037814338155,0.3455882201859157,0.3468230805722051,0.3744469434814932,0.39282759851064464,0.3951343437750517,0.39193251479747776,0.02815164597307335,0.32363115665501635,0.3616144717294504,0.3904533263002352,0.4323805242868667,0.46745218522294035,0.36972115130797345,0.018834542809502895,0.34455471380250274,0.3457858812501522,0.3733271330141995,0.39165281937487684,0.39395266615196173
cohesion_calibrated,nq_161,50,True,15,5,2.0,1.0,5,2;27;39;42;46,2;12;21;25;32,1,1,1,1,1.005912011757505,0.20118240235150103,10,8.25161957552727,4.125968011120646,4.125651564406626,3.120055999363141,-46.87994400063686,-42.75429243623023,-42.75429243623023,True,3.120055999363141,0.0,3003,0.06906437959453653,0.24881712456737873,0.000630016956097572,0.000769263663682933,0.0016198313700177657,0.009042843010858056,1.0,0.20118240235150103,0.3994094568097246,0.000630016956097572,0.0007482794414492999,0.0016198313700177657,0.6010945961047652,1.0,0.8596783570227259,0.03706217568140949,0.7919276767736331,0.8149986396765583,0.8548446832528194,0.9171492249686387,0.9550085302784225,0.8251619575527271,0.01841027132074047,0.7919276767736331,0.8015503986472767,0.8272363891045994,0.847835705812563,0.84847393976097,0.4298556626929654,0.01853179850141816,0.39597902346101704,0.40751494729414384,0.42743873312316605,0.4585921986597272,0.47752257726015324,0.4125968011120646,0.009205488674091378,0.39597902346101704,0.4007905689118418,0.41363405666486164,0.4239341100071256,0.4242532392193531,0.4298226943297605,0.018530377179991325,0.39594865331261603,0.40748369238241444,0.4274059501296533,0.45855702630891154,0.47748595301826924,0.4125651564406625,0.009204782646649092,0.39594865331261603,0.40075982973543495,0.41360233243973776,0.4239015958054373,0.42422070054161687
cohesion_calibrated,nq_162,50,True,15,5,2.0,1.0,5,1;4;6;17;46,1;4;17;46,1,1,4,4,4.857751288991583,0.9715502577983166,10,7.827820481251692,4.050150574221861,3.7776699070298316,-0.8076007147697224,-50.80760071476972,-47.02993080773989,-47.02993080773989,True,-0.8076007147697224,0.0,3003,0.39041113007728645,0.42620279260797733,0.0011365155774563835,0.0020143454713683426,0.1582706612009516,0.9819886174275877,1.0,0.9715502577983166,0.02775039380923773,0.9186238682843512,0.9418046063481825,0.9777120346519688,0.9939358690445335,1.0,0.7548650018283111,0.07714397528277192,0.5896063754312288,0.6578535817275231,0.7515632823314772,0.8518503312101091,0.9954629919022873,0.7827820481251692,0.05953050591802624,0.7329971636696736,0.7395273609368274,0.7570365714630587,0.8949817310475899,0.9039489850659316,0.39057064836086347,0.03991465012995736,0.3050650696112814,0.34037649025921307,0.3888623234001609,0.4407513070036605,0.5150571628368472,0.4050150574221861,0.030801359497843017,0.37925612760922844,0.3826348819220912,0.39169422854824787,0.46306769305737233,0.4677073918213599,0.36429435346744754,0.03722932515281456,0.28454130581994747,0.31747709146830994,0.36270095893131626,0.41109902420644867,0.48040582906544005,0.37776699070298314,0.028729146420183226,0.35374103606044516,0.3568924790147361,0.3653423429148108,0.43191403799021755,0.4362415932445717
cohesion_calibrated,nq_163,50,True,15,5,2.0,1.0,5,1;2;4;30;34,,0,0,0,0,2.88902709883366,0.5778054197667319,10,7.0016096071529965,3.501487348362757,3.5001222587902405,0.612460249529097,-49.3875397504709,-45.887417491680665,-45.887417491680665,True,0.612460249529097,0.0,3003,0.19595370638359325,0.38374713271595556,0.0005152305801931336,0.000639129121277501,0.004577705251586932,0.952175286980478,1.0,0.5778054197667319,0.47225678999029175,0.0005743606957782214,0.000849201848260212,0.9006973887803048,0.9945975543122374,1.0,0.6989293213645643,0.06511001969891886,0.5860111247961509,0.6170083665258072,0.6888025320000364,0.7739113348816331,0.9877180006845907,0.7001609607152998,0.12945591127449552,0.5893546303883794,0.6093005781559705,0.6355403772477239,0.8624917694152274,0.9877180006845907,0.3495327950957994,0.032561357033460275,0.2930626890961293,0.3085643316955182,0.3444684132137814,0.3870311113996042,0.49395528702628466,0.3501487348362757,0.06474057551499707,0.2947347678304832,0.30470968612469573,0.31783214363067985,0.431329963839904,0.49395528702628466,0.34939652626876483,0.03254866266545859,0.2929484357000216,0.3084440348302889,0.344334118786255,0.38688022348202883,0.49376271365830604,0.35001222587902403,0.06471533575949845,0.29461986255789624,0.3045908920312748,0.31770823361704414,0.4311618055753234,0.49376271365830604
cohesion_calibrated,nq_164,50,True,15,5,2.0,1.0,5,4;30;32;40;49,4;32,1,1,2,2,2.7295165062672355,0.5459033012534471,10,7.2770348874884165,3.6422535829144063,3.63478130457401,0.9127370766471707,-49.08726292335283,-45.45248161877882,-45.45248161877882,True,0.9127370766471707,0.0,3003,0.2045694902626543,0.323310832340771,0.011139950312932526,0.012579076618976759,0.02651765227280469,0.7599249549417914,1.0,0.5459033012534471,0.37073867559587415,0.020198607439025348,0.11448926002313196,0.5605532050777977,0.9571357819404482,1.0,0.7500124484474293,0.07560162236657539,0.6173826887918505,0.6776379769180325,0.7331198078650751,0.8220845596416996,0.9916811686892356,0.7277034887488416,0.056446954465889716,0.6352919124058442,0.6547634135639803,0.7298958857683595,0.7986957482793761,0.809163786533612,0.37539129189620835,0.03783962619338747,0.309008317954835,0.3391668979891918,0.3669362986692623,0.41146435039931756,0.4963497283731916,0.3642253582914406,0.0282524579484257,0.3179721246266204,0.32771787216726744,0.3653226824108068,0.399757936550595,0.40499733012600975,0.3746211565512209,0.037761996173187914,0.3083743708370155,0.3384710789288407,0.36618350919581283,0.410620209242382,0.49533144031604404,0.36347813045740096,0.02819449651746402,0.31731978777922376,0.3270455413967128,0.3645732033575528,0.39893781172878107,0.40416645640760224
cohesion_calibrated,nq_165,50,True,15,5,2.0,1.0,5,3;5;6;12;17,0;3;5;12,1,1,3,3,1.6489847049185253,0.32979694098370504,10,7.214671432407011,3.620339206328452,3.594332226078558,1.9713545014099267,-48.02864549859007,-44.43431327251152,-44.43431327251152,True,1.9713545014099267,0.0,3003,0.1501542834265738,0.2456609834196955,0.004720885430980973,0.0068135388547102115,0.06276019924031784,0.2758858586116637,1.0,0.32979694098370504,0.3477522095158827,0.02026529265887943,0.06520129317017595,0.18711178756136498,0.7236009323044641,1.0,0.751740938820087,0.07800611366381933,0.5226861652345332,0.6551528103206042,0.7462699592080996,0.8567089868410367,0.9338345467186335,0.721467143240701,0.09029630488830429,0.5683768249936224,0.6374218410914443,0.7231923754861866,0.8426954342752668,0.8499249150447876,0.3772253829311994,0.039143652524758085,0.26228515523301227,0.3287572313668939,0.3744800324087441,0.42989859795177954,0.468600386501801,0.3620339206328452,0.0453108995796156,0.28521283647790263,0.3198597890276362,0.3628996462583114,0.42286656409561335,0.42649433466236825,0.37451555588888763,0.03886246113906125,0.2604010100015209,0.3263955789537104,0.37178992679935546,0.4268103888892571,0.4652341602168325,0.3594332226078558,0.04498540530868869,0.2831639885157198,0.3175620520638081,0.36029272922787525,0.4198288701796535,0.4234305803824194
cohesion_calibrated,nq_166,50,True,15,5,2.0,1.0,5,0;4;11;12;16,0;1;2,1,1,3,1,4.810567859281019,0.9621135718562035,10,8.020173145914969,4.01025455955114,4.0099185863638285,-0.8003132997298783,-50.80031329972988,-46.79039471336604,-46.79039471336605,True,-0.8003132997298783,0.0,3003,0.755797133699925,0.2716932288532567,0.3437491730022812,0.37105048053731426,0.9166120165284214,0.9999151181799467,1.0,0.9621135718562035,0.07078881894690056,0.8205688928263416,0.8905848304144831,0.9962864203726686,0.999241523714125,1.0,0.8088640854735055,0.08321957638377386,0.6291248901665408,0.6933834249554589,0.8126822018604885,0.9125383061123451,0.9556729270077785,0.8020173145914968,0.05954121538266888,0.692344786167408,0.721445829931658,0.8116879880124301,0.8618453259685886,0.8828780049991715,0.4044489848052066,0.04161153126811582,0.31457562242313086,0.3467062357451873,0.406358122971082,0.456288266633752,0.47785648055797736,0.40102545595511413,0.02977185481228461,0.3461868945963457,0.36073802601458976,0.40586099522273966,0.43094071477169765,0.44145749482711727,0.4044151006682989,0.04160804511565804,0.31454926774340997,0.3466771892102717,0.40632407888940647,0.45625003947859316,0.47781644644980115,0.40099185863638287,0.02976936057038427,0.3461578915710623,0.3607078039170682,0.4058269927896906,0.43090461119689094,0.4414205101720542
cohesion_calibrated,nq_167,50,True,15,5,2.0,1.0,5,2;4;24;26;27,4;5;24,1,1,2,2,2.6863229211826494,0.5372645842365299,10,8.129930450157557,4.070380287860111,4.0595501622974455,1.3840573666774616,-48.61594263332254,-44.556392471025084,-44.55639247102509,True,1.3840573666774616,0.0,3003,0.25453794722965434,0.26984438656008153,0.02418463331023555,0.024956148652466252,0.12121462280521023,0.5841620376524802,1.0,0.5372645842365299,0.27873639244241066,0.16715818558508816,0.25219990776778717,0.4973965454047746,0.8568022796603804,1.0,0.8322207448884084,0.05849788799378659,0.6938682475133668,0.7536660363251334,0.8405831433283681,0.9105851875642701,0.9529026361001262,0.8129930450157558,0.05860276652358264,0.7351050369040439,0.7440745975383558,0.7935466878382915,0.8771963674248109,0.9128246267573507,0.41666468562180464,0.02928790739738039,0.3473962851669554,0.37733500879186904,0.4208514547433763,0.4558991027785701,0.47708601322127203,0.4070380287860111,0.02934041651820482,0.3680421462477471,0.37253290087603075,0.3973018976578164,0.43918245358166,0.45702031398735726,0.4155560592666036,0.0292099805964062,0.3464719623464114,0.37633102753326436,0.4197316885849918,0.45468608478569994,0.4758166228788541,0.40595501622974456,0.029262350005377823,0.3670628906562968,0.37154169666232506,0.39624479018047515,0.43801391384315086,0.4558043127699934
cohesion_calibrated,nq_168,50,True,15,5,2.0,1.0,5,4;5;14;21;31,0;4;17;19;39,1,1,2,1,3.557211370466202,0.7114422740932403,10,8.11975466054936,4.072260369805692,4.047494290743666,0.51504899933949,-49.48495100066051,-45.437456709916844,-45.437456709916844,True,0.51504899933949,0.0,3003,0.32174294050281105,0.3317797290972354,0.027728236088190594,0.035202116203621965,0.1742870885760845,0.9300289816784321,1.0,0.7114422740932403,0.29233180952308674,0.3454214978513081,0.3543330668405731,0.8821234484791087,0.9847864015245258,1.0,0.8128805946009044,0.06650306863440167,0.6946427724112643,0.7268672532540325,0.8062494487840295,0.901693813278429,0.9657506973859467,0.811975466054936,0.04161783643024335,0.728437009749651,0.7801923308680471,0.8086283526078699,0.8743132329983948,0.8808364611203667,0.40767998162069935,0.03335295488497175,0.34838075182322814,0.36454213621962434,0.4043542958770569,0.45222203564267394,0.48434816770817546,0.40722603698056925,0.020872387535963936,0.36532940842606315,0.39128599848672296,0.4055473757385055,0.43848998872278305,0.4417615510389911,0.40520061298020515,0.03315011374942992,0.3462620205880361,0.36232511703440806,0.4018951529069726,0.4494717776357551,0.4814025296777712,0.4047494290743667,0.020745448894279418,0.3631076013235878,0.3889063323813241,0.4030809768693644,0.43582324427561175,0.4390749100813756
cohesion_calibrated,nq_169,50,True,15,5,2.0,1.0,5,10;14;22;28;48,0;1;4;6;8;15;17;18;19;20;22;25;31;33;41;44;46,1,1,5,1,1.038144697470931,0.2076289394941862,10,8.388943975212301,4.194536092750862,4.19440788246144,3.1563913952799316,-46.84360860472007,-42.64920072225863,-42.64920072225863,True,3.1563913952799316,0.0,3003,0.07523690971979276,0.2473381613156507,0.0009743533210876814,0.001002652197261667,0.0050150482032775435,0.03196606424898575,1.0,0.2076289394941862,0.39629025603554496,0.0009925230721951172,0.001002652197261667,0.010197864411249985,0.6103745856410498,1.0,0.875869422548533,0.04832137964091608,0.791457358103162,0.8186717344908219,0.8690412582466355,0.9474781633158292,0.9660161799223285,0.8388943975212302,0.034110283819084236,0.8051553820784922,0.8116778301599394,0.8271454697259851,0.8959503680343458,0.911457161482653,0.4379414043379282,0.02416105907420961,0.3957347270700949,0.4093421232259212,0.4345272700087241,0.4737463219285553,0.48301547189233346,0.41945360927508624,0.017055402567461266,0.40258384373289097,0.40584511761570186,0.41357905559659036,0.4479820305318435,0.4557355457530619,0.4379280182106048,0.024160320566706472,0.3957226310330671,0.40932961126490064,0.4345139882379114,0.473731841387274,0.483000708029995,0.419440788246144,0.01705488125162297,0.4025715383456013,0.4058327125442376,0.41356641412939477,0.44796833750250226,0.4557216157295911
cohesion_calibrated,nq_170,50,True,15,5,2.0,1.0,5,0;2;4;7;30,0;1;5;8;21;45,1,1,3,1,2.91725852558361,0.583451705116722,10,8.395563012593872,4.206923634802187,4.188639377791685,1.2896651092185767,-48.710334890781425,-44.52169551298974,-44.52169551298974,True,1.2896651092185767,0.0,3003,0.3100843568947596,0.2572541652536244,0.06664844630114276,0.09094923664059261,0.22879399614449672,0.6514707006352598,1.0,0.583451705116722,0.26928702862503134,0.24253901042895468,0.3189154393312053,0.46636479423392213,0.9099498552944607,1.0,0.8411819635711434,0.05161753666155131,0.7179803244458146,0.7765171393718094,0.8359088607451124,0.9131673799509389,0.9460750558885074,0.8395563012593872,0.054792655291906696,0.7549269412947006,0.7778250901272686,0.8401463215832488,0.9076280984087258,0.9194617257089497,0.4215069648585033,0.02586497589572116,0.3597719880969409,0.38910413769176905,0.4188646714382413,0.457578059682634,0.47406773160344495,0.42069236348021866,0.027455992673191088,0.37828552857235653,0.38975953732822516,0.42098801612933145,0.45480238705593784,0.46073208662463555,0.4196749987126401,0.025752560765830157,0.3582083363488737,0.38741300168004045,0.4170441893068711,0.45558932026830484,0.4720073242850624,0.4188639377791685,0.027336662618715608,0.3766414127223441,0.3880655527990435,0.41915830545391725,0.452825711352788,0.45872963908431413
cohesion_calibrated,nq_171,50,True,15,5,2.0,1.0,5,2;16;24;27;32,2;4;6;15;24;32;42;44,1,1,5,3,4.952187763961222,0.9904375527922443,10,8.652156225826884,4.32809558460035,4.324060641226535,-0.624092179360872,-50.62409217936087,-46.300031538134334,-46.300031538134334,True,-0.624092179360872,0.0,3003,0.651241017617741,0.33829736010112316,0.15565346649467782,0.19351230232010216,0.7600811415827733,0.9981222685633553,1.0,0.9904375527922443,0.010010207954209288,0.9746941088952367,0.9778770308503696,0.9960868617434374,0.9995021518157914,1.0,0.8531441206088378,0.0460596733383513,0.7634389776519799,0.79179441767225,0.8496399333994461,0.9128849980098804,0.9702498312973658,0.8652156225826886,0.041006098607231235,0.8078715259163067,0.8251886079274048,0.8619309386688628,0.9215362851561544,0.951300948590752,0.4267709926934391,0.02304057666096995,0.38189750416481344,0.3960818359715825,0.4250180819978013,0.45665536150866964,0.48535115423161856,0.432809558460035,0.02051261092510872,0.4041241388829118,0.4127867178093843,0.43116645059499203,0.4609830223508453,0.47587229446128804,0.4263731279153986,0.02301909667738136,0.38154147348716644,0.39571258170066753,0.4246218514016448,0.45622963650121084,0.4848986770657472,0.43240606412265353,0.020493487682122512,0.4037473870333949,0.4124018901180205,0.4307644880738708,0.460553262805309,0.47542865412946395
cohesion_calibrated,nq_172,50,True,15,5,2.0,1.0,5,8;34;46;47;49,,0,0,0,0,1.5174932417694282,0.3034986483538856,10,6.488765919871286,3.2462643558859328,3.242501563985353,1.7287711141165045,-48.271228885883495,-45.028727321898145,-45.028727321898145,True,1.7287711141165045,0.0,3003,0.10939874812089476,0.2539748928683284,0.0023982544785807747,0.0040649903458498315,0.00940668185307255,0.2511819377527653,1.0,0.3034986483538856,0.3698105471601479,0.00940668185307255,0.030929758148834967,0.07870687320780399,0.7464661256464293,1.0,0.7048966445920558,0.07129208780537877,0.5911141483097001,0.6401538459935171,0.6875701617168434,0.7682915296718004,0.9969754560720111,0.6488765919871285,0.03000395666738658,0.5911141483097001,0.6270168886458447,0.6464837415484554,0.6704494428770643,0.7172726577236617,0.3526527047177218,0.03566671480482102,0.29572846572275713,0.3202625334607955,0.3439844395244251,0.38436852839223984,0.49877679773103767,0.3246264355885932,0.015010677880458232,0.29572846572275713,0.3136902457701666,0.3234293165702847,0.33541911600943813,0.35884429966709014,0.35224393987433394,0.03562537300055775,0.295385682586943,0.3198913125327216,0.3435857221924183,0.38392300127956047,0.49819865834097343,0.32425015639853527,0.014993278786928346,0.295385682586943,0.31332664287567813,0.32305442497817083,0.3350303268676262,0.3584283580565715
cohesion_calibrated,nq_173,50,True,15,5,2.0,1.0,5,0;1;2;3;29,0;1,1,1,2,2,4.53462624014615,0.90692524802923,10,8.904616751255249,4.481023834422025,4.423592916833224,-0.05360240572412511,-50.05360240572413,-45.630009488890906,-45.6300094888909,True,-0.05360240572412511,0.0,3003,0.385166133544154,0.4143384828472574,0.0010541744921162433,0.001201978338112118,0.059243585744546426,0.9918751734643501,1.0,0.90692524802923,0.12062870922383769,0.6863143015635821,0.7592381113808491,0.9796884701057073,0.9999998569480447,1.0,0.7535083613428193,0.10852498070889781,0.46777604025552594,0.5831640426213212,0.7652210392541802,0.8979447899252743,0.9680288452773953,0.8904616751255249,0.019606578444068247,0.8634984398777981,0.8639543807125508,0.8887696861255454,0.9106441335135206,0.929908210278519,0.37918408180088004,0.0546124598925843,0.23539649645910782,0.29346259893730664,0.3850781916039008,0.4518680722652129,0.48713610582786304,0.44810238344220255,0.009866516187454115,0.4345338152294088,0.4347632559571443,0.4472509326444555,0.4582586966896076,0.46795285754385496,0.37432427954193925,0.053912520816313515,0.23237954379641812,0.28970144368401446,0.3801428476502794,0.44607671766006135,0.48089273944953226,0.4423592916833224,0.009740062256614132,0.42896462464838925,0.42919112475540655,0.44151875348109,0.4523854368239129,0.46195535273466404
cohesion_calibrated,nq_174,50,True,15,5,2.0,1.0,5,0;3;6;10;12,0;2;6;8;9;12;17;28;45,1,1,9,3,4.607213046768014,0.9214426093536028,10,8.10577575546342,4.061739225609884,4.0440365298535355,-0.5454738211581303,-50.54547382115813,-46.501437291304605,-46.5014372913046,True,-0.5454738211581303,0.0,3003,0.4779679689651118,0.3889876444695494,0.005039432597780507,0.017048503415197674,0.35276404101393605,0.9710321068932269,1.0,0.9214426093536028,0.0930790188044277,0.7415583613692994,0.8151729662750133,0.9650189008292557,0.9900163643743498,1.0,0.7903577827152498,0.07124311295985061,0.6308860146265095,0.6767467148006031,0.7981602579591793,0.8645351208836027,0.9455594165375784,0.8105775755463419,0.02598637180790643,0.7754033213980045,0.7776269357153576,0.8030447900119524,0.845223791234104,0.8537075646829089,0.39604194652891067,0.03569935255962893,0.3161319224467841,0.3391123515174376,0.39995170430055366,0.4332116158090723,0.4738122405751038,0.4061739225609884,0.013021562511436878,0.3885483858923262,0.38966262119415196,0.4023993041399798,0.4235348633917378,0.4277860142300734,0.3943158361863392,0.03554376040022169,0.3147540921797254,0.3376343632831655,0.3982085536586257,0.4313235050745304,0.47174717596247456,0.4044036529853535,0.01296480929646955,0.3868549355056783,0.38796431452120556,0.4006454858719726,0.42168892784236617,0.4259215504528355
cohesion_calibrated,nq_175,50,True,15,5,2.0,1.0,5,8;13;17;22;25,0;1;2;3;4;5;6;8;17;22;23;44,1,1,12,3,4.924036949602333,0.9848073899204666,10,7.173403260561949,3.5872194010851133,3.5861838594768365,-1.3368175485172196,-51.33681754851722,-47.750633689040384,-47.750633689040384,True,-1.3368175485172196,0.0,3003,0.9678097231587203,0.046080067862175805,0.8482272034943366,0.8947471160113001,0.9893884463474932,0.9998435962456865,1.0,0.9848073899204666,0.012724938439452159,0.9606025261023887,0.9701319493587214,0.9893884463474932,0.9950340496693515,0.9959304625282962,0.7762028330676103,0.07486420762285174,0.6392264766505563,0.6814213531590031,0.7689081682482372,0.8692967422975614,1.0,0.7173403260561949,0.04374027484539841,0.6602358289191556,0.6679885405933921,0.7168868607906334,0.7628478091828491,0.8102620497470028,0.38815744226530996,0.03743750745312481,0.319659377207315,0.34075986105570716,0.38450958333225194,0.4347111163280136,0.5000721792411957,0.35872194010851133,0.021873294562547232,0.3301655697807194,0.3340424852026835,0.35849517474495174,0.3814789663674392,0.4051895089734218,0.3880453908023003,0.037426700169726934,0.3195670994432413,0.340661492103296,0.3843985849159852,0.4345856259695477,0.49992782075880426,0.35861838594768364,0.02186698028285117,0.33007025913843613,0.33394605539070854,0.3583916860456816,0.3813688428154099,0.40507254077358096
cohesion_calibrated,nq_176,50,True,15,5,2.0,1.0,5,0;2;8;36;47,,0,0,0,0,2.0610392768951975,0.4122078553790395,10,7.713437931181258,3.861162940814465,3.8522749903667934,1.8001236639192677,-48.199876336080735,-44.34760134571394,-44.34760134571394,True,1.8001236639192677,0.0,3003,0.15082021322246966,0.3262513604827629,0.0005784646408086106,0.0012779134150372768,0.012073513230037936,0.6066127839458347,1.0,0.4122078553790395,0.4641280927070041,0.009952872213105209,0.012475412426920846,0.07534236245574338,0.9837939277914818,1.0,0.7816334544490998,0.05325046658705546,0.663125187019704,0.7211555355196824,0.7751455792703017,0.8434927414561454,0.9831320228850794,0.7713437931181258,0.08921142975756717,0.663125187019704,0.6717145288451892,0.7564701765449658,0.8444135251875022,0.9831320228850794,0.39126705297250874,0.02665591270733541,0.33194464259454154,0.3609932501116763,0.388019377496475,0.42223233572551744,0.49213242740263957,0.38611629408144654,0.04465711263255599,0.33194464259454154,0.3362442621206783,0.3786709165960048,0.4226932580861742,0.49213242740263957,0.39036640147659113,0.02659455387972005,0.3311805444251625,0.360162285408006,0.3871262017738267,0.421260405730628,0.4909995954824398,0.3852274990366793,0.044554317125011185,0.3311805444251625,0.3354702667245109,0.377799259948961,0.421720267101328,0.4909995954824398
cohesion_calibrated,nq_177,50,True,15,5,2.0,1.0,5,8;12;15;17;36,5;7;12;13;18;20;21;31;34;37;39;43;47,1,1,4,1,3.2143136160894827,0.6428627232178965,10,8.027199888648651,4.0143870869287674,4.012812801719882,0.8000734708392847,-49.19992652916071,-45.18711372744083,-45.18711372744083,True,0.8000734708392847,0.0,3003,0.2940412423891971,0.3110578987180622,0.06313196891004454,0.06653724296427513,0.1660009395602586,0.8587814578680485,1.0,0.6428627232178965,0.31999206901223715,0.2181764474013443,0.25393639377742655,0.771775276699523,0.9667142314588263,1.0,0.8087493394285205,0.048730093190758265,0.6906372899031764,0.7509978419490114,0.8064656317250551,0.8676389343357523,0.9814526124195154,0.802719988864865,0.0320093065073217,0.7608741932582744,0.7710018945214795,0.8012047542402282,0.8460138231613412,0.8685688467260383,0.40445397520935317,0.024369825040291556,0.3453863684470338,0.3755725633909701,0.4033118974185565,0.43390454734277684,0.49082254688847426,0.40143870869287673,0.01600779206784763,0.38051170751493085,0.3855765512630946,0.40068094279752253,0.42308987120960667,0.434369594724594,0.40429536421916723,0.02436026815046671,0.3452509214561426,0.37542527855804136,0.40315373430649865,0.43373438699297545,0.49063006553104116,0.40128128017198816,0.016001514439474073,0.3803624857433436,0.38542534325838496,0.40052381144270566,0.42292395195173454,0.43419925200144427
cohesion_calibrated,nq_178,50,True,15,5,2.0,1.0,5,2;24;37;40;46,2;5;17;21;24;26;28;34;46,1,1,6,3,3.6354862176153993,0.7270972435230798,10,8.32698252625508,4.167342539094441,4.159639987160638,0.5318563214790415,-49.46814367852096,-45.308503691360315,-45.30850369136032,True,0.5318563214790415,0.0,3003,0.4400199107133694,0.2577027830403125,0.12468857167922484,0.18232281086492316,0.38241944168863096,0.8551608028588726,1.0,0.7270972435230798,0.21903637551893596,0.44181396604441464,0.4734384364505878,0.742587314239048,0.9720839181088357,1.0,0.8727392846438551,0.06148251329599745,0.6855386692074714,0.7601710268306819,0.8856001143183827,0.9280311916363377,0.9608096216794502,0.832698252625508,0.07599885727521484,0.7274597682158596,0.73373071165687,0.8537216408698334,0.9247221945926319,0.9608096216794502,0.4367732891197589,0.03076969265409037,0.34308640007046104,0.3804370967646679,0.4432096521626402,0.46444481543207045,0.48084919066075565,0.4167342539094442,0.03803457853393699,0.3640663383172888,0.36720471038419056,0.42725567146619226,0.46278878648058724,0.48084919066075565,0.43596599552409626,0.03071282064190708,0.3424522691370104,0.37973393006601397,0.4423904621557425,0.46358637620426735,0.4799604310186945,0.4159639987160638,0.03796427874127784,0.36339342989857076,0.3665260012726794,0.426465969403641,0.4619334081120447,0.4799604310186945
cohesion_calibrated,nq_179,50,True,15,5,2.0,1.0,5,3;20;28;29;36,,0,0,0,0,1.0066692786750728,0.20133385573501456,10,6.667270105069407,3.3336388907725634,3.3336312142968425,2.3269696120974905,-47.67303038790251,-44.33939917360567,-44.33939917360567,True,2.3269696120974905,0.0,3003,0.06778493814989266,0.2491472897998189,0.0002474418406160379,0.0004593556259699065,0.0007020185965363528,0.003783904413214909,1.0,0.20133385573501456,0.39933451896958794,0.0005480920328847855,0.0005839102564015243,0.0019815484635676748,0.6014008002347776,1.0,0.7094113157534089,0.04794959338408136,0.5842075905476081,0.6459444708176633,0.7125951705462165,0.7640206489023265,0.828604235344252,0.6667270105069406,0.05260811189852852,0.5842075905476081,0.6148992167329536,0.6596162591620061,0.7414922108176878,0.7728240796907412,0.35470606627314377,0.02397482429583381,0.29210413159251575,0.32297260726845106,0.35629799550244046,0.38201076428529845,0.41430259468597086,0.3333638890772564,0.02630408623488997,0.29210413159251575,0.30744996235385347,0.3298085093112464,0.37074653227372745,0.3864124847474963,0.35470524948026516,0.02397476908824755,0.2921034589550923,0.32297186354921226,0.356297175043776,0.38200988461702806,0.4143016406582811,0.3333631214296843,0.02630402566363855,0.2921034589550923,0.3074492543791001,0.32980774985075967,0.3707456785439604,0.3864115949432449
cohesion_calibrated,nq_180,50,True,15,5,2.0,1.0,5,10;13;14;38;42,1;5;13;41,1,1,3,1,4.972552594584754,0.9945105189169509,10,8.274921466995517,4.13782639883453,4.137095068160987,-0.8347261957502239,-50.83472619575022,-46.69763112758923,-46.69763112758923,True,-0.8347261957502239,0.0,3003,0.9957791418140481,0.003912210215128224,0.9891170623516706,0.9899113212695677,0.9975258246923956,0.9999856213597679,1.0,0.9945105189169509,0.0037274960634066795,0.9896686012381866,0.9905957970040008,0.9934376291348541,0.9989706991969155,0.9999339488665954,0.8759221492643516,0.04641413461978819,0.775536584144969,0.8195378192133799,0.8756937551752871,0.9422634860874212,0.9719446373616691,0.8274921466995517,0.05955515896664693,0.775536584144969,0.7783414039397912,0.8071672269729124,0.9397504274923408,0.9448579894325054,0.43799978126751654,0.023209118331191925,0.3878025627114689,0.40980512464194496,0.43788557413034457,0.47117338127512365,0.48601526850997334,0.41378263988345304,0.029780211201019747,0.3878025627114689,0.38920509655269986,0.403619281870387,0.46991674092656976,0.47247074759768914,0.437922367996835,0.023205016288596263,0.38773402143350005,0.4097326945714349,0.43780818104494257,0.47109010481229757,0.4859293688516958,0.41370950681609864,0.029774947765627186,0.38773402143350005,0.3891363073870914,0.40354794510252534,0.4698336865657711,0.4723872418348163
cohesion_calibrated,nq_181,50,True,15,5,2.0,1.0,5,5;17;30;42;48,17;30,1,1,2,2,3.0622917643991716,0.6124583528798344,10,7.808408263231524,3.9116194448481405,3.8967888183833836,0.8493276804489689,-49.150672319551035,-45.25388350116765,-45.25388350116765,True,0.8493276804489689,0.0,3003,0.22751660114509792,0.32893159423636675,0.009976124787162857,0.013864149244307362,0.03583732772204152,0.7966462875125462,1.0,0.6124583528798344,0.31599580229288515,0.16150424476190792,0.2386045195413677,0.6563663262173884,0.9560665046837273,1.0,0.7896814437952419,0.05612247253673101,0.6907405727705249,0.7296015279011461,0.7825147168040926,0.8637835382777291,0.9962307642458018,0.7808408263231523,0.06401528693282724,0.731191527903169,0.7347818403889212,0.7699792190119652,0.8088938866081287,0.9631256282932871,0.39559064877927647,0.028114533393618944,0.3460262533297068,0.36549363549133057,0.39200047934788257,0.4327120676280538,0.49906146010955027,0.39116194448481406,0.03206843606181399,0.3662901454477205,0.36808871125766673,0.3857208260227062,0.4052151154255453,0.48247745359365557,0.3940907950159654,0.028007939143112073,0.3447143194408181,0.36410789240981556,0.39051423745621,0.4310714706496753,0.49716930413625154,0.3896788818383383,0.03194685087101324,0.3649013824554485,0.36669312913125457,0.384258392989259,0.40367877118258344,0.4806481746996315
cohesion_calibrated,nq_182,50,True,15,5,2.0,1.0,5,1;3;35;36;39,,0,0,0,0,4.963170326392718,0.9926340652785438,10,6.806500050880309,3.4032677990954907,3.403232251784819,-1.5599025272972273,-51.559902527297226,-48.15667027551241,-48.15667027551241,True,-1.5599025272972273,0.0,3003,0.9942516889073626,0.008355602831916104,0.974859585928369,0.9804642336516942,0.999068683690197,0.999951955904653,1.0,0.9926340652785438,0.00954769200196513,0.974859585928369,0.9810592055292332,0.998898562290544,0.9996183892079263,0.9999848595530793,0.74416474750175,0.07415492533998352,0.625388138827592,0.6613880272692205,0.7262852640397822,0.8495384783445482,0.9962264504719673,0.680650005088031,0.06849451839202951,0.6319615526860222,0.6353600404069845,0.6517038305486882,0.729202133902106,0.8746125533955563,0.37208431697097877,0.03707765630902424,0.31269570247530304,0.330695740701789,0.36314452855171536,0.4247714575523513,0.4981158266589521,0.340326779909549,0.034247438054158176,0.31598242656952086,0.31768167930439395,0.3258536170534051,0.36460297109963175,0.4373085605532046,0.3720804305307712,0.03707726903095928,0.312692436352289,0.33069228656743155,0.36314073548806686,0.42476702079219686,0.49811062381301524,0.3403232251784819,0.034247080337871334,0.3159791261165013,0.3176783611025905,0.3258502134952831,0.3645991628024743,0.4373039928423517
cohesion_calibrated,nq_183,50,True,15,5,2.0,1.0,5,2;17;21;38;43,12;27;29;49,1,0,1,0,1.847502936738838,0.3695005873477676,10,6.278008647688827,3.140711930502573,3.1372967171862554,1.2932089937637348,-48.706791006236266,-45.56949428905001,-45.56949428905001,True,1.2932089937637348,0.0,3003,0.14176797507753375,0.2648389863080882,0.016035280621141602,0.017321802307024046,0.025497062606866183,0.3903036841767201,1.0,0.3695005873477676,0.3638030827805681,0.016035280621141602,0.06237405015125516,0.14723793413021188,0.8209390070164237,1.0,0.6620918068628784,0.08831575455407248,0.5089884565547277,0.5530517877004992,0.6574909596590299,0.7810987163272636,0.9636865476485716,0.6278008647688827,0.08789508726303272,0.5222554752686903,0.5296201440681239,0.617121323217528,0.7200954596827964,0.8149103521189447,0.3312259911696311,0.04418189899776967,0.2546326721894567,0.2766763229063376,0.32892431614583734,0.39076181555952444,0.4821053947701925,0.3140711930502572,0.04397145093153019,0.2612697901508158,0.2649541277267279,0.3087285174591706,0.360243594465114,0.4076768301573196,0.3308658156932473,0.04413385555630281,0.254355784365271,0.27637546479416164,0.3285666435131926,0.39033690076773914,0.48158115287837916,0.31372967171862554,0.04392363633150252,0.2609856851178745,0.26466601634139597,0.30839280575835737,0.3598518652176824,0.4072335219616251
cohesion_calibrated,nq_184,50,True,15,5,2.0,1.0,5,0;2;15;28;36,0;2;4;9,1,1,4,2,3.118788996243619,0.6237577992487238,10,8.289451448847501,4.2132562200770725,4.076195228770427,1.0944672238334534,-48.905532776166545,-44.82933754739613,-44.82933754739612,True,1.0944672238334534,0.0,3003,0.23114564344682711,0.30762909811286937,0.005972537797005182,0.011969566813629404,0.053189897548749906,0.6701995128777096,1.0,0.6237577992487238,0.22664704814834313,0.3403776885556173,0.38651467441403675,0.6170758990704591,0.8822461021663508,1.0,0.784979756975742,0.06645168237776253,0.6241596846106072,0.7059066872251408,0.7905351624388081,0.8704872491327056,0.9935238292823434,0.8289451448847499,0.05107942371885979,0.7712460796280212,0.789120778715008,0.8044845561683313,0.9107963806425216,0.9336981821084636,0.39897945770253085,0.03377521007757635,0.31723989093061206,0.3587892104921888,0.40180308804366366,0.44244011072844447,0.5049755679672399,0.42132562200770723,0.02596199531771907,0.391999080066341,0.40108420319843,0.4088931072397335,0.4629279198564235,0.4745681542039889,0.3860002992732112,0.03267647230018617,0.30691979367999517,0.34711747673295196,0.3887320743951444,0.4280471384042611,0.48854826131510354,0.4076195228770427,0.025117428401140715,0.3792469995616802,0.38803657551657794,0.39559144892859777,0.44786846078609804,0.45913002790447466
cohesion_calibrated,nq_185,50,True,15,5,2.0,1.0,5,20;25;37;43;48,,0,0,0,0,1.664934584179525,0.332986916835905,10,6.993636784822675,3.4993546219904395,3.494282162832234,1.8344200378109146,-48.165579962189085,-44.67129779935685,-44.67129779935685,True,1.8344200378109146,0.0,3003,0.11735166193912017,0.2522913969174978,0.0037025860712918933,0.004010259778746642,0.009834926345833099,0.2701041015937351,1.0,0.332986916835905,0.34794128145091,0.019760197486447417,0.06560694311508178,0.1818714674364567,0.731570343079435,1.0,0.7426361534831516,0.06846902373447918,0.56072046401286,0.6478288317386502,0.7612724397684623,0.8131771743287904,0.9686841064890898,0.6993636784822674,0.07284522866797562,0.5825945189584022,0.5920758808232258,0.7175484757699019,0.7685039945795401,0.8187251929024747,0.3715873923833406,0.03425934203337353,0.2805635762563807,0.3241493498093914,0.3809122939411061,0.40688348437825383,0.48469334476271686,0.3499354621990439,0.03644903152283083,0.2915085363151403,0.29625265564607794,0.3590344555263127,0.38453069385676086,0.4096595056438768,0.37104876109981094,0.03420968170110564,0.28015688775647934,0.3236794819292588,0.38036014582735617,0.4062936899505366,0.4839907617263729,0.3494282162832235,0.0363961971451448,0.2910859826432619,0.29582322517714776,0.3585140202435892,0.38397330072277924,0.4090656872585979
cohesion_calibrated,nq_186,50,True,15,5,2.0,1.0,5,2;6;7;22;23,0;2;6;7;13;15;18;22;34;38;49,1,1,8,4,4.900224304979085,0.980044860995817,10,8.177049319898,4.0926852056132,4.084364114284798,-0.8075390993658855,-50.80753909936588,-46.72317498508109,-46.72317498508109,True,-0.8075390993658855,0.0,3003,0.8818332823262004,0.11540995273142134,0.6523326258345071,0.715492236679057,0.9389633922635613,0.9914998646527383,1.0,0.980044860995817,0.014331894388859859,0.962531594236021,0.9636218062981009,0.9825295306239975,0.9959624222911385,1.0,0.8486696374478822,0.04386473822756434,0.7110169338648752,0.7935894756359209,0.8473178662957584,0.9018287900983148,0.9470220094397225,0.8177049319897998,0.039344800119913474,0.750261190608375,0.7577717371258819,0.8223532009015129,0.8683923391596229,0.882152918886229,0.4247666283709528,0.02195468783038816,0.3558702378238233,0.3971985222544781,0.424090055003319,0.4513732524824084,0.47399285681113934,0.40926852056131996,0.019692418997246195,0.3755123339756185,0.3792714286582776,0.4115950200921944,0.4346380142893357,0.44152530564157183,0.42390300907692935,0.02191005039717618,0.35514669604105187,0.39639095338144276,0.42322781129243947,0.4504555376159065,0.47302915262858314,0.40843641142847986,0.019652381122667283,0.37474885663275653,0.3785003084676042,0.4107581808093185,0.4337543248702872,0.4406276132446572
cohesion_calibrated,nq_187,50,True,15,5,2.0,1.0,5,0;2;9;12;30,0;5;17,1,1,2,1,3.2308272416378596,0.646165448327572,10,7.784468621893892,3.8935820332938387,3.8908865886000554,0.6627547916559791,-49.33724520834402,-45.44635861974397,-45.44635861974397,True,0.6627547916559791,0.0,3003,0.23038567751767325,0.37254537380042735,0.0013185817402846189,0.0021296256537053837,0.020454153910547966,0.9425949261321978,1.0,0.646165448327572,0.3948285353520062,0.020454153910547966,0.14867631835401382,0.8951159374633084,0.9896990340979163,1.0,0.7814856103539912,0.05256510438775167,0.658915839617631,0.7094988296434929,0.7804392082132934,0.8480232373511889,0.9418952722938317,0.7784468621893893,0.06740154282888126,0.6678225029220137,0.6957648317235396,0.7844421881530106,0.8536212441628819,0.8762502394473445,0.39087810350909835,0.026291652772128644,0.3295719976791117,0.35487225010752493,0.39035472127551046,0.42415843664393293,0.4711107061480373,0.38935820332938376,0.03371244062012411,0.3340268713388253,0.34800287338526187,0.3923569042798947,0.42695840923075307,0.43827682462307294,0.3906075068448929,0.02627345161562303,0.3293438419385193,0.354626579535968,0.3900844869377829,0.4238648007072559,0.47078456614579445,0.3890886588600055,0.03368910220875715,0.3337956315831884,0.3477619583382778,0.3920852838731158,0.4266628349321288,0.43797341482427155
cohesion_calibrated,nq_188,50,True,15,5,2.0,1.0,5,8;25;33;38;40,40,1,1,1,1,1.0024302216208807,0.20048604432417613,10,6.682250384102587,3.3411368228629037,3.341113561239683,2.338706601242023,-47.66129339875798,-44.320179837518296,-44.320179837518296,True,2.338706601242023,0.0,3003,0.06707420968616544,0.24933541839438123,3.46017424409155e-05,5.100650497353183e-05,0.00023514677329520946,0.0015634845869884188,1.0,0.20048604432417613,0.3997572502891622,3.46017424409155e-05,7.659223310906844e-05,0.0011211036364123274,0.6004539753091666,1.0,0.7558671760091187,0.09088548832684044,0.561846716979215,0.648119806876233,0.7422953673541692,0.8718140227572765,0.9344287261181643,0.6682250384102588,0.061443826478335926,0.561846716979215,0.590719922019858,0.6624135829014983,0.7459841843341155,0.7791835371536322,0.37793490363151455,0.045442902354438534,0.28092433641365155,0.3240610315250545,0.3711489756815862,0.4359085288172368,0.46721598948189663,0.3341136822862904,0.030722020185410523,0.28092433641365155,0.2953609891893196,0.3312079444167634,0.3729933905921412,0.3895931247871359,0.37793227237760413,0.04544258597240192,0.2809223805655634,0.3240587753511785,0.371146391672583,0.4359054939400397,0.46721273663626767,0.3341113561239683,0.030721806292925407,0.2809223805655634,0.29535893283053843,0.33120563848473505,0.3729907937419743,0.3895904123664963
cohesion_calibrated,nq_189,50,True,15,5,2.0,1.0,5,0;1;2;19;29,,0,0,0,0,1.9855484472870935,0.3971096894574187,10,6.510085577313013,3.255148536192674,3.254937041120338,1.2696000889055805,-48.730399911094416,-45.47546286997408,-45.47546286997408,True,1.2696000889055805,0.0,3003,0.13329904745622448,0.33699252667723717,1.7785387668592137e-05,3.15237702504615e-05,9.758779585816644e-05,0.5954116588526022,1.0,0.3971096894574187,0.48608147929585743,3.5663416596916944e-05,6.0433168301416744e-05,0.0006024340965124087,0.9939251047912504,1.0,0.6919537512714714,0.07629402624939295,0.539617305514358,0.5976188942811844,0.697555825375988,0.7672445978823808,0.9926413947884674,0.6510085577313012,0.12571398893494418,0.5566457274668415,0.5599545894006822,0.5920466431005631,0.7396444191094951,0.9926413947884674,0.34598811548864855,0.03814825241797525,0.26981741811054555,0.29881915465132874,0.34878924353902463,0.38363476179208544,0.4963368215112749,0.32551485361926735,0.06285903652121066,0.2783319056904732,0.27998639040538087,0.29603293854733337,0.36983422407806404,0.4963368215112749,0.3459656357828229,0.038145773831417706,0.2697998874038125,0.2987997396298557,0.3487665818369634,0.38360983609029536,0.49630457327719246,0.3254937041120338,0.0628549524137335,0.27831382177636826,0.2799681989953013,0.29601370455322973,0.36981019503143103,0.49630457327719246
cohesion_calibrated,nq_190,50,True,15,5,2.0,1.0,5,0;3;15;19;41,0;3;15;17,1,1,4,3,4.824221676193318,0.9648443352386634,10,8.298663797050786,4.1744956827509565,4.1241681142998265,-0.6497259934423614,-50.64972599344236,-46.52555787914254,-46.52555787914253,True,-0.6497259934423614,0.0,3003,0.409014951190571,0.43735039575577245,0.00132700387355926,0.00473739131794714,0.08401513331972152,0.9972018940264097,1.0,0.9648443352386634,0.047341062071766804,0.8762878217227301,0.9077405022213175,0.9930335243721173,0.9999923228517085,1.0,0.8071136483231164,0.06068707753944346,0.6886223996290819,0.7289936481664998,0.8013249510481002,0.8924071360769221,0.9802686933800855,0.8298663797050784,0.06311199286276192,0.7603330293976294,0.7808362009519375,0.7990642135489398,0.893036721232062,0.9802686933800855,0.4060042101731628,0.030527558337429178,0.3463992884395212,0.3667073292094835,0.40309230864608864,0.448909586882311,0.4931067854448288,0.4174495682750957,0.031747368995601294,0.38247204927151685,0.3927858061882122,0.4019550847313865,0.4492262885316765,0.4931067854448288,0.4011094381499536,0.030159519202014286,0.34222311118956067,0.36228631895701635,0.39823264240201156,0.44349754919461115,0.4871619079352567,0.41241681142998265,0.03136462386716063,0.3778609801261125,0.3880503947637254,0.3971091288175532,0.44381043270038556,0.4871619079352567
cohesion_calibrated,nq_191,50,True,15,5,2.0,1.0,5,0;8;29;36;47,0;2;6;8;9;30;35;36;47,1,1,8,4,4.825034657983528,0.9650069315967056,10,7.913629567748726,3.9571241018318632,3.956505465916863,-0.8679105561516645,-50.867910556151664,-46.911405090234794,-46.9114050902348,True,-0.8679105561516645,0.0,3003,0.8860718435563272,0.15380032757103038,0.5589092573657104,0.6094553217096726,0.9706383589024273,0.9986608978481035,1.0,0.9650069315967056,0.04881152714163363,0.8696102174686642,0.9100214740421695,0.9870983699941195,0.9990750846473266,1.0,0.838372960436664,0.06329204399781746,0.6513965732261001,0.7520984457534418,0.8514782885332562,0.9063050650853296,0.950210876696935,0.7913629567748726,0.06749658458290095,0.6640118913609583,0.7126139891097103,0.8099805788096242,0.8603913146055989,0.8808266821062378,0.4192192494817307,0.03164849587838563,0.3257237475795798,0.3760786199508558,0.4257724257745393,0.4531879570503707,0.4751425789910839,0.3957124101831863,0.03375093051269936,0.33203189973863073,0.35633484831041834,0.40502194890265786,0.4302292871918164,0.44044776969397054,0.4191537109549332,0.03164354811943183,0.32567282564652034,0.3760198258025859,0.42570586275871697,0.45311710803495886,0.47506829770585113,0.3956505465916863,0.03374565407020159,0.33197999162232755,0.356279140799292,0.40495862990696635,0.4301620274137825,0.4403789124122673
cohesion_calibrated,nq_192,50,True,15,5,2.0,1.0,5,0;3;6;13;37,3;11;22,1,1,3,1,1.9542509836729094,0.3908501967345819,10,7.762841816988372,3.8833339507720748,3.8795078662162963,1.9290829670991654,-48.07091703290084,-44.19140916668454,-44.19140916668454,True,1.9290829670991654,0.0,3003,0.14430088051580234,0.3031830452190974,0.003250597256065685,0.004076001336977908,0.017374292874895978,0.5369068168980936,1.0,0.3908501967345819,0.42885580929773853,0.003872266656092638,0.009273077143613974,0.11447918793529319,0.9274100944826511,1.0,0.8117167797592921,0.055032519209374145,0.6336708821690412,0.7375392126281956,0.8215084330880476,0.8667801245201116,0.9282989067069218,0.7762841816988372,0.06696776870339574,0.6336708821690412,0.7117629682467431,0.7796887096045608,0.8351210760079764,0.8861784256323648,0.40605842596874336,0.027529821588608464,0.3169916002870956,0.3689513623937169,0.4109566656472247,0.43360366792959454,0.4643782194544476,0.38833339507720754,0.03350038760859861,0.3169916002870956,0.3560568880131059,0.3900364980276908,0.4177663417499905,0.4433075989219354,0.40565835379054865,0.027502697620765678,0.3166792818819456,0.36858785023447865,0.41055176744082283,0.433176456590517,0.4639206872524742,0.38795078662162963,0.03346738109479713,0.3166792818819456,0.3557060802336372,0.38965221157687,0.4173547342579858,0.44287082671042943
cohesion_calibrated,nq_193,50,True,15,5,2.0,1.0,5,5;8;29;31;41,,0,0,0,0,1.9492009203025176,0.3898401840605036,10,7.9725342969492425,3.994493631086213,3.9780406658630305,2.0452927107836953,-47.9547072892163,-43.976666623353275,-43.976666623353275,True,2.0452927107836953,0.0,3003,0.15225003052805963,0.26133478658846815,0.0026815559412576937,0.002948962574423075,0.054674011144015315,0.40301738248234575,1.0,0.3898401840605036,0.3423533667949841,0.08518430106042374,0.0988759976832484,0.21872231746209625,0.810352303665005,1.0,0.8293139549958383,0.06546379415721089,0.6664616877247251,0.7469626323031171,0.8184856375518921,0.9110222935150468,0.9606280645615027,0.7972534296949243,0.05251397513317958,0.7280277928605742,0.7438111592636352,0.7898664524259311,0.8587962741058879,0.9057319459115851,0.4155127075049928,0.03279944608426218,0.3339185342856521,0.3742520717077311,0.41008737555229435,0.4564511877504159,0.48130525913221134,0.3994493631086213,0.02631117426396957,0.3647651140175246,0.3726730833314042,0.3957482522002288,0.43028428847640476,0.45380055508818373,0.4138012474908455,0.03266434807294872,0.33254315343907304,0.372710560595386,0.4083982619995977,0.45457110576463094,0.4793228054292914,0.397804066586303,0.026202800869210008,0.3632626788430496,0.37113807593223097,0.39411820022570226,0.42851198562948317,0.4519313908234014
cohesion_calibrated,nq_194,50,True,15,5,2.0,1.0,5,0;1;15;19;40,0;1;19,1,1,3,3,2.9579913947709304,0.5915982789541862,10,7.197537680083782,3.598916224304344,3.598621455779438,0.6409248295334136,-49.35907517046659,-45.760453714687145,-45.760453714687145,True,0.6409248295334136,0.0,3003,0.19889853996873313,0.392047906923256,0.00025783971147591545,0.00036549925451448217,0.0037286003431412757,0.9791826624019266,1.0,0.5915982789541862,0.47934830775867016,0.0002760074379971123,0.0040452539776688525,0.9481354786276381,0.9999523139672476,1.0,0.7269382192822506,0.062987034280679,0.6176098455120703,0.6619028116434199,0.7203710146810354,0.8011492959699319,0.9943174468111927,0.7197537680083783,0.10035961128334694,0.6437493216649084,0.6440794051415545,0.6738526099344726,0.7997391001724067,0.9858582577058477,0.36348399518366226,0.031494806928320365,0.30881756957715795,0.33096495963164413,0.36020025840614744,0.400591053150642,0.4971790840831025,0.35989162243043443,0.05018186070938504,0.3218878429126593,0.3220528914101147,0.33694010347366055,0.39988592637524456,0.49294931631128164,0.3634542240985883,0.03149222735235864,0.3087922759349124,0.3309378520117758,0.3601707562748879,0.40055824281928987,0.4971383627280902,0.35986214557794377,0.050177750573961906,0.3218614787522491,0.32202651373143976,0.33691250646081206,0.3998531737971622,0.49290894139456604
cohesion_calibrated,nq_195,50,True,15,5,2.0,1.0,5,8;10;22;30;40,,0,0,0,0,1.8542219335881223,0.37084438671762443,10,9.412237308935344,4.713627432827867,4.698609876107478,2.8594054992397444,-47.14059450076026,-42.44198462465278,-42.441984624652775,True,2.8594054992397444,0.0,3003,0.16526835809746687,0.23734610744672022,0.016220548785174118,0.017620285112330988,0.09319303465162122,0.2673380195157178,1.0,0.37084438671762443,0.3197200621594834,0.10990113831259306,0.15130675814386288,0.25602672457569575,0.7099515531236265,1.0,0.9388646973439227,0.015801677950436646,0.8907180944202108,0.9204245923749419,0.9388147009452671,0.9587827613761741,0.9740944859292562,0.9412237308935344,0.012603699391947063,0.9255738342555417,0.9281598374174822,0.9402520224130534,0.9594938151152488,0.9607241427584309,0.47018134454734944,0.007913445042570272,0.4460696332836276,0.4609465811438069,0.47015630646251255,0.48015626655044347,0.48782434402537017,0.4713627432827866,0.006311904519512965,0.46352530998265795,0.4648203745932719,0.4708761138449633,0.4805123606756453,0.48112850601281865,0.46868335279657336,0.007888232907866374,0.4446484611365832,0.45947801123113496,0.46865839448275454,0.47862649482573066,0.486270141903886,0.46986098761074785,0.006291794872434099,0.4620485242728838,0.4633394628242103,0.4693759085680901,0.4789814544396035,0.47959563674561223
cohesion_calibrated,nq_196,50,True,15,5,2.0,1.0,5,0;11;12;16;46,0;1;5;6;10;12;15;16;22;26;37;38;45;46,1,1,9,4,4.1094968113042665,0.8218993622608535,10,7.703895960752088,3.9078705529133204,3.7960254078387665,-0.20162625839094606,-50.201626258390945,-46.405600850552176,-46.405600850552176,True,-0.20162625839094606,0.0,3003,0.3323353608344203,0.37189723668737973,0.03488359424570146,0.05950999066551177,0.13610943825519342,0.9677275443467585,1.0,0.8218993622608535,0.22823311323770792,0.3895951092491136,0.550890178885258,0.9425690344132441,0.9937999537209738,1.0,0.79924348349028,0.07418704489338092,0.618390669546667,0.7068031524849783,0.8050191415473004,0.8734435705010325,0.9850395099358101,0.7703895960752087,0.09067057163151057,0.625473691476947,0.6502011591014749,0.7700821330923476,0.8181768796556028,0.9850395099358101,0.4054234493367451,0.03763204612620434,0.3136842319820028,0.3585322595702217,0.40835320386091223,0.4430621111943513,0.499670155716709,0.39078705529133206,0.045993463398226755,0.3172771585957571,0.3298203890690534,0.39063109192643786,0.41502758492191516,0.499670155716709,0.3938200341535349,0.03655499876717658,0.3047064375646642,0.3482708929147565,0.39666593768638814,0.4303814593066812,0.48536935421910116,0.3796025407838766,0.044677108233283816,0.30819653288118987,0.32038077003242144,0.3794510411659098,0.40314929473368766,0.48536935421910116
cohesion_calibrated,nq_197,50,True,15,5,2.0,1.0,5,1;3;4;12;32,1,1,1,1,1,3.0338340488706748,0.606766809774135,10,8.366675199396592,4.203965147006311,4.162710052390281,1.1701310981356365,-48.829868901864366,-44.667158849474085,-44.667158849474085,True,1.1701310981356365,0.0,3003,0.21113519399242398,0.3538172841919341,0.0008733009033719595,0.0009191803675002943,0.0041187091405731156,0.8485090712449073,1.0,0.606766809774135,0.3731487503582529,0.0009471358810006885,0.14365172148626473,0.7829895830620031,0.956875492013404,1.0,0.8307665565404094,0.07054647893343914,0.6375313092742788,0.7430644305543633,0.8274012824483625,0.9199940046067858,0.982304086126195,0.8366675199396593,0.09463757303228476,0.670603613411473,0.7425779432583413,0.8422637125680097,0.947913252057957,0.982304086126195,0.4174314845216186,0.035447167675587817,0.32033745071252,0.37336419707746343,0.41574055058957016,0.4622651935981243,0.493573856211633,0.4203965147006311,0.047552109905459564,0.33695514060849974,0.37311975402353853,0.4232084080997218,0.47629365059186934,0.493573856211633,0.4133350720187907,0.035099311257851325,0.3171938585617588,0.3697002334768999,0.4116607318587924,0.4577288110086615,0.488730229914562,0.4162710052390281,0.0470854631268252,0.3336484728029733,0.3694581892348027,0.4190553044682879,0.4716196014660876,0.488730229914562
cohesion_calibrated,nq_198,50,True,15,5,2.0,1.0,5,4;20;21;37;45,0;1;4;5;11;12;15;16;18;20;21;37;45;48,1,1,14,5,4.497473374262016,0.8994946748524033,10,8.340737711705756,4.178226373263544,4.162511338442211,-0.31924700099847225,-50.31924700099847,-46.15673566255626,-46.15673566255626,True,-0.31924700099847225,0.0,3003,0.6499456578317321,0.25683409253129325,0.0018002793060133023,0.3655438491040355,0.6751944472390685,0.9021866522169233,1.0,0.8994946748524033,0.05572441662860671,0.8472670770938318,0.8488869300664178,0.8857355018440469,0.9652616343195364,1.0,0.8376567060035737,0.06394880555391799,0.6754218006813958,0.7280425946102972,0.8468137040246383,0.9090377762987205,0.9428151480186957,0.8340737711705755,0.04342894269914589,0.7791128757121243,0.7910324719436175,0.8305096541511331,0.8763603060088531,0.9379473969300774,0.41961748010050226,0.03203464671105681,0.3383471916067509,0.36470716078156845,0.4242046055987466,0.4553752608589583,0.47229576720000527,0.41782263732635433,0.021755384238238234,0.3902904128589195,0.3962614400095734,0.4160372211865887,0.4390057414116506,0.4698573059175694,0.4180392259030715,0.031914158842861175,0.33707460907464487,0.36333543382872874,0.42260909842589167,0.4536625154397622,0.47051938081869044,0.41625113384422113,0.021673558460907662,0.38882246285320476,0.3947710319340441,0.4144724329645444,0.43735456459720246,0.46809009101250804
cohesion_calibrated,nq_199,50,True,15,5,2.0,1.0,5,7;10;19;29;34,1;7;9;11;16;17;19;45,1,1,7,2,4.879598961921775,0.975919792384355,10,7.783596190717228,3.892969485340727,3.890626705376501,-0.9866294765810477,-50.98662947658105,-47.096002771204546,-47.096002771204546,True,-0.9866294765810477,0.0,3003,0.8524995835907525,0.2691780077071182,0.2093888624277644,0.3705173904337835,0.980031651558279,0.9997929716959272,1.0,0.975919792384355,0.02046722456636078,0.9393299537378131,0.9524588814599443,0.980031651558279,0.9952065902016465,0.9998627838431488,0.8320263269285668,0.06655562124422776,0.672332835355094,0.746093257836076,0.8334738437990069,0.9166084779775862,0.9906435147351497,0.7783596190717228,0.05631549708361128,0.7163282353438636,0.7213320396291322,0.7650616930222687,0.8353670037972669,0.9167755073305484,0.4161383790176521,0.03328782689043877,0.3362676002066356,0.37315891199985995,0.41686235529649085,0.4584421837077013,0.49547084396720986,0.38929694853407276,0.028166223725705875,0.35827192127559093,0.3607745764642554,0.38264598424193974,0.4178092202061689,0.4585257235212149,0.41588794791091477,0.03326779435378899,0.33606523514845843,0.37293434583621604,0.41661148850251606,0.4581662942698849,0.4951726707679398,0.38906267053765003,0.0281492733579054,0.35805631406827265,0.36055746316487675,0.3824157087803289,0.417557783591098,0.45824978380933346
cohesion_disabled,nq_0,50,True,15,5,2.0,1.0,5,0;1;25;32;37,0;1;4;38,1,1,3,2,4.651345229987886,0.9302690459975771,10,8.54112862304598,4.27056431152299,4.27056431152299,-0.3807809184648958,-50.38078091846489,-46.110216606941904,-46.110216606941904,True,-0.3807809184648958,0.0,3003,0.6954076668625202,0.22858955068262507,0.2905352114913259,0.3477799280138798,0.7782883320883904,0.9707335292412549,1.0,0.9302690459975771,0.06258803143681826,0.8392681420813102,0.8565923480079869,0.9348276468194453,0.9978683136756512,1.0,0.84504695520103,0.05480203067357499,0.7315275149424315,0.7803308574414901,0.8371791211299134,0.9182245904344735,0.9546248272224303,0.8541128623045979,0.05306950606707552,0.7935596433002927,0.7957951283410465,0.849582073861139,0.932401675562219,0.9339137450017412,0.422523477600515,0.027401015336787495,0.36576375747121576,0.39016542872074506,0.4185895605649567,0.45911229521723673,0.4773124136112151,0.42705643115229897,0.02653475303353776,0.39677982165014636,0.39789756417052324,0.4247910369305695,0.4662008377811095,0.4669568725008706,0.422523477600515,0.027401015336787495,0.36576375747121576,0.39016542872074506,0.4185895605649567,0.45911229521723673,0.4773124136112151,0.42705643115229897,0.02653475303353776,0.39677982165014636,0.39789756417052324,0.4247910369305695,0.4662008377811095,0.4669568725008706
cohesion_disabled,nq_1,50,True,15,5,2.0,1.0,5,1;12;30;43;48,0;1;7;9;14;30,1,1,5,2,4.953911101777492,0.9907822203554983,10,7.231898500225278,3.615949250112639,3.615949250112639,-1.3379618516648528,-51.33796185166485,-47.72201260155222,-47.722012601552215,True,-1.3379618516648528,0.0,3003,0.8639052672390833,0.16388658889443072,0.5558162086154392,0.6006478350684598,0.975722234362328,0.9990451281563338,1.0,0.9907822203554983,0.008221658782613026,0.975722234362328,0.981531145366935,0.9923038044660316,0.9982562204301149,1.0,0.8002189231544901,0.07068623992456836,0.5748703822428153,0.6940824859924525,0.8198892321751923,0.8661154586975607,0.9804006111199353,0.7231898500225278,0.0720891293767687,0.5748703822428153,0.6449385270722676,0.727373102895465,0.8035481954222434,0.8305628905463935,0.40010946157724503,0.03534311996228418,0.28743519112140764,0.34704124299622624,0.40994461608759614,0.43305772934878034,0.49020030555996763,0.3615949250112639,0.03604456468838435,0.28743519112140764,0.3224692635361338,0.3636865514477325,0.4017740977111217,0.41528144527319677,0.40010946157724503,0.03534311996228418,0.28743519112140764,0.34704124299622624,0.40994461608759614,0.43305772934878034,0.49020030555996763,0.3615949250112639,0.03604456468838435,0.28743519112140764,0.3224692635361338,0.3636865514477325,0.4017740977111217,0.41528144527319677
cohesion_disabled,nq_2,50,True,15,5,2.0,1.0,5,0;1;32;37;47,0;1;6;7;16;19;22;23;32;33;35;38;45,1,1,5,3,2.577519988485161,0.5155039976970321,10,6.9611088309995095,3.4805544154997548,3.4805544154997548,0.9030344270145938,-49.096965572985404,-45.61641115748566,-45.61641115748565,True,0.9030344270145938,0.0,3003,0.22484116569570436,0.28837841613678655,0.03044310099209357,0.03299282421648798,0.12450390732661144,0.6398982811870063,1.0,0.5155039976970321,0.34003029074323676,0.1675297902923603,0.19365374683071473,0.33196014372863014,0.9380761491303696,1.0,0.6836549450417442,0.07819619538884955,0.5294433976582195,0.5848300682742998,0.6826258850143849,0.7601253642533016,0.9914678296876349,0.696110883099951,0.1290005241152224,0.5294433976582195,0.5450017873505875,0.6982608293433419,0.7979585093999697,0.9914678296876349,0.3418274725208721,0.03909809769442477,0.26472169882910973,0.2924150341371499,0.34131294250719246,0.3800626821266508,0.49573391484381746,0.3480554415499755,0.0645002620576112,0.26472169882910973,0.27250089367529373,0.34913041467167094,0.39897925469998485,0.49573391484381746,0.3418274725208721,0.03909809769442477,0.26472169882910973,0.2924150341371499,0.34131294250719246,0.3800626821266508,0.49573391484381746,0.3480554415499755,0.0645002620576112,0.26472169882910973,0.27250089367529373,0.34913041467167094,0.39897925469998485,0.49573391484381746
cohesion_disabled,nq_3,50,True,15,5,2.0,1.0,5,4;29;37;45;49,4;6;24;29;37;45;47;49,1,1,8,5,4.886831560180945,0.9773663120361891,10,8.856787463091608,4.428393731545804,4.428393731545804,-0.45843782863514093,-50.45843782863514,-46.030044097089345,-46.03004409708934,True,-0.45843782863514093,0.0,3003,0.6488217968144936,0.373874638717219,0.11628361549214983,0.1269956989650969,0.8773408311169042,0.9959425045269324,1.0,0.9773663120361891,0.031190666060200142,0.9166791270391447,0.9417499170367502,0.9926764706912634,0.9992479441669514,1.0,0.8770839478405789,0.05203005428390668,0.7335027086765308,0.7959126644359245,0.885940961482407,0.9362356605323047,0.9648015792053208,0.8856787463091609,0.03960406417755598,0.8235275241142893,0.8388334778521304,0.8875584679418291,0.9213332469499077,0.9587757464696431,0.43854197392028943,0.02601502714195334,0.3667513543382654,0.3979563322179622,0.4429704807412035,0.46811783026615233,0.4824007896026604,0.44283937315458044,0.01980203208877799,0.41176376205714466,0.4194167389260652,0.44377923397091457,0.46066662347495385,0.47938787323482157,0.43854197392028943,0.02601502714195334,0.3667513543382654,0.3979563322179622,0.4429704807412035,0.46811783026615233,0.4824007896026604,0.44283937315458044,0.01980203208877799,0.41176376205714466,0.4194167389260652,0.44377923397091457,0.46066662347495385,0.47938787323482157
cohesion_disabled,nq_4,50,True,15,5,2.0,1.0,5,0;16;26;29;40,0;3;7;16;24;26;27;33;40;47,1,1,10,4,4.92330446547078,0.984660893094156,10,8.538989055969182,4.269494527984591,4.269494527984591,-0.653809937486189,-50.65380993748619,-46.384315409501596,-46.384315409501596,True,-0.653809937486189,0.0,3003,0.9113224950959051,0.11993890459505818,0.565046861290938,0.7578513971947919,0.9536035261757196,0.9934595014659637,1.0,0.984660893094156,0.015235231736811027,0.9573064170726214,0.9666835562601132,0.9884488427406037,0.9987199762464815,1.0,0.8621608599217513,0.049494517849883235,0.7828573157131418,0.801528309997786,0.8540748480942886,0.9390994381775845,0.9961978873983273,0.8538989055969182,0.037165515244139136,0.7936334192159885,0.8048739331658882,0.8576456948968794,0.8991801478727514,0.9274032216896974,0.43108042996087564,0.024747258924941617,0.3914286578565709,0.400764154998893,0.4270374240471443,0.46954971908879223,0.49809894369916363,0.4269494527984591,0.018582757622069568,0.39681670960799426,0.4024369665829441,0.4288228474484397,0.4495900739363757,0.4637016108448487,0.43108042996087564,0.024747258924941617,0.3914286578565709,0.400764154998893,0.4270374240471443,0.46954971908879223,0.49809894369916363,0.4269494527984591,0.018582757622069568,0.39681670960799426,0.4024369665829441,0.4288228474484397,0.4495900739363757,0.4637016108448487
cohesion_disabled,nq_5,50,True,15,5,2.0,1.0,5,0;5;8;10;21,19;44,1,0,2,0,3.6462572718587354,0.7292514543717471,10,8.888063393982742,4.444031696991371,4.444031696991371,0.7977744251326357,-49.20222557486736,-44.758193877875996,-44.758193877875996,True,0.7977744251326357,0.0,3003,0.34472967078393685,0.2965196778300248,0.041979128378639076,0.05062070202353751,0.24670706198671444,0.727691902733077,1.0,0.7292514543717471,0.14812555477582529,0.5748247679972405,0.5971748237321418,0.6837382759156182,0.9027977282445532,1.0,0.8577232414320025,0.041658605204728735,0.7706363317502762,0.8021359459682343,0.8579986361669506,0.9151032761107717,0.9498130575018967,0.8888063393982742,0.03318003622246618,0.8253358999437135,0.8515022859569994,0.8908637194271076,0.9205579341626748,0.9401880407050404,0.42886162071600126,0.020829302602364368,0.3853181658751381,0.40106797298411717,0.4289993180834753,0.45755163805538585,0.47490652875094835,0.4444031696991371,0.01659001811123309,0.41266794997185674,0.4257511429784997,0.4454318597135538,0.4602789670813374,0.4700940203525202,0.42886162071600126,0.020829302602364368,0.3853181658751381,0.40106797298411717,0.4289993180834753,0.45755163805538585,0.47490652875094835,0.4444031696991371,0.01659001811123309,0.41266794997185674,0.4257511429784997,0.4454318597135538,0.4602789670813374,0.4700940203525202
cohesion_disabled,nq_6,50,True,15,5,2.0,1.0,5,0;3;5;11;12,9;33,0,0,0,0,2.7910423166953375,0.5582084633390675,10,9.058967500802558,4.529483750401279,4.529483750401279,1.7384414337059413,-48.261558566294056,-43.73207481589277,-43.73207481589278,True,1.7384414337059413,0.0,3003,0.21775347078789625,0.31845045485524226,0.005132950259452377,0.006384980184301503,0.09252569900760393,0.7228593233951532,1.0,0.5582084633390675,0.35597235486470297,0.21179516982965602,0.23256200892837317,0.33230802089193057,0.9932907433589209,1.0,0.8869005734734968,0.02964309003678438,0.8264856550994403,0.8536430423449258,0.8836788156540736,0.9312960414607308,0.9912544258246628,0.9058967500802557,0.04134476421715397,0.8531181538474404,0.8598464136018997,0.911144196796386,0.9409752679965673,0.9912544258246628,0.4434502867367484,0.01482154501839219,0.41324282754972014,0.4268215211724629,0.4418394078270368,0.4656480207303654,0.4956272129123314,0.45294837504012786,0.020672382108576984,0.4265590769237202,0.42992320680094986,0.455572098398193,0.47048763399828364,0.4956272129123314,0.4434502867367484,0.01482154501839219,0.41324282754972014,0.4268215211724629,0.4418394078270368,0.4656480207303654,0.4956272129123314,0.45294837504012786,0.020672382108576984,0.4265590769237202,0.42992320680094986,0.455572098398193,0.47048763399828364,0.4956272129123314
cohesion_disabled,nq_7,50,True,15,5,2.0,1.0,5,4;9;34;42;49,,0,0,0,0,3.3993854674387642,0.6798770934877528,10,9.030805196519799,4.515402598259899,4.515402598259899,1.116017130821135,-48.883982869178865,-44.36858027091896,-44.36858027091897,True,1.116017130821135,0.0,3003,0.37533909442970875,0.25002774033927777,0.06976390871041713,0.13510334288819043,0.2966788368158298,0.6985045602699089,1.0,0.6798770934877528,0.1826660828696685,0.48682121177011095,0.49903119798057294,0.6931314337676172,0.8808346578419081,1.0,0.9020283108241354,0.03857569694231769,0.7943326014718397,0.8287368790182269,0.9121759359718671,0.9400704756533181,0.959833036820289,0.9030805196519799,0.01592805632759846,0.8821516395633218,0.8840157506795449,0.9023486741241026,0.9118164221402961,0.9442512721648904,0.4510141554120677,0.019287848471158844,0.39716630073591985,0.41436843950911345,0.45608796798593354,0.47003523782665907,0.4799165184101445,0.45154025982598994,0.00796402816379923,0.4410758197816609,0.4420078753397724,0.4511743370620513,0.45590821107014806,0.4721256360824452,0.4510141554120677,0.019287848471158844,0.39716630073591985,0.41436843950911345,0.45608796798593354,0.47003523782665907,0.4799165184101445,0.45154025982598994,0.00796402816379923,0.4410758197816609,0.4420078753397724,0.4511743370620513,0.45590821107014806,0.4721256360824452
cohesion_disabled,nq_8,50,True,15,5,2.0,1.0,5,1;7;18;39;43,,0,0,0,0,1.2787881284364273,0.25575762568728544,10,6.252202546025151,3.1261012730125755,3.1261012730125755,1.8473131445761481,-48.15268685542385,-45.02658558241128,-45.02658558241128,True,1.8473131445761481,0.0,3003,0.09689845531934176,0.25037917961685063,0.00034149855185878434,0.0008316570927742562,0.006410640469217219,0.19640369503060384,1.0,0.25575762568728544,0.385773928015619,0.0004610734896623171,0.0017763511059218015,0.007950803993801277,0.7066507933690611,1.0,0.715233094885228,0.11432537797623439,0.5358401563699648,0.583190048811033,0.6845679582897632,0.8778782067085884,0.9284828564623164,0.625220254602515,0.06038739575687314,0.5651599426267471,0.5654177413784884,0.6057908877249436,0.6930863682380601,0.7697520577727326,0.357616547442614,0.057162688988117195,0.2679200781849824,0.2915950244055165,0.3422839791448816,0.4389391033542942,0.4642414282311582,0.3126101273012575,0.03019369787843657,0.28257997131337353,0.2827088706892442,0.3028954438624718,0.34654318411903007,0.3848760288863663,0.357616547442614,0.057162688988117195,0.2679200781849824,0.2915950244055165,0.3422839791448816,0.4389391033542942,0.4642414282311582,0.3126101273012575,0.03019369787843657,0.28257997131337353,0.2827088706892442,0.3028954438624718,0.34654318411903007,0.3848760288863663
cohesion_disabled,nq_9,50,True,15,5,2.0,1.0,5,15;19;34;43;48,,0,0,0,0,3.542308456279136,0.7084616912558273,10,8.074523201595353,4.0372616007976765,4.0372616007976765,0.49495314451854044,-49.50504685548146,-45.46778525468379,-45.46778525468378,True,0.49495314451854044,0.0,3003,0.2952912138872416,0.3257321819617548,0.02290870881484414,0.024692597946344895,0.10531192533353927,0.8165687886656544,1.0,0.7084616912558273,0.215318398674323,0.42146111880574033,0.45649252618733793,0.7525791573127115,0.9436914171603799,1.0,0.8028197967143825,0.0548417584516134,0.6917062878500331,0.7443901373438356,0.7936123731953348,0.8789932896632668,0.9715507705767298,0.8074523201595352,0.041995619384851,0.7442550252681914,0.7524255337177295,0.8068066099764211,0.8657810959879659,0.8703895572696649,0.40140989835719126,0.0274208792258067,0.34585314392501654,0.3721950686719178,0.3968061865976674,0.4394966448316334,0.4857753852883649,0.4037261600797676,0.0209978096924255,0.3721275126340957,0.37621276685886473,0.40340330498821053,0.43289054799398297,0.43519477863483247,0.40140989835719126,0.0274208792258067,0.34585314392501654,0.3721950686719178,0.3968061865976674,0.4394966448316334,0.4857753852883649,0.4037261600797676,0.0209978096924255,0.3721275126340957,0.37621276685886473,0.40340330498821053,0.43289054799398297,0.43519477863483247
cohesion_disabled,nq_10,50,True,15,5,2.0,1.0,5,5;8;11;42;46,0;1;2;3;5;8;9;11;14;17;23;36;39;42,1,1,7,4,3.7488202508841377,0.7497640501768276,10,7.949576893064805,3.9747884465324024,3.9747884465324024,0.22596819564826465,-49.774031804351736,-45.799243357819336,-45.799243357819336,True,0.22596819564826465,0.0,3003,0.5007304155489777,0.22753863215925263,0.22669412770077685,0.22913772111102734,0.47402294454254706,0.8328641038501784,1.0,0.7497640501768276,0.18558002486166233,0.5542444064698542,0.56601265367924,0.6684119405120023,0.976999551763585,1.0,0.7733554057865185,0.04624587830789768,0.6624707970179882,0.710804866605954,0.7752164084396791,0.8321245995095089,0.929307138028552,0.7949576893064805,0.03294891641692985,0.7355661916940868,0.747746970154733,0.7936063140963306,0.8374507417164526,0.8437152271896872,0.38667770289325926,0.02312293915394884,0.3312353985089941,0.355402433302977,0.38760820421983955,0.41606229975475445,0.464653569014276,0.39747884465324024,0.016474458208464927,0.3677830958470434,0.3738734850773665,0.3968031570481653,0.4187253708582263,0.4218576135948436,0.38667770289325926,0.02312293915394884,0.3312353985089941,0.355402433302977,0.38760820421983955,0.41606229975475445,0.464653569014276,0.39747884465324024,0.016474458208464927,0.3677830958470434,0.3738734850773665,0.3968031570481653,0.4187253708582263,0.4218576135948436
cohesion_disabled,nq_11,50,True,15,5,2.0,1.0,5,0;3;14;32;37,3;7;14;37,1,1,4,3,4.822405174546096,0.9644810349092191,10,7.769646693458948,3.884823346729474,3.884823346729474,-0.9375818278166217,-50.93758182781662,-47.052758481087146,-47.052758481087146,True,-0.9375818278166217,0.0,3003,0.39271962100199687,0.4733303640894587,0.0014370916220352444,0.0015871961488474104,0.021003593819066392,0.99995463334752,1.0,0.9644810349092191,0.06615918057722359,0.8323120353114397,0.8959882871993787,0.9986944419325737,0.99995463334752,0.9999811021960103,0.7481102920107146,0.07157483236133819,0.6209964035212671,0.6747943135156134,0.7296513281865755,0.8367549542706905,0.9891966633331664,0.7769646693458948,0.08161068936957558,0.6958722358301179,0.7129019536533021,0.7473040418546626,0.8526193485243491,0.9779077523569578,0.3740551460053573,0.03578741618066909,0.31049820176063353,0.3373971567578067,0.36482566409328776,0.41837747713534523,0.4945983316665832,0.3884823346729474,0.04080534468478779,0.34793611791505896,0.35645097682665106,0.3736520209273313,0.42630967426217453,0.4889538761784789,0.3740551460053573,0.03578741618066909,0.31049820176063353,0.3373971567578067,0.36482566409328776,0.41837747713534523,0.4945983316665832,0.3884823346729474,0.04080534468478779,0.34793611791505896,0.35645097682665106,0.3736520209273313,0.42630967426217453,0.4889538761784789
cohesion_disabled,nq_12,50,True,15,5,2.0,1.0,5,0;14;21;29;39,0;1;41,1,1,2,1,4.683645611999037,0.9367291223998073,10,7.706736545523187,3.8533682727615934,3.8533682727615934,-0.8302773392374432,-50.83027733923744,-46.976909066475855,-46.97690906647585,True,-0.8302773392374432,0.0,3003,0.7419618985161068,0.2805072304808907,0.15002156486425344,0.29439326449693604,0.9089206893428288,0.9891259270920633,1.0,0.9367291223998073,0.048217733800498624,0.8665476935513193,0.8848701684538687,0.923976952899466,0.9923068338962233,1.0,0.7848749721162018,0.08857639739959748,0.6073458529529993,0.6578385707314264,0.7907486260170352,0.8875094012240874,0.9810396952354722,0.7706736545523187,0.06138215579449056,0.6769357352463435,0.6889358511295827,0.7652684445733582,0.8478426665865423,0.8603001554486251,0.3924374860581009,0.04428819869979874,0.3036729264764996,0.3289192853657132,0.3953743130085176,0.4437547006120437,0.4905198476177361,0.38533682727615937,0.03069107789724528,0.33846786762317177,0.34446792556479133,0.3826342222866791,0.42392133329327114,0.4301500777243126,0.3924374860581009,0.04428819869979874,0.3036729264764996,0.3289192853657132,0.3953743130085176,0.4437547006120437,0.4905198476177361,0.38533682727615937,0.03069107789724528,0.33846786762317177,0.34446792556479133,0.3826342222866791,0.42392133329327114,0.4301500777243126
cohesion_disabled,nq_13,50,True,15,5,2.0,1.0,5,0;1;4;5;31,0;1;3;4;5;16;31,1,1,7,5,4.862721176295766,0.9725442352591532,10,8.473733470427755,4.236866735213877,4.236866735213877,-0.6258544410818887,-50.62585444108189,-46.38898770586801,-46.38898770586801,True,-0.6258544410818887,0.0,3003,0.4646575058671093,0.45421832341159346,0.0038132332008759414,0.0074836396788998515,0.17690415858432743,0.9998283122110779,1.0,0.9725442352591532,0.05325191975534689,0.8660559272771651,0.9186076497047901,0.9994721929694124,0.9999031290811845,1.0,0.7383134855530242,0.08548107604101357,0.5998283077104525,0.6461500072089761,0.7143019527358323,0.8697828434526137,0.9730758912675583,0.8473733470427754,0.045143429981589864,0.7973343155604457,0.8044192151568237,0.8344213787572481,0.91610573781935,0.9415715370489981,0.3691567427765121,0.042740538020506785,0.29991415385522624,0.32307500360448804,0.35715097636791615,0.43489142172630685,0.48653794563377917,0.4236866735213877,0.022571714990794932,0.3986671577802228,0.40220960757841184,0.41721068937862404,0.458052868909675,0.47078576852449905,0.3691567427765121,0.042740538020506785,0.29991415385522624,0.32307500360448804,0.35715097636791615,0.43489142172630685,0.48653794563377917,0.4236866735213877,0.022571714990794932,0.3986671577802228,0.40220960757841184,0.41721068937862404,0.458052868909675,0.47078576852449905
cohesion_disabled,nq_14,50,True,15,5,2.0,1.0,5,10;11;28;31;45,0;1;2;9;11,1,1,5,1,4.900310647844276,0.9800621295688552,10,7.280395526872177,3.6401977634360887,3.6401977634360887,-1.2601128844081875,-51.26011288440819,-47.619915120972095,-47.619915120972095,True,-1.2601128844081875,0.0,3003,0.9820936058471043,0.02007557867297912,0.9447687022372733,0.9502498758326263,0.9916343344960253,0.999998235682689,1.0,0.9800621295688552,0.01931521564426678,0.9447687022372733,0.958823635410797,0.9806734535960574,0.9979815017855748,0.9999825952481481,0.8149801875715768,0.06321091040111151,0.6565833858737296,0.7510948247516791,0.8064011885017052,0.8942575195434357,0.988420034123388,0.7280395526872178,0.04348410834571663,0.6565833858737296,0.6745421975213093,0.7327140112838975,0.7816837536888195,0.7952058646932404,0.4074900937857884,0.03160545520055576,0.3282916929368648,0.37554741237583955,0.4032005942508526,0.44712875977171784,0.494210017061694,0.3640197763436089,0.021742054172858315,0.3282916929368648,0.33727109876065464,0.36635700564194873,0.39084187684440974,0.3976029323466202,0.4074900937857884,0.03160545520055576,0.3282916929368648,0.37554741237583955,0.4032005942508526,0.44712875977171784,0.494210017061694,0.3640197763436089,0.021742054172858315,0.3282916929368648,0.33727109876065464,0.36635700564194873,0.39084187684440974,0.3976029323466202
cohesion_disabled,nq_15,50,True,15,5,2.0,1.0,5,15;17;18;36;49,,0,0,0,0,1.5684782229875203,0.31369564459750404,10,6.7277308414002235,3.3638654207001117,3.3638654207001117,1.7953871977125915,-48.20461280228741,-44.84074738158729,-44.8407473815873,True,1.7953871977125915,0.0,3003,0.11323870017186702,0.2529008943551967,0.0014233246782830713,0.0018663934410029814,0.017702439279364563,0.2744838570374892,1.0,0.31369564459750404,0.36173913556378,0.02253121931865023,0.022861840671895978,0.19534840771386994,0.7308963293012942,1.0,0.695363297925048,0.0420780590263974,0.5951163999469785,0.6392294045116999,0.6939632209543349,0.7521830824932422,0.7810639028989055,0.6727730841400222,0.038927795961306966,0.6007419461771868,0.6330553165802418,0.6791131690941097,0.719477820716063,0.7379943881876815,0.347681648962524,0.0210390295131987,0.29755819997348926,0.3196147022558499,0.34698161047716747,0.3760915412466211,0.39053195144945274,0.3363865420700111,0.019463897980653483,0.3003709730885934,0.3165276582901209,0.33955658454705484,0.3597389103580315,0.36899719409384074,0.347681648962524,0.0210390295131987,0.29755819997348926,0.3196147022558499,0.34698161047716747,0.3760915412466211,0.39053195144945274,0.3363865420700111,0.019463897980653483,0.3003709730885934,0.3165276582901209,0.33955658454705484,0.3597389103580315,0.36899719409384074
cohesion_disabled,nq_16,50,True,15,5,2.0,1.0,5,5;7;27;43;46,4;27,1,1,1,1,3.3698220628839843,0.6739644125767968,10,7.973541831371615,3.9867709156858075,3.9867709156858075,0.6169488528018232,-49.383051147198174,-45.39628023151237,-45.39628023151237,True,0.6169488528018232,0.0,3003,0.2767836658072834,0.34651042148037947,0.020970955058019457,0.025237623113477093,0.09368226445974033,0.8815569507128245,1.0,0.6739644125767968,0.32954726637079457,0.10080121749222096,0.280199795419928,0.7513847956767018,0.9873353549614292,1.0,0.8115223619544392,0.060935609241202816,0.6661138707140283,0.7306440613206006,0.8146832059381333,0.88770600047637,0.9465931949063494,0.7973541831371614,0.06994821224951733,0.6661138707140283,0.7048871958328106,0.8158369662203857,0.8727029702203903,0.8754010807403813,0.4057611809772196,0.030467804620601408,0.33305693535701414,0.3653220306603003,0.40734160296906663,0.443853000238185,0.4732965974531747,0.3986770915685807,0.03497410612475867,0.33305693535701414,0.3524435979164053,0.40791848311019285,0.43635148511019517,0.4377005403701906,0.4057611809772196,0.030467804620601408,0.33305693535701414,0.3653220306603003,0.40734160296906663,0.443853000238185,0.4732965974531747,0.3986770915685807,0.03497410612475867,0.33305693535701414,0.3524435979164053,0.40791848311019285,0.43635148511019517,0.4377005403701906
cohesion_disabled,nq_17,50,True,15,5,2.0,1.0,5,1;13;20;22;29,8;12;22;27;28,1,1,3,1,3.4541732124427247,0.690834642488545,10,8.234791843263714,4.117395921631857,4.117395921631857,0.6632227091891325,-49.336777290810865,-45.21938136917901,-45.21938136917901,True,0.6632227091891325,0.0,3003,0.3296365212883904,0.29033752894846027,0.06148911629295474,0.06997189077987512,0.13091426645490062,0.6717974689067406,1.0,0.690834642488545,0.16423552734491184,0.5587252810903992,0.5650776879495852,0.6035375548081793,0.8869216313223127,1.0,0.8060854358688682,0.05618200636593765,0.6657980917813399,0.7276866396906454,0.8112841725445199,0.8787527553471383,0.9311324514888029,0.8234791843263715,0.03817658881959394,0.7619133640651818,0.7888264088284315,0.8121712809874541,0.8782508768837685,0.8896908322021307,0.4030427179344341,0.028091003182968824,0.33289904589066993,0.3638433198453227,0.40564208627225995,0.43937637767356913,0.46556622574440143,0.41173959216318573,0.01908829440979697,0.3809566820325909,0.39441320441421573,0.40608564049372703,0.43912543844188423,0.44484541610106537,0.4030427179344341,0.028091003182968824,0.33289904589066993,0.3638433198453227,0.40564208627225995,0.43937637767356913,0.46556622574440143,0.41173959216318573,0.01908829440979697,0.3809566820325909,0.39441320441421573,0.40608564049372703,0.43912543844188423,0.44484541610106537
cohesion_disabled,nq_18,50,True,15,5,2.0,1.0,5,3;10;18;34;41,0;1;2;4;5;6;7;10;16;17;20;22;25;27;33;36;37;43;49,1,1,8,1,1.8937122567109992,0.37874245134219986,10,8.053153524811632,4.026576762405816,4.026576762405816,2.1328645056948172,-47.86713549430518,-43.840558731899364,-43.84055873189937,True,2.1328645056948172,0.0,3003,0.15361939443605802,0.257929527470913,0.009505688093200194,0.01049057644694883,0.04643039122318151,0.3749743838772662,1.0,0.37874245134219986,0.344799685877518,0.09767301071179196,0.11305885509106003,0.14849173524848225,0.8045639556363051,1.0,0.8152295475896106,0.03492667533151032,0.7513784686799734,0.7697264764504322,0.8149434179816809,0.8560331049575993,0.9187583623871677,0.8053153524811633,0.017954185845475323,0.780024649579194,0.7830068588836426,0.8076644256154368,0.8211198490723608,0.8398851800241024,0.4076147737948053,0.01746333766575516,0.3756892343399867,0.3848632382252161,0.40747170899084045,0.42801655247879966,0.45937918119358384,0.40265767624058163,0.008977092922737661,0.390012324789597,0.3915034294418213,0.4038322128077184,0.4105599245361804,0.4199425900120512,0.4076147737948053,0.01746333766575516,0.3756892343399867,0.3848632382252161,0.40747170899084045,0.42801655247879966,0.45937918119358384,0.40265767624058163,0.008977092922737661,0.390012324789597,0.3915034294418213,0.4038322128077184,0.4105599245361804,0.4199425900120512
cohesion_disabled,nq_19,50,True,15,5,2.0,1.0,5,0;9;11;18;27,0;1;2;3;4;5;6;8;9;11;12;13;15;17;18;21;23;27;31;32;36;43;45;47;49,1,1,14,5,4.934066199304034,0.9868132398608068,10,7.83209567562719,3.916047837813595,3.916047837813595,-1.0180183614904394,-51.01801836149044,-47.10197052367684,-47.10197052367685,True,-1.0180183614904394,0.0,3003,0.834889412523544,0.15337692187017973,0.5857389427525248,0.61462042134446,0.9120099556145781,0.9942853231964713,1.0,0.9868132398608068,0.012327564831334098,0.9672293455038817,0.9727435475887043,0.9860393932702867,0.9999130439255711,1.0,0.8042214599012174,0.05533367125014969,0.6852700868056046,0.7422133379634208,0.7961197326348654,0.8726681313635367,0.9607198672584023,0.783209567562719,0.036250093886057246,0.7052118429451573,0.7364224596726064,0.7926605039990331,0.8169935005380164,0.8364373648259474,0.4021107299506087,0.027666835625074843,0.3426350434028023,0.3711066689817104,0.3980598663174327,0.43633406568176836,0.48035993362920115,0.3916047837813595,0.018125046943028623,0.35260592147257863,0.3682112298363032,0.39633025199951655,0.4084967502690082,0.4182186824129737,0.4021107299506087,0.027666835625074843,0.3426350434028023,0.3711066689817104,0.3980598663174327,0.43633406568176836,0.48035993362920115,0.3916047837813595,0.018125046943028623,0.35260592147257863,0.3682112298363032,0.39633025199951655,0.4084967502690082,0.4182186824129737
cohesion_disabled,nq_20,50,True,15,5,2.0,1.0,5,0;6;9;30;42,0;21;42;48,1,1,4,2,1.835181676421668,0.3670363352843336,10,8.389580345605077,4.194790172802539,4.194790172802539,2.359608496380871,-47.64039150361913,-43.44560133081659,-43.44560133081659,True,2.359608496380871,0.0,3003,0.12836435043567926,0.26289758511116973,3.089860688252585e-05,0.0001852546936059319,0.0029887390139422894,0.3533134101339004,1.0,0.3670363352843336,0.34835435087947564,0.0029887390139422894,0.07310679241298063,0.19516014401906065,0.7834995683508509,1.0,0.8584620281536771,0.03852168527806289,0.7567086688072092,0.8128852222132589,0.8608854598803558,0.9069636486781257,0.9833612363511843,0.8389580345605078,0.04368054969029562,0.7567086688072092,0.7750986961532339,0.8474875505183059,0.875069017554743,0.9130452554345058,0.42923101407683856,0.019260842639031446,0.3783543344036046,0.40644261110662944,0.4304427299401779,0.45348182433906287,0.49168061817559217,0.4194790172802539,0.02184027484514781,0.3783543344036046,0.38754934807661695,0.42374377525915297,0.4375345087773715,0.4565226277172529,0.42923101407683856,0.019260842639031446,0.3783543344036046,0.40644261110662944,0.4304427299401779,0.45348182433906287,0.49168061817559217,0.4194790172802539,0.02184027484514781,0.3783543344036046,0.38754934807661695,0.42374377525915297,0.4375345087773715,0.4565226277172529
cohesion_disabled,nq_21,50,True,15,5,2.0,1.0,5,0;1;3;25;48,0;1;3;16,1,1,4,3,2.023293489889535,0.404658697977907,10,6.604867223791133,3.3024336118955664,3.3024336118955664,1.2791401220060314,-48.720859877993966,-45.41842626609841,-45.4184262660984,True,1.2791401220060314,0.0,3003,0.14107293565172008,0.3159501698046642,0.0009190956788062148,0.0014504074310666471,0.0077470374689247576,0.5818261858282185,1.0,0.404658697977907,0.441661608891698,0.0015317577658026783,0.00401786964705151,0.13291315482332916,0.9524406159325914,1.0,0.6682120749456636,0.0902621133301983,0.48737675803338143,0.5314564219883379,0.6763840830102625,0.7587789175851242,0.9300924316791355,0.6604867223791133,0.1304374023652668,0.48737675803338143,0.5293295010112413,0.628105346763106,0.8180793571265226,0.9300924316791355,0.3341060374728318,0.04513105666509915,0.24368837901669071,0.26572821099416893,0.33819204150513127,0.3793894587925621,0.46504621583956773,0.33024336118955666,0.0652187011826334,0.24368837901669071,0.26466475050562066,0.314052673381553,0.4090396785632613,0.46504621583956773,0.3341060374728318,0.04513105666509915,0.24368837901669071,0.26572821099416893,0.33819204150513127,0.3793894587925621,0.46504621583956773,0.33024336118955666,0.0652187011826334,0.24368837901669071,0.26466475050562066,0.314052673381553,0.4090396785632613,0.46504621583956773
cohesion_disabled,nq_22,50,True,15,5,2.0,1.0,5,0;3;5;26;30,0;3;5;12;17;22;24;26;28;31;34;48,1,1,9,4,3.9168099562395193,0.7833619912479038,10,7.779250985182057,3.8896254925910285,3.8896254925910285,-0.02718446364849081,-50.02718446364849,-46.137558971057466,-46.13755897105746,True,-0.02718446364849081,0.0,3003,0.4663939921617695,0.29074850658762286,0.18000368944503914,0.19219023330626983,0.35053350442203085,0.970556242091465,1.0,0.7833619912479038,0.2500338102335794,0.3691553898481414,0.469494523287999,0.9301728183734529,0.9989914098280559,1.0,0.7717241875242173,0.07890030771256175,0.624808113535255,0.6823605008221161,0.7516551904641169,0.912568745066179,0.9763227270039844,0.7779250985182056,0.1050571459027654,0.6627960183337469,0.6704093264649122,0.7665825813818857,0.9030742004271732,0.9763227270039844,0.38586209376210867,0.039450153856280874,0.3124040567676275,0.34118025041105804,0.37582759523205844,0.4562843725330895,0.4881613635019922,0.3889625492591028,0.0525285729513827,0.33139800916687345,0.3352046632324561,0.38329129069094287,0.4515371002135866,0.4881613635019922,0.38586209376210867,0.039450153856280874,0.3124040567676275,0.34118025041105804,0.37582759523205844,0.4562843725330895,0.4881613635019922,0.3889625492591028,0.0525285729513827,0.33139800916687345,0.3352046632324561,0.38329129069094287,0.4515371002135866,0.4881613635019922
cohesion_disabled,nq_23,50,True,15,5,2.0,1.0,5,5;7;8;33;34,5;8;31;33,1,1,4,3,4.975225691185964,0.9950451382371928,10,8.251881144429756,4.125940572214878,4.125940572214878,-0.8492851189710855,-50.84928511897108,-46.72334454675621,-46.72334454675621,True,-0.8492851189710855,0.0,3003,0.7507447675220594,0.24828956432739166,0.33691533701965687,0.3706689950389776,0.747557583242082,0.9981547893163213,1.0,0.9950451382371928,0.00517652377621711,0.985627269342099,0.9888355804256012,0.9970771777974237,0.9995492787982345,1.0,0.836330826979516,0.04365658435366459,0.7527573902845481,0.7847001749816079,0.8286640385253552,0.9056339522141035,0.9326124124819022,0.8251881144429758,0.046539723800880325,0.7710822631795677,0.7742269275097748,0.8143493195749083,0.8838417374166585,0.9265952218029283,0.418165413489758,0.021828292176832294,0.37637869514227407,0.39235008749080397,0.4143320192626776,0.45281697610705174,0.4663062062409511,0.4125940572214879,0.023269861900440163,0.38554113158978387,0.3871134637548874,0.40717465978745415,0.44192086870832925,0.46329761090146415,0.418165413489758,0.021828292176832294,0.37637869514227407,0.39235008749080397,0.4143320192626776,0.45281697610705174,0.4663062062409511,0.4125940572214879,0.023269861900440163,0.38554113158978387,0.3871134637548874,0.40717465978745415,0.44192086870832925,0.46329761090146415
cohesion_disabled,nq_24,50,True,15,5,2.0,1.0,5,0;1;2;4;7,0;2;4;7,1,1,4,4,4.799399813523605,0.9598799627047212,10,9.102010331457288,4.551005165728644,4.551005165728644,-0.248394647794961,-50.24839464779496,-45.69738948206631,-45.69738948206632,True,-0.248394647794961,0.0,3003,0.36910450325593136,0.4463964184866513,0.0021646328049644307,0.0033922230263529586,0.014892892961310479,0.9976131067705598,1.0,0.9598799627047212,0.07559291261409196,0.808725166878413,0.8836153293341622,0.9961066870294212,0.9994469546391942,1.0,0.8103232650275454,0.06992408805889677,0.6545802474284361,0.7063350359124521,0.8148282687560893,0.9006586420856272,0.9928394773274056,0.9102010331457286,0.03274099815975174,0.8764364835091011,0.880561811392627,0.9026524724683546,0.9432574437778863,0.9928394773274056,0.4051616325137727,0.034962044029448386,0.32729012371421806,0.35316751795622603,0.40741413437804463,0.4503293210428136,0.4964197386637028,0.4551005165728643,0.01637049907987587,0.43821824175455054,0.4402809056963135,0.4513262362341773,0.47162872188894317,0.4964197386637028,0.4051616325137727,0.034962044029448386,0.32729012371421806,0.35316751795622603,0.40741413437804463,0.4503293210428136,0.4964197386637028,0.4551005165728643,0.01637049907987587,0.43821824175455054,0.4402809056963135,0.4513262362341773,0.47162872188894317,0.4964197386637028
cohesion_disabled,nq_25,50,True,15,5,2.0,1.0,5,7;15;19;24;43,0;3;5;15;19;24;34;37;41;42;43;45,1,1,8,4,2.775772143902786,0.5551544287805572,10,7.718850651428917,3.8594253257144584,3.8594253257144584,1.0836531818116724,-48.91634681818833,-45.056921492473876,-45.05692149247387,True,1.0836531818116724,0.0,3003,0.28673695700351237,0.2641449169472779,0.08223251580252831,0.08957053461402542,0.15750701680110116,0.6555375255222347,1.0,0.5551544287805572,0.3043602096923626,0.24014238116827652,0.2700953962916766,0.384126903662024,0.9345911760382835,1.0,0.8054760571231461,0.05282117110789357,0.7061812074376752,0.7432686369016485,0.7976930166604819,0.8631720022685551,0.9644144907837168,0.7718850651428917,0.04377499046359293,0.7061812074376752,0.7186566963542707,0.7662608350743592,0.8428789783677398,0.849015955979171,0.40273802856157304,0.026410585553946785,0.3530906037188376,0.37163431845082423,0.39884650833024093,0.43158600113427753,0.4822072453918584,0.38594253257144584,0.021887495231796464,0.3530906037188376,0.3593283481771353,0.3831304175371796,0.4214394891838699,0.4245079779895855,0.40273802856157304,0.026410585553946785,0.3530906037188376,0.37163431845082423,0.39884650833024093,0.43158600113427753,0.4822072453918584,0.38594253257144584,0.021887495231796464,0.3530906037188376,0.3593283481771353,0.3831304175371796,0.4214394891838699,0.4245079779895855
cohesion_disabled,nq_26,50,True,15,5,2.0,1.0,5,8;23;29;45;46,,0,0,0,0,2.121553989416201,0.4243107978832402,10,6.7274156580008535,3.3637078290004268,3.3637078290004268,1.2421538395842258,-48.757846160415774,-45.39413833141535,-45.39413833141535,True,1.2421538395842258,0.0,3003,0.16533667246641356,0.25767760385077765,0.011494954684073872,0.014085325677308535,0.037702903035325336,0.40548408609663555,1.0,0.4243107978832402,0.3113310878713211,0.1398823528696895,0.17024733563936306,0.2702100497747364,0.7982667107911607,1.0,0.6854720812645261,0.06156359434057325,0.5120357580545339,0.6056491496444653,0.6913996795406004,0.763682866344862,0.8071053609353325,0.6727415658000854,0.0486356660378534,0.5933203550883271,0.6064977436695099,0.6830811854709264,0.723065006272703,0.7361726600395357,0.34273604063226304,0.030781797170286625,0.25601787902726697,0.30282457482223263,0.3456998397703002,0.381841433172431,0.40355268046766624,0.3363707829000427,0.0243178330189267,0.2966601775441636,0.30324887183475496,0.3415405927354632,0.3615325031363515,0.36808633001976787,0.34273604063226304,0.030781797170286625,0.25601787902726697,0.30282457482223263,0.3456998397703002,0.381841433172431,0.40355268046766624,0.3363707829000427,0.0243178330189267,0.2966601775441636,0.30324887183475496,0.3415405927354632,0.3615325031363515,0.36808633001976787
cohesion_disabled,nq_27,50,True,15,5,2.0,1.0,5,0;13;14;20;29,0,1,1,1,1,1.3869545106647316,0.27739090213294637,10,6.411275353263262,3.205637676631631,3.205637676631631,1.8186831659668994,-48.1813168340331,-44.975679157401466,-44.97567915740147,True,1.8186831659668994,0.0,3003,0.09480811112232826,0.26002735071785216,0.00019080281988457896,0.0002471728893008277,0.0007222663957482359,0.23892887171579122,1.0,0.27739090213294637,0.39086585833325777,0.00019080281988457896,0.0003621882328473622,0.0006469440291963784,0.7541989989853437,1.0,0.6749185367627637,0.0691947343993817,0.49418419433855076,0.6064982918958368,0.6682690087720599,0.7493175420217332,0.926695339507379,0.6411275353263263,0.07817961483418762,0.49418419433855076,0.5775291994955882,0.6374378180539524,0.7075093737166877,0.8045433906870663,0.33745926838138185,0.03459736719969085,0.24709209716927538,0.3032491459479184,0.33413450438602993,0.3746587710108666,0.4633476697536895,0.32056376766316313,0.03908980741709381,0.24709209716927538,0.2887645997477941,0.3187189090269762,0.3537546868583438,0.40227169534353313,0.33745926838138185,0.03459736719969085,0.24709209716927538,0.3032491459479184,0.33413450438602993,0.3746587710108666,0.4633476697536895,0.32056376766316313,0.03908980741709381,0.24709209716927538,0.2887645997477941,0.3187189090269762,0.3537546868583438,0.40227169534353313
cohesion_disabled,nq_28,50,True,15,5,2.0,1.0,5,14;31;32;35;40,0;1;3;11;14;15;18;25;28;31;32;35;40;45,1,1,10,5,4.9930864887400315,0.9986172977480061,10,8.423135163671047,4.211567581835523,4.211567581835523,-0.7815189069045081,-50.78151890690451,-46.569951325068985,-46.569951325068985,True,-0.7815189069045081,0.0,3003,0.7949709843727217,0.284894693066483,0.26740832045743973,0.3030743015777061,0.9972936063693785,0.9999977349361738,1.0,0.9986172977480061,0.001061733088697729,0.9972936063693785,0.9973645624740806,0.9989723763062304,0.9997392077038874,0.9999970196528603,0.8549964811619327,0.04669820908577827,0.7573698638998101,0.7995302025851869,0.8503699329954374,0.9136746412383325,0.993528228238419,0.8423135163671047,0.05544683712935106,0.7985202554687765,0.7996780450996331,0.8190234167633348,0.8814155204734545,0.9934554844056915,0.42749824058096636,0.023349104542889135,0.37868493194990505,0.39976510129259346,0.4251849664977187,0.45683732061916626,0.4967641141192095,0.42115675818355236,0.02772341856467553,0.39926012773438824,0.39983902254981657,0.4095117083816674,0.44070776023672725,0.49672774220284577,0.42749824058096636,0.023349104542889135,0.37868493194990505,0.39976510129259346,0.4251849664977187,0.45683732061916626,0.4967641141192095,0.42115675818355236,0.02772341856467553,0.39926012773438824,0.39983902254981657,0.4095117083816674,0.44070776023672725,0.49672774220284577
cohesion_disabled,nq_29,50,True,15,5,2.0,1.0,5,2;4;9;10;22,1;2,1,1,2,1,2.7579169733478777,0.5515833946695754,10,8.54679389984977,4.273396949924885,4.273396949924885,1.5154799765770077,-48.484520023422995,-44.2111230734981,-44.21112307349811,True,1.5154799765770077,0.0,3003,0.259646865280563,0.2674362145844589,0.02388676940415537,0.03623385278064051,0.1328601750427932,0.5913549525403377,1.0,0.5515833946695754,0.26607826950588737,0.2799219707929895,0.308266693101534,0.4248589152699229,0.8809409242882458,1.0,0.8660041491906013,0.050187146127116576,0.716088608679798,0.7845717249775574,0.8747340253442412,0.9240740800761139,0.9428035632273248,0.8546793899849771,0.049223668108567736,0.7607982256085692,0.7761817259190584,0.868919594343032,0.9005301268696916,0.9203128769218178,0.43300207459530066,0.025093573063558288,0.358044304339899,0.3922858624887787,0.4373670126721206,0.46203704003805696,0.4714017816136624,0.42733969499248853,0.024611834054283868,0.3803991128042846,0.3880908629595292,0.434459797171516,0.4502650634348458,0.4601564384609089,0.43300207459530066,0.025093573063558288,0.358044304339899,0.3922858624887787,0.4373670126721206,0.46203704003805696,0.4714017816136624,0.42733969499248853,0.024611834054283868,0.3803991128042846,0.3880908629595292,0.434459797171516,0.4502650634348458,0.4601564384609089
cohesion_disabled,nq_30,50,True,15,5,2.0,1.0,5,0;1;25;27;33,0;1;3;6;10;25;27;29,1,1,6,4,3.3758250044626807,0.6751650008925362,10,7.933957345585538,3.966978672792769,3.966978672792769,0.5911536683300884,-49.40884633166991,-45.44186765887714,-45.44186765887714,True,0.5911536683300884,0.0,3003,0.2633682597518741,0.35814773369276554,0.013371341942503528,0.01500144697719938,0.04326505757603461,0.87138614975744,1.0,0.6751650008925362,0.35017884009539435,0.020050081078188887,0.26977581347753843,0.7773007851365876,0.9736438904685366,1.0,0.7982289269353908,0.07586581846824546,0.6125713516560192,0.6866829786379565,0.8152504426852613,0.8895463079121726,0.9477852254155247,0.7933957345585538,0.09011605905196321,0.6768597748541418,0.6813232141873294,0.8137842492781611,0.8778151077616124,0.9477852254155247,0.3991144634676954,0.03793290923412273,0.3062856758280096,0.34334148931897823,0.40762522134263063,0.4447731539560863,0.47389261270776234,0.3966978672792769,0.045058029525981605,0.3384298874270709,0.3406616070936647,0.40689212463908053,0.4389075538808062,0.47389261270776234,0.3991144634676954,0.03793290923412273,0.3062856758280096,0.34334148931897823,0.40762522134263063,0.4447731539560863,0.47389261270776234,0.3966978672792769,0.045058029525981605,0.3384298874270709,0.3406616070936647,0.40689212463908053,0.4389075538808062,0.47389261270776234
cohesion_disabled,nq_31,50,True,15,5,2.0,1.0,5,0;3;5;6;44,0,1,1,1,1,2.774005721982603,0.5548011443965206,10,8.118790882970668,4.059395441485334,4.059395441485334,1.285389719502731,-48.71461028049727,-44.65521483901193,-44.65521483901193,True,1.285389719502731,0.0,3003,0.1910439178241231,0.35004776188379105,0.001521647276085501,0.003083618961044088,0.01616084892095139,0.841500217678973,1.0,0.5548011443965206,0.41110574025927,0.030075959915959426,0.07348276146742583,0.6085093064211884,0.9987309967403318,1.0,0.7597123413486297,0.06454945456285147,0.6405324400920127,0.6850975031230356,0.7513120070009254,0.8348138598418589,1.0,0.8118790882970668,0.1148319652782668,0.6755333986115426,0.6776554000798461,0.8189363573849594,0.9618248900629738,0.9851905059022481,0.3798561706743149,0.03227472728142573,0.32026622004600636,0.3425487515615178,0.3756560035004627,0.4174069299209294,0.5,0.4059395441485334,0.0574159826391334,0.3377666993057713,0.3388277000399231,0.4094681786924797,0.4809124450314869,0.49259525295112405,0.3798561706743149,0.03227472728142573,0.32026622004600636,0.3425487515615178,0.3756560035004627,0.4174069299209294,0.5,0.4059395441485334,0.0574159826391334,0.3377666993057713,0.3388277000399231,0.4094681786924797,0.4809124450314869,0.49259525295112405
cohesion_disabled,nq_32,50,True,15,5,2.0,1.0,5,3;5;15;19;32,,0,0,0,0,4.754475675595298,0.9508951351190597,10,7.884039045177902,3.942019522588951,3.942019522588951,-0.8124561530063472,-50.812456153006345,-46.87043663041739,-46.870436630417394,True,-0.8124561530063472,0.0,3003,0.6995815005463472,0.23989088212721255,0.20115025015396373,0.43791857216837904,0.6736564441988904,0.9940117675851071,1.0,0.9508951351190597,0.08261332541792876,0.7862747818672942,0.8650004477172667,0.985277003781801,0.9999339773815912,1.0,0.8072129452692665,0.05539814944748499,0.6819043800791291,0.7406240011556884,0.8003005389905975,0.8749534327896858,0.9951525436247781,0.7884039045177901,0.049133309267554756,0.6819043800791291,0.7264670999662873,0.7915512910350033,0.8385656875201886,0.855806162441956,0.40360647263463323,0.027699074723742494,0.34095219003956456,0.3703120005778442,0.40015026949529875,0.4374767163948429,0.49757627181238906,0.39420195225889504,0.024566654633777378,0.34095219003956456,0.36323354998314367,0.39577564551750166,0.4192828437600943,0.427903081220978,0.40360647263463323,0.027699074723742494,0.34095219003956456,0.3703120005778442,0.40015026949529875,0.4374767163948429,0.49757627181238906,0.39420195225889504,0.024566654633777378,0.34095219003956456,0.36323354998314367,0.39577564551750166,0.4192828437600943,0.427903081220978
cohesion_disabled,nq_33,50,True,15,5,2.0,1.0,5,5;28;31;39;47,0;6,1,0,2,0,1.2300992047129007,0.24601984094258014,10,6.037403700293252,3.018701850146626,3.018701850146626,1.7886026454337254,-48.21139735456627,-45.192695504419646,-45.192695504419646,True,1.7886026454337254,0.0,3003,0.08347363853224035,0.2514528237394525,1.8270208570063746e-05,1.977890556867553e-05,0.00042724440620863467,0.1401384887455082,1.0,0.24601984094258014,0.3873553144784852,2.0164799976933592e-05,2.8303237720035453e-05,0.00014837068404571917,0.6919560633338173,1.0,0.6622540021369535,0.11245446719387417,0.5057952209542509,0.5516594523844564,0.6376555444490543,0.8794803135247378,0.9314832836022618,0.6037403700293253,0.117113246031696,0.5057952209542509,0.5103784896975443,0.5588921975154315,0.707626508184416,0.9211445596747128,0.33112700106847676,0.056227233596937085,0.25289761047712545,0.2758297261922282,0.31882777222452713,0.4397401567623689,0.4657416418011309,0.3018701850146627,0.058556623015848,0.25289761047712545,0.25518924484877215,0.27944609875771576,0.353813254092208,0.4605722798373564,0.33112700106847676,0.056227233596937085,0.25289761047712545,0.2758297261922282,0.31882777222452713,0.4397401567623689,0.4657416418011309,0.3018701850146627,0.058556623015848,0.25289761047712545,0.25518924484877215,0.27944609875771576,0.353813254092208,0.4605722798373564
cohesion_disabled,nq_34,50,True,15,5,2.0,1.0,5,2;6;7;8;31,1;4;8;13;31,1,1,5,2,4.9860102208989,0.9972020441797801,10,8.244662323566812,4.122331161783406,4.122331161783406,-0.8636790591154941,-50.8636790591155,-46.74134789733209,-46.74134789733209,True,-0.8636790591154941,0.0,3003,0.7420913479480303,0.344221717550784,0.1434909917012017,0.18636777993479192,0.9630323597990139,0.9997065763222435,1.0,0.9972020441797801,0.0031568957263782044,0.9918928208478788,0.9932691965278341,0.9987865010450462,0.9999988555832833,1.0,0.830179913941522,0.0462260663223047,0.7525212681558764,0.7853419742671847,0.8177787435105062,0.901615159976112,0.9838110073825619,0.8244662323566813,0.059634649461069646,0.7594405071375887,0.7627662629732915,0.8088667624750217,0.8608429072547712,0.9838110073825619,0.415089956970761,0.02311303316115235,0.3762606340779382,0.39267098713359233,0.4088893717552531,0.450807579988056,0.49190550369128094,0.41223311617834063,0.029817324730534823,0.37972025356879435,0.38138313148664577,0.4044333812375108,0.4304214536273856,0.49190550369128094,0.415089956970761,0.02311303316115235,0.3762606340779382,0.39267098713359233,0.4088893717552531,0.450807579988056,0.49190550369128094,0.41223311617834063,0.029817324730534823,0.37972025356879435,0.38138313148664577,0.4044333812375108,0.4304214536273856,0.49190550369128094
cohesion_disabled,nq_35,50,True,15,5,2.0,1.0,5,3;5;6;11;15,3;5;6,1,1,3,3,3.8917988597479978,0.7783597719495996,10,9.007959164971728,4.503979582485864,4.503979582485864,0.6121807227378664,-49.38781927726213,-44.88383969477627,-44.88383969477627,True,0.6121807227378664,0.0,3003,0.2898679268804874,0.38000600417092056,0.014722419727773276,0.023612264083877187,0.04690624083204889,0.997442254911628,1.0,0.7783597719495996,0.27165455804597854,0.3892864251968178,0.4369583796647335,0.9949270949955803,0.9996476112755972,1.0,0.8162749092827407,0.06784981947965385,0.669618924414143,0.7322697311721307,0.8168417954414511,0.8972743587877341,1.0,0.900795916497173,0.05227868571973919,0.8262996203661307,0.85032781136599,0.8909587513399411,0.9680920471987644,0.994325666766258,0.40813745464137036,0.033924909739826925,0.3348094622070715,0.36613486558606534,0.40842089772072554,0.44863717939386705,0.5,0.4503979582485865,0.026139342859869595,0.41314981018306535,0.425163905682995,0.44547937566997053,0.4840460235993822,0.497162833383129,0.40813745464137036,0.033924909739826925,0.3348094622070715,0.36613486558606534,0.40842089772072554,0.44863717939386705,0.5,0.4503979582485865,0.026139342859869595,0.41314981018306535,0.425163905682995,0.44547937566997053,0.4840460235993822,0.497162833383129
cohesion_disabled,nq_36,50,True,15,5,2.0,1.0,5,3;17;20;27;31,5;7,1,0,2,0,1.7750659077830901,0.355013181556618,10,7.486184147000069,3.7430920735000344,3.7430920735000344,1.9680261657169442,-48.03197383428306,-44.28888176078302,-44.28888176078302,True,1.9680261657169442,0.0,3003,0.15548492325141597,0.26342596692357073,0.01804831410913509,0.02671003592876883,0.03540578707676514,0.42188585860156236,1.0,0.355013181556618,0.37828918941377576,0.01804831410913509,0.04267083964743985,0.10463539532920806,0.82911102815594,1.0,0.82061206065399,0.07562018492584212,0.6315943312965909,0.713257980186055,0.8356448150203857,0.9111157418922184,0.9618676427390258,0.7486184147000068,0.06257247960557843,0.6933482477639039,0.6994861330783522,0.7151516836034495,0.8205859940441882,0.9003538185054402,0.410306030326995,0.03781009246292106,0.31579716564829546,0.3566289900930275,0.41782240751019284,0.4555578709461092,0.4809338213695129,0.3743092073500034,0.03128623980278922,0.34667412388195196,0.3497430665391761,0.35757584180172475,0.4102929970220941,0.4501769092527201,0.410306030326995,0.03781009246292106,0.31579716564829546,0.3566289900930275,0.41782240751019284,0.4555578709461092,0.4809338213695129,0.3743092073500034,0.03128623980278922,0.34667412388195196,0.3497430665391761,0.35757584180172475,0.4102929970220941,0.4501769092527201
cohesion_disabled,nq_37,50,True,15,5,2.0,1.0,5,0;3;17;30;33,0;3;23;30,1,1,3,3,3.3002181450110157,0.6600436290022031,10,7.393257980810526,3.696628990405263,3.696628990405263,0.3964108453942474,-49.60358915460575,-45.906960164200484,-45.90696016420049,True,0.3964108453942474,0.0,3003,0.2807282174562324,0.3422841615176813,0.03103827881771497,0.03157297571771724,0.15394718138594857,0.9394572245933027,1.0,0.6600436290022031,0.3594992484251549,0.19301527612957856,0.2191064302608522,0.8495929993045096,0.9997466832476659,1.0,0.7298329141301496,0.06682281755659202,0.5747405347673046,0.6668266282749001,0.7204142392770725,0.8261738131200157,0.9216692486229623,0.7393257980810526,0.09375077224334087,0.5924404992720992,0.6589938477904123,0.7140237469101149,0.8609062028528548,0.9216692486229623,0.3649164570650748,0.03341140877829601,0.2873702673836523,0.33341331413745007,0.36020711963853624,0.41308690656000785,0.46083462431148114,0.3696628990405263,0.046875386121670436,0.2962202496360496,0.32949692389520613,0.35701187345505747,0.4304531014264274,0.46083462431148114,0.3649164570650748,0.03341140877829601,0.2873702673836523,0.33341331413745007,0.36020711963853624,0.41308690656000785,0.46083462431148114,0.3696628990405263,0.046875386121670436,0.2962202496360496,0.32949692389520613,0.35701187345505747,0.4304531014264274,0.46083462431148114
cohesion_disabled,nq_38,50,True,15,5,2.0,1.0,5,0;5;6;8;11,0;1;2;3;4;5;6;7;8;11;17;19;25;26;31;33;45;47,1,1,15,5,4.56826899721508,0.9136537994430161,10,8.587860043478145,4.293930021739072,4.293930021739072,-0.2743389754760077,-50.274338975476006,-45.98040895373694,-45.980408953736934,True,-0.2743389754760077,0.0,3003,0.49006622372708536,0.3517442024774396,0.03882999010163419,0.07014248922133512,0.43417249523661416,0.9634123531198893,1.0,0.9136537994430161,0.0841939097758362,0.7719825489588368,0.817990968054228,0.9107867890773398,0.9993984249926355,1.0,0.852644236098058,0.04850966864535422,0.7511672601531357,0.7949144993283592,0.8564502455827572,0.9121764704462508,0.9878484784859262,0.8587860043478145,0.05793940266294754,0.7769626385069662,0.7848017348506778,0.8650180666667349,0.9044535972635569,0.9878484784859262,0.426322118049029,0.02425483432267711,0.37558363007656786,0.3974572496641796,0.4282251227913786,0.4560882352231254,0.4939242392429631,0.42939300217390725,0.02896970133147377,0.3884813192534831,0.3924008674253389,0.43250903333336743,0.45222679863177845,0.4939242392429631,0.426322118049029,0.02425483432267711,0.37558363007656786,0.3974572496641796,0.4282251227913786,0.4560882352231254,0.4939242392429631,0.42939300217390725,0.02896970133147377,0.3884813192534831,0.3924008674253389,0.43250903333336743,0.45222679863177845,0.4939242392429631
cohesion_disabled,nq_39,50,True,15,5,2.0,1.0,5,0;1;27;41;47,2;3;4;6;8;10;11;15;16;19;23;33;38;40;43;44;45;47,1,1,8,1,4.692962626592501,0.9385925253185002,10,8.500325287756468,4.250162643878234,4.250162643878234,-0.44279998271426724,-50.44279998271427,-46.19263733883603,-46.192637338836036,True,-0.44279998271426724,0.0,3003,0.7616325292989787,0.1818635584550805,0.44179100323897424,0.4837756398004381,0.8138167495567322,0.955409254035782,1.0,0.9385925253185002,0.04269656789140742,0.8936890051200281,0.8960576416638442,0.9219428047998028,0.9910880880772406,1.0,0.8622900926824496,0.05276632386955162,0.7296388336053895,0.7964272860231201,0.8591258784919027,0.9406635466016948,0.9701003071413852,0.8500325287756467,0.03820141846036514,0.791255382796923,0.8148265511120764,0.8422519278062155,0.9095692523487761,0.9207753488865875,0.4311450463412248,0.02638316193477581,0.36481941680269475,0.39821364301156004,0.42956293924595135,0.4703317733008474,0.4850501535706926,0.42501626438782336,0.01910070923018257,0.3956276913984615,0.4074132755560382,0.42112596390310775,0.45478462617438803,0.46038767444329376,0.4311450463412248,0.02638316193477581,0.36481941680269475,0.39821364301156004,0.42956293924595135,0.4703317733008474,0.4850501535706926,0.42501626438782336,0.01910070923018257,0.3956276913984615,0.4074132755560382,0.42112596390310775,0.45478462617438803,0.46038767444329376
cohesion_disabled,nq_40,50,True,15,5,2.0,1.0,5,1;6;13;30;34,,0,0,0,0,4.128041013555297,0.8256082027110596,10,8.86337336104519,4.431686680522595,4.431686680522595,0.3036456669672978,-49.6963543330327,-45.264667652510106,-45.264667652510106,True,0.3036456669672978,0.0,3003,0.40098101852178536,0.33592408915820343,0.0733510016476158,0.07556141603491237,0.2502682183605743,0.9733070154966512,1.0,0.8256082027110596,0.20716831804087843,0.4615600657448096,0.5680856940121193,0.9492853567089555,0.9957285818753794,1.0,0.8728578134204888,0.03454862357418073,0.7654346630284025,0.826699613545478,0.8762298319604421,0.9157206672412831,0.9435299184595061,0.8863373361045189,0.019571600874911693,0.8414803837477999,0.8687112542533697,0.8911691074313665,0.9050062365538187,0.9132556977593554,0.4364289067102444,0.017274311787090366,0.38271733151420123,0.413349806772739,0.43811491598022106,0.45786033362064155,0.47176495922975303,0.44316866805225946,0.009785800437455847,0.42074019187389994,0.43435562712668485,0.44558455371568323,0.45250311827690937,0.4566278488796777,0.4364289067102444,0.017274311787090366,0.38271733151420123,0.413349806772739,0.43811491598022106,0.45786033362064155,0.47176495922975303,0.44316866805225946,0.009785800437455847,0.42074019187389994,0.43435562712668485,0.44558455371568323,0.45250311827690937,0.4566278488796777
cohesion_disabled,nq_41,50,True,15,5,2.0,1.0,5,8;12;17;31;42,,0,0,0,0,1.4354384896634054,0.2870876979326811,10,8.029609282684909,4.0148046413424545,4.0148046413424545,2.579366151679049,-47.42063384832095,-43.405829206978495,-43.405829206978495,True,2.579366151679049,0.0,3003,0.11155777367428805,0.24544349308052352,0.004066000132087808,0.005019798031304377,0.02079348088499579,0.2013027567766853,1.0,0.2870876979326811,0.3652417518062726,0.02079348088499579,0.023376484294343206,0.1556682742267091,0.6926902980573345,1.0,0.8207491464689466,0.04639669206875713,0.7017447830175803,0.7610041658145558,0.8245424582715183,0.8659370421957732,0.9979269220183202,0.8029609282684909,0.04943359304413242,0.7017447830175803,0.7340278885538198,0.8084318700275067,0.8608664454805075,0.862236782956441,0.4103745732344733,0.023198346034378564,0.3508723915087901,0.3805020829072779,0.41227122913575914,0.4329685210978866,0.4989634610091601,0.40148046413424543,0.02471679652206621,0.3508723915087901,0.3670139442769099,0.40421593501375336,0.43043322274025375,0.4311183914782205,0.4103745732344733,0.023198346034378564,0.3508723915087901,0.3805020829072779,0.41227122913575914,0.4329685210978866,0.4989634610091601,0.40148046413424543,0.02471679652206621,0.3508723915087901,0.3670139442769099,0.40421593501375336,0.43043322274025375,0.4311183914782205
cohesion_disabled,nq_42,50,True,15,5,2.0,1.0,5,0;13;14;17;21,0;14;21;29,1,1,4,3,4.752438773689272,0.9504877547378545,10,8.090624904723967,4.0453124523619834,4.0453124523619834,-0.7071263213272889,-50.70712632132729,-46.66181386896531,-46.661813868965304,True,-0.7071263213272889,0.0,3003,0.6226762567343006,0.33821109612196043,0.013348642360912762,0.14338689534167315,0.7645628947985844,0.9589793451310777,1.0,0.9504877547378545,0.034452927962938217,0.8935789444804229,0.9136307189299204,0.9505576201586586,0.9858375313784096,1.0,0.8230620763780979,0.056310589637365405,0.7006544533727264,0.7534161255319717,0.8221172831498527,0.8895689403091531,0.9960040639598509,0.8090624904723966,0.05266751241373544,0.7235527145358642,0.7554095520752075,0.8016660325369938,0.8736415995401111,0.9062698630899018,0.41153103818904896,0.028155294818682702,0.3503272266863632,0.37670806276598584,0.41105864157492633,0.44478447015457656,0.49800203197992543,0.4045312452361983,0.02633375620686772,0.3617763572679321,0.3777047760376038,0.4008330162684969,0.43682079977005556,0.4531349315449509,0.41153103818904896,0.028155294818682702,0.3503272266863632,0.37670806276598584,0.41105864157492633,0.44478447015457656,0.49800203197992543,0.4045312452361983,0.02633375620686772,0.3617763572679321,0.3777047760376038,0.4008330162684969,0.43682079977005556,0.4531349315449509
cohesion_disabled,nq_43,50,True,15,5,2.0,1.0,5,8;26;34;35;36,,0,0,0,0,1.050378585090471,0.2100757170180942,10,6.789006493212653,3.3945032466063263,3.3945032466063263,2.3441246615158553,-47.655875338484144,-44.26137209187782,-44.26137209187782,True,2.3441246615158553,0.0,3003,0.07581274248220522,0.24710400561972432,0.003892341097987937,0.004291075276528871,0.007457085021110518,0.025799168094368406,1.0,0.2100757170180942,0.3949837331865177,0.007457085021110518,0.00789240406738094,0.0168063475474908,0.6070279079540333,1.0,0.7275027627665309,0.05175440818881016,0.6286555406887996,0.6647967800858011,0.7241880967381179,0.787131280776798,0.9930370706456553,0.6789006493212653,0.03242798087113077,0.6443526407852209,0.6455175212481891,0.6657480344830562,0.7163617220892445,0.7494765327280788,0.36375138138326546,0.02587720409440508,0.3143277703443998,0.33239839004290056,0.36209404836905895,0.393565640388399,0.49651853532282764,0.33945032466063263,0.016213990435565383,0.32217632039261046,0.32275876062409453,0.3328740172415281,0.35818086104462227,0.3747382663640394,0.36375138138326546,0.02587720409440508,0.3143277703443998,0.33239839004290056,0.36209404836905895,0.393565640388399,0.49651853532282764,0.33945032466063263,0.016213990435565383,0.32217632039261046,0.32275876062409453,0.3328740172415281,0.35818086104462227,0.3747382663640394
cohesion_disabled,nq_44,50,True,15,5,2.0,1.0,5,0;5;25;41;44,47,0,0,0,0,2.167692392974435,0.4335384785948871,10,8.5913875443638,4.2956937721819,4.2956937721819,2.128001379207465,-47.87199862079254,-43.57630484861064,-43.57630484861063,True,2.128001379207465,0.0,3003,0.2345903323885867,0.2390186954226553,0.056706299187680574,0.07576670358535306,0.17400889678673861,0.4590055577812289,1.0,0.4335384785948871,0.32326929693076173,0.08869175361083383,0.13853805142884035,0.30205163471710866,0.8254566025962571,1.0,0.8905559376230471,0.03953634983866424,0.7671220927202687,0.8164073397072447,0.8985936465515634,0.9304133452201436,0.9604907647764178,0.85913875443638,0.050373377800001666,0.7671220927202687,0.7987466755426728,0.863865042910339,0.9227531346259106,0.9300586520784595,0.44527796881152354,0.01976817491933212,0.38356104636013433,0.40820366985362233,0.4492968232757817,0.4652066726100718,0.4802453823882089,0.42956937721819,0.025186688900000833,0.38356104636013433,0.3993733377713364,0.4319325214551695,0.4613765673129553,0.46502932603922975,0.44527796881152354,0.01976817491933212,0.38356104636013433,0.40820366985362233,0.4492968232757817,0.4652066726100718,0.4802453823882089,0.42956937721819,0.025186688900000833,0.38356104636013433,0.3993733377713364,0.4319325214551695,0.4613765673129553,0.46502932603922975
cohesion_disabled,nq_45,50,True,15,5,2.0,1.0,5,6;11;35;40;49,0;1;2;3;4;5;6;7;8;10;11;13;14;15;16;17;19;20;23;24;25;26;27;28;29;30;31;32;33;35;36;37;39;40;41;43;44;45;46;47;48;49,1,1,15,5,4.99606033146742,0.9992120662934839,10,8.518551726209793,4.259275863104897,4.259275863104897,-0.7367844683625231,-50.73678446836252,-46.477508605257626,-46.477508605257626,True,-0.7367844683625231,0.0,3003,0.9992720857135269,0.0012462911617858612,0.9951952674018574,0.9981079219573388,0.9997852390389154,0.9999898669543758,1.0,0.9992120662934839,0.0008740141991700565,0.9978691397175095,0.9981079219573388,0.9998675551330752,0.9999359591516543,0.9999647131587671,0.8965673873950656,0.03170772472414702,0.8219356055003086,0.8547069803793711,0.902762339083756,0.935069839366316,0.9533146059223175,0.8518551726209793,0.026453335462866823,0.8219356055003086,0.8225386329949347,0.8433211654861383,0.8825827222308867,0.9105372616088514,0.4482836936975328,0.01585386236207351,0.4109678027501543,0.42735349018968555,0.451381169541878,0.467534919683158,0.47665730296115877,0.42592758631048966,0.013226667731433411,0.4109678027501543,0.41126931649746734,0.42166058274306917,0.44129136111544337,0.4552686308044257,0.4482836936975328,0.01585386236207351,0.4109678027501543,0.42735349018968555,0.451381169541878,0.467534919683158,0.47665730296115877,0.42592758631048966,0.013226667731433411,0.4109678027501543,0.41126931649746734,0.42166058274306917,0.44129136111544337,0.4552686308044257
cohesion_disabled,nq_46,50,True,15,5,2.0,1.0,5,10;20;22;28;29,8;9;12,1,0,3,0,4.946537712654796,0.9893075425309592,10,8.46292831698153,4.231464158490765,4.231464158490765,-0.7150735541640305,-50.71507355416403,-46.48360939567327,-46.48360939567326,True,-0.7150735541640305,0.0,3003,0.992019548872579,0.013292169049330995,0.9505861102637396,0.9774702267835319,0.9982695028626256,0.9999580817916982,1.0,0.9893075425309592,0.01936760323413537,0.9505861102637396,0.969659467303294,0.9985713711886216,0.9995557456780574,0.999557271710669,0.8883264192005226,0.030517353134334253,0.8105155264124326,0.852226628968179,0.8910942422804693,0.9248559603600404,0.9788476870467662,0.8462928316981531,0.01916220943976381,0.8105155264124326,0.8114949328578668,0.8520368684979677,0.8641977923707129,0.866134138307158,0.4441632096002613,0.015258676567167126,0.4052577632062163,0.4261133144840895,0.44554712114023465,0.4624279801800202,0.4894238435233831,0.42314641584907653,0.009581104719881906,0.4052577632062163,0.4057474664289334,0.42601843424898383,0.43209889618535646,0.433067069153579,0.4441632096002613,0.015258676567167126,0.4052577632062163,0.4261133144840895,0.44554712114023465,0.4624279801800202,0.4894238435233831,0.42314641584907653,0.009581104719881906,0.4052577632062163,0.4057474664289334,0.42601843424898383,0.43209889618535646,0.433067069153579
cohesion_disabled,nq_47,50,True,15,5,2.0,1.0,5,2;16;19;29;36,2;6;9;22;36;38;40;43,1,1,3,2,4.099135489793822,0.8198270979587644,10,8.723644402056744,4.361822201028372,4.361822201028372,0.2626867112345499,-49.73731328876545,-45.375491087737075,-45.375491087737075,True,0.2626867112345499,0.0,3003,0.4596264396558828,0.2970570386104761,0.11040292289787214,0.12556905441314833,0.33715496616445384,0.8722210954253253,1.0,0.8198270979587644,0.12385385553361843,0.6824672117566136,0.6873791503939432,0.804658181935186,0.9669052151008339,1.0,0.8867764846553409,0.0356857391672401,0.7963446111201722,0.8386936303420846,0.892193678132366,0.9314880588485855,0.9731882327161061,0.8723644402056745,0.04323543229226439,0.7971885689135815,0.8184721369335404,0.8765647243374859,0.9182425599548255,0.9524649647784204,0.44338824232767043,0.01784286958362005,0.3981723055600861,0.4193468151710423,0.446096839066183,0.46574402942429277,0.48659411635805305,0.43618222010283725,0.021617716146132195,0.39859428445679074,0.4092360684667702,0.43828236216874294,0.45912127997741276,0.4762324823892102,0.44338824232767043,0.01784286958362005,0.3981723055600861,0.4193468151710423,0.446096839066183,0.46574402942429277,0.48659411635805305,0.43618222010283725,0.021617716146132195,0.39859428445679074,0.4092360684667702,0.43828236216874294,0.45912127997741276,0.4762324823892102
cohesion_disabled,nq_48,50,True,15,5,2.0,1.0,5,1;2;3;25;34,0;1;2;4;6;7;9;16;18;41;47,1,1,5,2,4.693445346019639,0.9386890692039278,10,7.677023478348123,3.8385117391740615,3.8385117391740615,-0.8549336068455777,-50.85493360684558,-47.01642186767151,-47.01642186767152,True,-0.8549336068455777,0.0,3003,0.612725422888045,0.3155680860964632,0.1915452425138488,0.23740946501758528,0.5084659531721255,0.9863449565299348,1.0,0.9386890692039278,0.09200355054363607,0.7559986128670868,0.840136517223272,0.9815852955353337,0.9958072255438676,1.0,0.7819894069464378,0.07051438975096905,0.6490571293701062,0.6916282871391205,0.7831699098710627,0.8714807734677534,0.9808060948898776,0.7677023478348123,0.08303096662575861,0.6490571293701062,0.6617405537187151,0.769876015244507,0.8783479181651637,0.90927162593952,0.3909947034732189,0.035257194875484524,0.3245285646850531,0.34581414356956025,0.39158495493553136,0.4357403867338767,0.4904030474449388,0.38385117391740614,0.041515483312879305,0.3245285646850531,0.33087027685935755,0.3849380076222535,0.43917395908258183,0.45463581296976,0.3909947034732189,0.035257194875484524,0.3245285646850531,0.34581414356956025,0.39158495493553136,0.4357403867338767,0.4904030474449388,0.38385117391740614,0.041515483312879305,0.3245285646850531,0.33087027685935755,0.3849380076222535,0.43917395908258183,0.45463581296976
cohesion_disabled,nq_49,50,True,15,5,2.0,1.0,5,1;6;35;41;45,10;21;45,1,1,1,1,1.492200364806064,0.2984400729612128,10,7.955556703109785,3.9777783515548926,3.9777783515548926,2.4855779867488286,-47.51442201325117,-43.53664366169628,-43.53664366169628,True,2.4855779867488286,0.0,3003,0.11698380047380484,0.2468064378349838,0.0034416468792690487,0.005008742668745945,0.012683794243680931,0.20294404321154036,1.0,0.2984400729612128,0.3579551790492989,0.004878433995599947,0.04388399133391776,0.16602100136011755,0.6875634408435809,1.0,0.8208419753260272,0.06359713261281733,0.7065565725144864,0.754900085664502,0.7988707592903137,0.9175893592084834,0.9665222867031614,0.7955556703109785,0.050679367335298146,0.7354802107870636,0.7411858032607266,0.7844386225236117,0.8675735598892056,0.8890551987382156,0.4104209876630136,0.03179856630640866,0.3532782862572432,0.377450042832251,0.39943537964515685,0.4587946796042417,0.4832611433515807,0.39777783515548926,0.025339683667649073,0.3677401053935318,0.3705929016303633,0.39221931126180587,0.4337867799446028,0.4445275993691078,0.4104209876630136,0.03179856630640866,0.3532782862572432,0.377450042832251,0.39943537964515685,0.4587946796042417,0.4832611433515807,0.39777783515548926,0.025339683667649073,0.3677401053935318,0.3705929016303633,0.39221931126180587,0.4337867799446028,0.4445275993691078
cohesion_disabled,nq_50,50,True,15,5,2.0,1.0,5,3;12;17;28;29,,0,0,0,0,2.5551099194747704,0.5110219838949541,10,7.594973493197577,3.7974867465987887,3.7974867465987887,1.2423768271240183,-48.75762317287598,-44.96013642627719,-44.960136426277195,True,1.2423768271240183,0.0,3003,0.1941964277486892,0.32181536800114163,0.0007412936282503081,0.0014668975746271295,0.00914917272576137,0.7180994228409607,1.0,0.5110219838949541,0.3892892378460222,0.0007412936282503081,0.08724178220636768,0.4216312181141248,0.9662979570635407,1.0,0.8188306649843569,0.07674335948131802,0.6020596657462578,0.6928291798979012,0.8379275774860966,0.9047311890280384,0.9362915590605765,0.7594973493197578,0.09785140792595586,0.6020596657462578,0.6711791624615217,0.7397378202625664,0.8686703351327852,0.9362915590605765,0.40941533249217843,0.03837167974065901,0.3010298328731289,0.3464145899489506,0.4189637887430483,0.4523655945140192,0.46814577953028824,0.3797486746598789,0.04892570396297793,0.3010298328731289,0.3355895812307608,0.3698689101312832,0.4343351675663926,0.46814577953028824,0.40941533249217843,0.03837167974065901,0.3010298328731289,0.3464145899489506,0.4189637887430483,0.4523655945140192,0.46814577953028824,0.3797486746598789,0.04892570396297793,0.3010298328731289,0.3355895812307608,0.3698689101312832,0.4343351675663926,0.46814577953028824
cohesion_disabled,nq_51,50,True,15,5,2.0,1.0,5,31;34;42;43;49,2;3;4;5;6;15;17;19;20;21;22;25;26;28;29;37;38;40;42;43;45,1,1,8,2,4.891629251218168,0.9783258502436338,10,8.41789576007506,4.20894788003753,4.20894788003753,-0.6826813711806379,-50.682681371180635,-46.47373349114311,-46.47373349114311,True,-0.6826813711806379,0.0,3003,0.5870355282833698,0.3356586883279225,0.1064972079227494,0.17660850589012458,0.5566874793785468,0.9847315457964532,1.0,0.9783258502436338,0.01685329087955977,0.9498374749954576,0.9597908622383037,0.9775547703781495,0.9958064250967956,1.0,0.862697379280991,0.0438497922796168,0.7650829750332,0.8214472439865762,0.8500463076252761,0.9378917937355004,0.9747096197402245,0.841789576007506,0.040955819907576206,0.7721583280138364,0.8218296319307087,0.8381807479935695,0.8549039675882321,0.9486004185024541,0.4313486896404955,0.0219248961398084,0.3825414875166,0.4107236219932881,0.42502315381263805,0.4689458968677502,0.48735480987011226,0.420894788003753,0.020477909953788103,0.3860791640069182,0.41091481596535434,0.4190903739967847,0.42745198379411603,0.47430020925122707,0.4313486896404955,0.0219248961398084,0.3825414875166,0.4107236219932881,0.42502315381263805,0.4689458968677502,0.48735480987011226,0.420894788003753,0.020477909953788103,0.3860791640069182,0.41091481596535434,0.4190903739967847,0.42745198379411603,0.47430020925122707
cohesion_disabled,nq_52,50,True,15,5,2.0,1.0,5,11;23;26;34;39,,0,0,0,0,1.3968321913391848,0.27936643826783697,10,6.580139092928325,3.2900695464641627,3.2900695464641627,1.893237355124978,-48.10676264487502,-44.816693098410866,-44.81669309841086,True,1.893237355124978,0.0,3003,0.10186716210505416,0.24550411937708616,0.004663460369438572,0.006298719419950407,0.009735224935458791,0.15637614912164616,1.0,0.27936643826783697,0.36500832258989485,0.005742532691427073,0.04147165755962812,0.10619219574925294,0.6759328472146301,1.0,0.7191150369243071,0.06619746622492065,0.5880771985929996,0.640336851187307,0.7197019095791692,0.7970327075731451,0.9640358779516777,0.6580139092928325,0.06865532237745296,0.5901092547151223,0.5935581370846827,0.6539406778135024,0.7116648810691838,0.8279800863571871,0.35955751846215356,0.033098733112460324,0.2940385992964998,0.3201684255936535,0.3598509547895846,0.3985163537865726,0.48201793897583883,0.32900695464641627,0.03432766118872648,0.29505462735756116,0.2967790685423414,0.3269703389067512,0.3558324405345919,0.41399004317859356,0.35955751846215356,0.033098733112460324,0.2940385992964998,0.3201684255936535,0.3598509547895846,0.3985163537865726,0.48201793897583883,0.32900695464641627,0.03432766118872648,0.29505462735756116,0.2967790685423414,0.3269703389067512,0.3558324405345919,0.41399004317859356
cohesion_disabled,nq_53,50,True,15,5,2.0,1.0,5,16;17;41;43;44,0;3;4;7;9;11;13;14;22;28;34;37;41;43;44;45;46,1,1,11,3,1.1746234275758927,0.23492468551517853,10,7.091926641087197,3.5459633205435983,3.5459633205435983,2.371339892967706,-47.628660107032296,-44.0826967864887,-44.0826967864887,True,2.371339892967706,0.0,3003,0.09003233322710384,0.24458242497168464,0.004959694137032807,0.006922627547463185,0.01732804302380945,0.08539796583857778,1.0,0.23492468551517853,0.38431839677386154,0.006780734441526732,0.007463451193743026,0.05107567124400649,0.6433117982273169,1.0,0.7741979642051647,0.06328596323558185,0.5722299638779541,0.6792103188293375,0.7890810531915614,0.8463618740778938,0.9030358508903149,0.7091926641087197,0.05161108125308554,0.6369714160021454,0.644451272710258,0.7097410174282655,0.7619523547155256,0.7981891108223838,0.38709898210258237,0.03164298161779092,0.28611498193897705,0.33960515941466873,0.3945405265957807,0.4231809370389469,0.45151792544515745,0.35459633205435986,0.02580554062654277,0.3184857080010727,0.322225636355129,0.3548705087141327,0.3809761773577628,0.3990945554111919,0.38709898210258237,0.03164298161779092,0.28611498193897705,0.33960515941466873,0.3945405265957807,0.4231809370389469,0.45151792544515745,0.35459633205435986,0.02580554062654277,0.3184857080010727,0.322225636355129,0.3548705087141327,0.3809761773577628,0.3990945554111919
cohesion_disabled,nq_54,50,True,15,5,2.0,1.0,5,2;21;22;40;42,1;13;34;42;47,1,1,3,1,1.5065204010756492,0.3013040802151298,10,8.342245564672472,4.171122782336236,4.171122782336236,2.664602381260587,-47.335397618739414,-43.16427483640317,-43.16427483640317,True,2.664602381260587,0.0,3003,0.11609229776835119,0.24796306781101485,0.002048460275956406,0.003226307884120652,0.025885281777527774,0.24040714685034723,1.0,0.3013040802151298,0.36304425543080204,0.005125358549433111,0.01955095128039878,0.17858137219636985,0.7126497319811996,1.0,0.8756690806250961,0.05889213023272524,0.7558263161476708,0.803605243320556,0.8708893356791242,0.9491220907472673,0.9785048694943257,0.8342245564672472,0.05062073881695944,0.7558263161476708,0.7627305199777489,0.8391027047449607,0.8847673115611531,0.9347370945143906,0.43783454031254804,0.02944606511636262,0.3779131580738354,0.401802621660278,0.4354446678395621,0.47456104537363364,0.48925243474716285,0.4171122782336236,0.02531036940847972,0.3779131580738354,0.38136525998887444,0.41955135237248037,0.44238365578057653,0.4673685472571953,0.43783454031254804,0.02944606511636262,0.3779131580738354,0.401802621660278,0.4354446678395621,0.47456104537363364,0.48925243474716285,0.4171122782336236,0.02531036940847972,0.3779131580738354,0.38136525998887444,0.41955135237248037,0.44238365578057653,0.4673685472571953
cohesion_disabled,nq_55,50,True,15,5,2.0,1.0,5,3;15;27;46;47,3;13;15;18;26;37,1,1,4,2,1.3461112479014088,0.26922224958028174,10,7.9296474198526266,3.9648237099263133,3.9648237099263133,2.6187124620249045,-47.3812875379751,-43.41646382804879,-43.416463828048784,True,2.6187124620249045,0.0,3003,0.09635928357615238,0.2527506258880702,0.0015187987150046636,0.0022786182368154887,0.008747038585822167,0.19652206574424624,1.0,0.26922224958028174,0.38294922837295214,0.002095530558919436,0.0048946753560147535,0.026961886517450358,0.7231841753093526,1.0,0.83622963147877,0.057302554076237196,0.699544048015416,0.763304368431574,0.8293001031841913,0.9117903768303625,0.9664707232113178,0.7929647419852627,0.054480573498344204,0.699544048015416,0.7395804985017179,0.7919346350861942,0.8464083405201812,0.9108070179411039,0.418114815739385,0.028651277038118598,0.349772024007708,0.381652184215787,0.41465005159209567,0.45589518841518123,0.4832353616056589,0.39648237099263134,0.027240286749172102,0.349772024007708,0.36979024925085896,0.3959673175430971,0.4232041702600906,0.45540350897055193,0.418114815739385,0.028651277038118598,0.349772024007708,0.381652184215787,0.41465005159209567,0.45589518841518123,0.4832353616056589,0.39648237099263134,0.027240286749172102,0.349772024007708,0.36979024925085896,0.3959673175430971,0.4232041702600906,0.45540350897055193
cohesion_disabled,nq_56,50,True,15,5,2.0,1.0,5,26;28;36;40;48,,0,0,0,0,4.878788657160266,0.9757577314320534,10,7.388401911112721,3.6942009555563606,3.6942009555563606,-1.1845877016039053,-51.1845877016039,-47.49038674604754,-47.49038674604755,True,-1.1845877016039053,0.0,3003,0.9330376583913169,0.08424694526351437,0.7328951097589123,0.7909748507143421,0.9802181988883992,0.9998922333247666,1.0,0.9757577314320534,0.022165126385171745,0.9319392052275471,0.951250802691888,0.9886235227129061,0.9890374588040707,0.9891718333575253,0.7801170865830731,0.05663150425026204,0.686772415119918,0.7143807978709626,0.7731920331391495,0.8438760540419769,0.9983127565088373,0.7388401911112722,0.0339754100949111,0.6939255541777549,0.7011002353695107,0.740592137416953,0.7814091707343835,0.8004325698201402,0.39005854329153655,0.02831575212513102,0.343386207559959,0.3571903989354813,0.38659601656957476,0.4219380270209884,0.49915637825441866,0.3694200955556361,0.01698770504745555,0.34696277708887746,0.35055011768475536,0.3702960687084765,0.39070458536719177,0.4002162849100701,0.39005854329153655,0.02831575212513102,0.343386207559959,0.3571903989354813,0.38659601656957476,0.4219380270209884,0.49915637825441866,0.3694200955556361,0.01698770504745555,0.34696277708887746,0.35055011768475536,0.3702960687084765,0.39070458536719177,0.4002162849100701
cohesion_disabled,nq_57,50,True,15,5,2.0,1.0,5,0;1;2;4;6,0;1;2;4;5;38,1,1,6,4,4.295273099019019,0.8590546198038039,10,8.261734202623845,4.130867101311923,4.130867101311923,-0.16440599770709596,-50.16440599770709,-46.03353889639517,-46.03353889639517,True,-0.16440599770709596,0.0,3003,0.33664318130954857,0.41646741062494014,0.0005886777008341649,0.0017217040523661146,0.062494200583217765,0.9997169710320923,1.0,0.8590546198038039,0.27972805696359354,0.29960490136142665,0.578313201163702,0.9992927852109713,0.9999999046318025,1.0,0.7457573293022316,0.09976947572417909,0.548500771000665,0.6352987568766357,0.7196518679806604,0.8827119302455589,0.9698371188148246,0.8261734202623845,0.11055296487891056,0.6625845642301942,0.6716219013623713,0.8783079535144473,0.9564020056334983,0.9698371188148246,0.3728786646511158,0.049884737862089544,0.2742503855003325,0.31764937843831786,0.3598259339903302,0.44135596512277947,0.4849185594074123,0.41308671013119225,0.05527648243945528,0.3312922821150971,0.33581095068118566,0.4391539767572237,0.47820100281674915,0.4849185594074123,0.3728786646511158,0.049884737862089544,0.2742503855003325,0.31764937843831786,0.3598259339903302,0.44135596512277947,0.4849185594074123,0.41308671013119225,0.05527648243945528,0.3312922821150971,0.33581095068118566,0.4391539767572237,0.47820100281674915,0.4849185594074123
cohesion_disabled,nq_58,50,True,15,5,2.0,1.0,5,0;1;19;34;45,,0,0,0,0,1.6298472887449684,0.32596945774899366,10,6.135741339489021,3.0678706697445106,3.0678706697445106,1.4380233809995422,-48.56197661900046,-45.49410594925594,-45.494105949255946,True,1.4380233809995422,0.0,3003,0.11378637139801435,0.2836573169000572,3.736677388009636e-05,4.033527485326801e-05,0.0003521159600495683,0.4049778179298474,1.0,0.32596945774899366,0.4159826316546985,3.736677388009636e-05,3.880868640843784e-05,9.588139552528754e-05,0.8518692276081449,1.0,0.6559633152437442,0.08401948358951677,0.5017713540105238,0.5776558610054511,0.6352909750649791,0.7719168287596966,0.9976584480528609,0.6135741339489021,0.07220989133755834,0.5304742709161109,0.544293208793268,0.6016499203045167,0.6734799915882045,0.7938241560409302,0.3279816576218721,0.04200974179475839,0.2508856770052619,0.28882793050272554,0.31764548753248956,0.3859584143798483,0.49882922402643043,0.3067870669744511,0.03610494566877917,0.26523713545805544,0.272146604396634,0.30082496015225835,0.33673999579410224,0.3969120780204651,0.3279816576218721,0.04200974179475839,0.2508856770052619,0.28882793050272554,0.31764548753248956,0.3859584143798483,0.49882922402643043,0.3067870669744511,0.03610494566877917,0.26523713545805544,0.272146604396634,0.30082496015225835,0.33673999579410224,0.3969120780204651
cohesion_disabled,nq_59,50,True,15,5,2.0,1.0,5,4;21;32;33;35,,0,0,0,0,1.5602162330421083,0.31204324660842164,10,6.484230710338081,3.2421153551690405,3.2421153551690405,1.6818991221269322,-48.318100877873064,-45.07598552270402,-45.07598552270403,True,1.6818991221269322,0.0,3003,0.13691854479062776,0.2394743803242535,0.014666967948930375,0.014944113649669858,0.0626387534623279,0.21458654531291338,1.0,0.31204324660842164,0.34983612332621783,0.07382275757699291,0.07741034198065928,0.15165086643253378,0.7007803561785693,1.0,0.6889816111741396,0.07192947058078938,0.5663927547171717,0.6149624112615621,0.6812028232655992,0.7427394750625719,0.992185945396101,0.6484230710338081,0.03473109715882176,0.5965575903801702,0.6064848298318793,0.6442379745256284,0.689897680014901,0.6992520287091352,0.3444908055870698,0.03596473529039469,0.2831963773585858,0.3074812056307811,0.3406014116327996,0.37136973753128594,0.4960929726980505,0.32421153551690407,0.01736554857941088,0.2982787951900851,0.3032424149159397,0.3221189872628142,0.3449488400074505,0.3496260143545676,0.3444908055870698,0.03596473529039469,0.2831963773585858,0.3074812056307811,0.3406014116327996,0.37136973753128594,0.4960929726980505,0.32421153551690407,0.01736554857941088,0.2982787951900851,0.3032424149159397,0.3221189872628142,0.3449488400074505,0.3496260143545676
cohesion_disabled,nq_60,50,True,15,5,2.0,1.0,5,1;3;17;30;35,1;3;4;5;6;17;18;22;28;35;37,1,1,10,4,4.083064488620652,0.8166128977241301,10,7.980892725757036,3.990446362878518,3.990446362878518,-0.0926181257421339,-50.092618125742135,-46.10217176286362,-46.10217176286361,True,-0.0926181257421339,0.0,3003,0.3630352501971397,0.34208048709798694,0.06580839063279133,0.0864670901481911,0.18767570962843036,0.9314323152315512,1.0,0.8166128977241301,0.17244046327215623,0.5630064128684596,0.6014886332650696,0.925376759518865,0.9741877409493368,1.0,0.774001375739864,0.05368977616675289,0.6721219432363235,0.7117178973506056,0.7612566654890717,0.8562043833981864,0.8880517670525634,0.7980892725757035,0.05426566977677834,0.7260190973878825,0.7419053158136333,0.7848609533427751,0.8793780336569614,0.8880517670525634,0.387000687869932,0.026844888083376445,0.33606097161816173,0.3558589486753028,0.38062833274453584,0.4281021916990932,0.4440258835262817,0.39904463628785175,0.02713283488838917,0.36300954869394125,0.37095265790681664,0.39243047667138753,0.4396890168284807,0.4440258835262817,0.387000687869932,0.026844888083376445,0.33606097161816173,0.3558589486753028,0.38062833274453584,0.4281021916990932,0.4440258835262817,0.39904463628785175,0.02713283488838917,0.36300954869394125,0.37095265790681664,0.39243047667138753,0.4396890168284807,0.4440258835262817
cohesion_disabled,nq_61,50,True,15,5,2.0,1.0,5,4;7;17;36;47,3;4;7;10;24;34;36;47,1,1,8,4,4.823144249449946,0.9646288498899891,10,7.56257556051863,3.781287780259315,3.781287780259315,-1.0418564691906314,-51.041856469190634,-47.260568688931315,-47.260568688931315,True,-1.0418564691906314,0.0,3003,0.5593220164383835,0.3545072140739862,0.011181847429252934,0.16138616349779006,0.43729660856426794,0.9886801612931131,1.0,0.9646288498899891,0.03522271040100186,0.9072362217516751,0.9211156273232602,0.9785190695873325,0.99818168897212,1.0,0.7840019399605376,0.10672176167345412,0.599373129050258,0.6364079235544853,0.7738143929272955,0.9265802852145447,0.9707162506225401,0.7562575560518631,0.10886137921613452,0.6450744965303035,0.6454575553407762,0.7241350997489913,0.9061669270105176,0.9567208131694749,0.3920009699802688,0.05336088083672706,0.299686564525129,0.31820396177724264,0.38690719646364774,0.46329014260727236,0.48535812531127004,0.37812877802593153,0.05443068960806726,0.32253724826515173,0.3227287776703881,0.36206754987449563,0.4530834635052588,0.47836040658473744,0.3920009699802688,0.05336088083672706,0.299686564525129,0.31820396177724264,0.38690719646364774,0.46329014260727236,0.48535812531127004,0.37812877802593153,0.05443068960806726,0.32253724826515173,0.3227287776703881,0.36206754987449563,0.4530834635052588,0.47836040658473744
cohesion_disabled,nq_62,50,True,15,5,2.0,1.0,5,6;11;14;19;20,2;11;19;20,1,1,4,3,4.476601534765985,0.8953203069531972,10,8.016470547823154,4.008235273911577,4.008235273911577,-0.4683662608544079,-50.46836626085441,-46.46013098694283,-46.46013098694283,True,-0.4683662608544079,0.0,3003,0.5458061794779917,0.35330991595074146,0.024998272678825838,0.06317659404118108,0.5195237198227572,0.9764125102876366,1.0,0.8953203069531972,0.10951785698322646,0.7266290453472534,0.7591175016598027,0.9443043584321323,0.9991271779431892,1.0,0.8438524276840391,0.06083883999658039,0.7091776699071598,0.7665908188555381,0.8490689052601512,0.9212088893455812,0.95087316079755,0.8016470547823156,0.05560248137040467,0.7091776699071598,0.7443850448958191,0.7916229238368484,0.8693943468167202,0.8888128751680502,0.42192621384201956,0.030419419998290197,0.3545888349535799,0.3832954094277691,0.4245344526300756,0.4606044446727906,0.475436580398775,0.4008235273911578,0.027801240685202334,0.3545888349535799,0.37219252244790957,0.3958114619184242,0.4346971734083601,0.4444064375840251,0.42192621384201956,0.030419419998290197,0.3545888349535799,0.3832954094277691,0.4245344526300756,0.4606044446727906,0.475436580398775,0.4008235273911578,0.027801240685202334,0.3545888349535799,0.37219252244790957,0.3958114619184242,0.4346971734083601,0.4444064375840251
cohesion_disabled,nq_63,50,True,15,5,2.0,1.0,5,0;4;12;13;15,0;18;49,1,1,2,1,3.374293117780343,0.6748586235560686,10,8.14030960665535,4.070154803327675,4.070154803327675,0.6958616855473321,-49.304138314452665,-45.233983511125004,-45.23398351112499,True,0.6958616855473321,0.0,3003,0.25368501580406944,0.3777941260465684,0.0076128599539524765,0.00861700339644005,0.022626165372483784,0.9652296775182783,1.0,0.6748586235560686,0.39073572848259097,0.008764055797618821,0.18491976221434717,0.922978832838462,0.9973587629219289,1.0,0.8244890228105759,0.06294815643142061,0.6600717970565935,0.740458318446794,0.8283640177686649,0.9078740005205611,0.9422032580631636,0.814030960665535,0.06272978251316406,0.7113582502398696,0.7335336210159706,0.8297554024630844,0.8769219412559844,0.9097591609884985,0.41224451140528795,0.031474078215710306,0.33003589852829673,0.370229159223397,0.41418200888433243,0.45393700026028055,0.4711016290315818,0.4070154803327675,0.03136489125658203,0.3556791251199348,0.3667668105079853,0.4148777012315422,0.4384609706279922,0.45487958049424926,0.41224451140528795,0.031474078215710306,0.33003589852829673,0.370229159223397,0.41418200888433243,0.45393700026028055,0.4711016290315818,0.4070154803327675,0.03136489125658203,0.3556791251199348,0.3667668105079853,0.4148777012315422,0.4384609706279922,0.45487958049424926
cohesion_disabled,nq_64,50,True,15,5,2.0,1.0,5,0;12;25;36;47,0;1;3;4;7;9;10;12;29;32;36,1,1,11,3,4.82950624630286,0.9659012492605721,10,8.371888670370181,4.1859443351850905,4.1859443351850905,-0.6435619111177697,-50.64356191111777,-46.45761757593267,-46.45761757593268,True,-0.6435619111177697,0.0,3003,0.6750381581548139,0.3229697235151125,0.02597320994464736,0.23695415628287708,0.8479928818190589,0.9907023462807926,1.0,0.9659012492605721,0.03394437326998962,0.9170803882050143,0.9238546770268099,0.9817175121110647,0.9986768942909111,1.0,0.843917273969167,0.04729052685596076,0.7180343528058756,0.7870964364060743,0.8470879491759854,0.900445935034592,0.9365598334087873,0.8371888670370181,0.05272533782212858,0.7400844120733862,0.7852313569972023,0.8527218093982487,0.8871800637424565,0.9128865616539765,0.4219586369845835,0.02364526342798038,0.3590171764029378,0.39354821820303715,0.4235439745879927,0.450222967517296,0.4682799167043937,0.41859443351850906,0.02636266891106429,0.3700422060366931,0.39261567849860113,0.42636090469912435,0.44359003187122825,0.45644328082698826,0.4219586369845835,0.02364526342798038,0.3590171764029378,0.39354821820303715,0.4235439745879927,0.450222967517296,0.4682799167043937,0.41859443351850906,0.02636266891106429,0.3700422060366931,0.39261567849860113,0.42636090469912435,0.44359003187122825,0.45644328082698826
cohesion_disabled,nq_65,50,True,15,5,2.0,1.0,5,0;3;6;9;37,0;3;4;5;6;7;9;37,1,1,8,5,4.809435886596704,0.9618871773193408,10,9.032599662622463,4.5162998313112315,4.5162998313112315,-0.2931360552854727,-50.29313605528547,-45.77683622397424,-45.77683622397424,True,-0.2931360552854727,0.0,3003,0.4910185692486752,0.41737840413291766,0.03169958165499073,0.03656765300107745,0.6605418276417427,0.9740260123240815,1.0,0.9618871773193408,0.028495356957551808,0.9183781891501285,0.9303429104419753,0.9581730535800844,0.9938378605946985,1.0,0.8867563658459126,0.03453191962352143,0.8290595965422194,0.844728319952915,0.8803100068655021,0.9388345893968091,0.9621318896970212,0.9032599662622465,0.03106407752781642,0.8489819271730679,0.8638565863417491,0.9064467494467239,0.9442445100323379,0.9599934102825345,0.4433781829229563,0.017265959811760715,0.4145297982711097,0.4223641599764575,0.44015500343275105,0.46941729469840454,0.4810659448485106,0.45162998313112324,0.01553203876390821,0.42449096358653393,0.43192829317087456,0.45322337472336194,0.47212225501616895,0.47999670514126724,0.4433781829229563,0.017265959811760715,0.4145297982711097,0.4223641599764575,0.44015500343275105,0.46941729469840454,0.4810659448485106,0.45162998313112324,0.01553203876390821,0.42449096358653393,0.43192829317087456,0.45322337472336194,0.47212225501616895,0.47999670514126724
cohesion_disabled,nq_66,50,True,15,5,2.0,1.0,5,9;13;16;20;26,0;3;9;11;13;16;24;26;31;34;38,1,1,7,4,4.594721764992725,0.9189443529985448,10,7.807348065027465,3.9036740325137327,3.9036740325137327,-0.6910477324789923,-50.69104773247899,-46.787373699965265,-46.78737369996526,True,-0.6910477324789923,0.0,3003,0.4786638020578787,0.40648388535320057,0.015248912208777672,0.031864343427443084,0.293382890871856,0.99342168364769,1.0,0.9189443529985448,0.09469021702619149,0.7778602602358975,0.7995943045269907,0.9868899831411394,0.9991104602608228,1.0,0.831379165148673,0.08033925558809381,0.6531270598420962,0.7107937633874678,0.8360222307347205,0.9325259386211805,0.96290219040953,0.7807348065027465,0.04251233520875122,0.6960115143792851,0.7310546333411015,0.785744452713673,0.820401296067739,0.8408623100021911,0.4156895825743365,0.040169627794046904,0.3265635299210481,0.3553968816937339,0.41801111536736024,0.46626296931059025,0.481451095204765,0.39036740325137326,0.02125616760437561,0.34800575718964255,0.3655273166705508,0.3928722263568365,0.4102006480338695,0.42043115500109557,0.4156895825743365,0.040169627794046904,0.3265635299210481,0.3553968816937339,0.41801111536736024,0.46626296931059025,0.481451095204765,0.39036740325137326,0.02125616760437561,0.34800575718964255,0.3655273166705508,0.3928722263568365,0.4102006480338695,0.42043115500109557
cohesion_disabled,nq_67,50,True,15,5,2.0,1.0,5,1;6;7;9;31,,0,0,0,0,1.722841432987692,0.3445682865975384,10,7.000849449073352,3.500424724536676,3.500424724536676,1.7775832915489842,-48.222416708451014,-44.72199198391435,-44.72199198391434,True,1.7775832915489842,0.0,3003,0.12283722306211063,0.2574230219954393,0.0008435461869508295,0.00177362497386915,0.011612525261100293,0.3288723676853604,1.0,0.3445682865975384,0.3531345629981438,0.003470657231903175,0.03930713822529867,0.23456490969438865,0.7566976025384033,1.0,0.720652836230283,0.09526656519442252,0.5416212232810725,0.6168641128666634,0.6982580968995594,0.8607046426519508,0.9821879902845941,0.7000849449073352,0.10569184414003611,0.5829328169584659,0.590441270042626,0.6657452676163498,0.8443161535162401,0.9057067898428386,0.3603264181151415,0.04763328259721126,0.27081061164053627,0.3084320564333317,0.3491290484497797,0.4303523213259754,0.49109399514229707,0.3500424724536676,0.05284592207001806,0.29146640847923294,0.295220635021313,0.3328726338081749,0.42215807675812006,0.4528533949214193,0.3603264181151415,0.04763328259721126,0.27081061164053627,0.3084320564333317,0.3491290484497797,0.4303523213259754,0.49109399514229707,0.3500424724536676,0.05284592207001806,0.29146640847923294,0.295220635021313,0.3328726338081749,0.42215807675812006,0.4528533949214193
cohesion_disabled,nq_68,50,True,15,5,2.0,1.0,5,0;2;16;33;47,4;11,0,0,0,0,1.4776379488234224,0.29552758976468446,10,8.462476448964228,4.231238224482114,4.231238224482114,2.753600275658692,-47.24639972434131,-43.015161499859204,-43.0151614998592,True,2.753600275658692,0.0,3003,0.11106838076487202,0.2473668177074037,0.004085790780574578,0.005189102472718863,0.021976417758114944,0.20843025818446198,1.0,0.29552758976468446,0.3633667716811458,0.004085790780574578,0.03925416833323245,0.10248497921957518,0.7116241776644214,1.0,0.8544596726620374,0.042258283754034086,0.7405657847932803,0.8027119402069898,0.8501613614929202,0.9072406118781472,0.9716964205091411,0.8462476448964228,0.04616259780921161,0.7726178858974553,0.793587017510354,0.847706915414201,0.9041107452295682,0.9358053741959718,0.4272298363310187,0.021129141877017043,0.37028289239664014,0.4013559701034949,0.4250806807464601,0.4536203059390736,0.48584821025457053,0.4231238224482114,0.023081298904605804,0.38630894294872764,0.396793508755177,0.4238534577071005,0.4520553726147841,0.4679026870979859,0.4272298363310187,0.021129141877017043,0.37028289239664014,0.4013559701034949,0.4250806807464601,0.4536203059390736,0.48584821025457053,0.4231238224482114,0.023081298904605804,0.38630894294872764,0.396793508755177,0.4238534577071005,0.4520553726147841,0.4679026870979859
cohesion_disabled,nq_69,50,True,15,5,2.0,1.0,5,3;8;9;23;34,,0,0,0,0,2.9309044403171507,0.5861808880634303,10,6.787632268143693,3.3938161340718467,3.3938161340718467,0.462911693754696,-49.5370883062453,-46.143272172173454,-46.14327217217346,True,0.462911693754696,0.0,3003,0.209751533223185,0.32717413276627905,0.007914686794378538,0.009232325411485574,0.02608366840111751,0.7759667066568146,1.0,0.5861808880634303,0.3289680973394484,0.18812962295642427,0.21521103883936815,0.5809914308067547,0.9623800895560752,1.0,0.6845476034281823,0.08851542631096772,0.5330621242241766,0.6041144646829295,0.6668117782067542,0.8080387195538904,0.931255446751043,0.6787632268143693,0.06146337047087696,0.5677572957056466,0.6264487093711874,0.6675742180844184,0.7507828709219658,0.8054517472724566,0.34227380171409116,0.04425771315548386,0.2665310621120883,0.30205723234146475,0.3334058891033771,0.4040193597769452,0.4656277233755215,0.33938161340718465,0.03073168523543848,0.2838786478528233,0.3132243546855937,0.3337871090422092,0.3753914354609829,0.4027258736362283,0.34227380171409116,0.04425771315548386,0.2665310621120883,0.30205723234146475,0.3334058891033771,0.4040193597769452,0.4656277233755215,0.33938161340718465,0.03073168523543848,0.2838786478528233,0.3132243546855937,0.3337871090422092,0.3753914354609829,0.4027258736362283
cohesion_disabled,nq_70,50,True,15,5,2.0,1.0,5,2;40;42;43;45,7;24,1,0,1,0,1.7823949426095185,0.3564789885219037,10,7.029385790640857,3.5146928953204286,3.5146928953204286,1.7322979527109101,-48.26770204728909,-44.753009151968655,-44.75300915196866,True,1.7322979527109101,0.0,3003,0.15631408623070273,0.24641854643598735,0.014453827727273855,0.016011208658681907,0.06414581532100096,0.32727521118586755,1.0,0.3564789885219037,0.3429297043357278,0.03034493608921114,0.05840914026146637,0.3182576240720369,0.7333147743713686,1.0,0.7693154302058377,0.0861716105924454,0.6088122521373979,0.6630451239875471,0.7600555316121794,0.894015822772316,0.9230323585886782,0.7029385790640859,0.06822080181281823,0.6124014363238487,0.6322535146518009,0.6929388379427683,0.7701717912663937,0.8612181281543223,0.38465771510291885,0.0430858052962227,0.30440612606869893,0.33152256199377356,0.3800277658060897,0.447007911386158,0.4615161792943391,0.35146928953204293,0.034110400906409113,0.30620071816192435,0.31612675732590045,0.34646941897138417,0.38508589563319684,0.43060906407716115,0.38465771510291885,0.0430858052962227,0.30440612606869893,0.33152256199377356,0.3800277658060897,0.447007911386158,0.4615161792943391,0.35146928953204293,0.034110400906409113,0.30620071816192435,0.31612675732590045,0.34646941897138417,0.38508589563319684,0.43060906407716115
cohesion_disabled,nq_71,50,True,15,5,2.0,1.0,5,2;23;29;31;39,0;3;5;12;14;18;22;23;29,1,1,3,2,2.980859568168547,0.5961719136337094,10,8.704958373298915,4.352479186649457,4.352479186649457,1.3716196184809104,-48.62838038151909,-44.27590119486963,-44.27590119486963,True,1.3716196184809104,0.0,3003,0.2551146833633208,0.2899830705922579,0.06291111309801382,0.07069584515295878,0.09579688290310395,0.7022227361883007,1.0,0.5961719136337094,0.2777715890852565,0.23611922848094125,0.3009855885435559,0.5282519522088798,0.9272813035364993,1.0,0.8934424353513876,0.05973805336600915,0.7578737244721891,0.798304287032579,0.9122821096180855,0.9593858761603562,0.9725259696156057,0.8704958373298914,0.054556933114687615,0.8058049952223254,0.8063145433528932,0.8831756420312048,0.9239369956309198,0.9597263805368883,0.4467212176756938,0.029869026683004576,0.3789368622360946,0.3991521435162895,0.45614105480904277,0.4796929380801781,0.48626298480780283,0.4352479186649457,0.027278466557343808,0.4029024976111627,0.4031572716764466,0.4415878210156024,0.4619684978154599,0.47986319026844415,0.4467212176756938,0.029869026683004576,0.3789368622360946,0.3991521435162895,0.45614105480904277,0.4796929380801781,0.48626298480780283,0.4352479186649457,0.027278466557343808,0.4029024976111627,0.4031572716764466,0.4415878210156024,0.4619684978154599,0.47986319026844415
cohesion_disabled,nq_72,50,True,15,5,2.0,1.0,5,0;1;10;17;43,0;1;2;3;4;11;14;43,1,1,8,3,2.369470297454111,0.47389405949082225,10,7.4012682114977695,3.7006341057488847,3.7006341057488847,1.3311638082947739,-48.668836191705225,-44.96820208595635,-44.96820208595634,True,1.3311638082947739,0.0,3003,0.16464073490661837,0.3196980740869202,9.217856822192136e-05,9.498426440900413e-05,0.002144740580673852,0.6963970504296462,1.0,0.47389405949082225,0.40264748745663487,9.217856822192136e-05,0.011802373405308679,0.53804610752662,0.9207857382793322,1.0,0.7442388257562879,0.07985486305446554,0.5589411379130895,0.6600123398396006,0.7367257881617606,0.8597996288431209,0.9603900642861072,0.7401268211497769,0.08896156988723136,0.633054450170849,0.6597323602320312,0.7012634749167248,0.874443834685534,0.8888547734845879,0.37211941287814393,0.03992743152723277,0.27947056895654476,0.3300061699198003,0.3683628940808803,0.42989981442156044,0.4801950321430536,0.37006341057488845,0.04448078494361568,0.3165272250854245,0.3298661801160156,0.3506317374583624,0.437221917342767,0.44442738674229393,0.37211941287814393,0.03992743152723277,0.27947056895654476,0.3300061699198003,0.3683628940808803,0.42989981442156044,0.4801950321430536,0.37006341057488845,0.04448078494361568,0.3165272250854245,0.3298661801160156,0.3506317374583624,0.437221917342767,0.44442738674229393
cohesion_disabled,nq_73,50,True,15,5,2.0,1.0,5,0;1;4;12;43,0;1;4,1,1,3,3,3.3132643397754595,0.6626528679550919,10,7.36322536899798,3.68161268449899,3.68161268449899,0.3683483447235303,-49.63165165527647,-45.95003897077748,-45.95003897077748,True,0.3683483447235303,0.0,3003,0.24305043615356456,0.3406328104596875,0.00456475841378493,0.0056511348018422865,0.03493845461507784,0.7801529783928233,1.0,0.6626528679550919,0.28250144167472724,0.15718118869637587,0.3388063681492841,0.7337521492871945,0.924434745785297,1.0,0.6950555412447774,0.05747998318275233,0.5796001897910623,0.640520974959473,0.6856068237864458,0.7487674027438153,0.9835149911374702,0.7363225368997981,0.07682314771868522,0.6541108222754324,0.6609095396439177,0.7082766852705185,0.8557951488587232,0.8917617871142135,0.3475277706223887,0.028739991591376166,0.28980009489553116,0.3202604874797365,0.3428034118932229,0.37438370137190763,0.4917574955687351,0.36816126844989905,0.03841157385934261,0.3270554111377162,0.33045476982195887,0.35413834263525923,0.4278975744293616,0.44588089355710675,0.3475277706223887,0.028739991591376166,0.28980009489553116,0.3202604874797365,0.3428034118932229,0.37438370137190763,0.4917574955687351,0.36816126844989905,0.03841157385934261,0.3270554111377162,0.33045476982195887,0.35413834263525923,0.4278975744293616,0.44588089355710675
cohesion_disabled,nq_74,50,True,15,5,2.0,1.0,5,4;9;11;40;47,9;40;41,1,1,2,2,4.653888198221401,0.9307776396442803,10,8.103143524869306,4.051571762434653,4.051571762434653,-0.6023164357867481,-50.60231643578675,-46.5507446733521,-46.55074467335209,True,-0.6023164357867481,0.0,3003,0.46108938105963476,0.41522887139784936,0.02788645354438728,0.033993430033089016,0.2777035937021963,0.9797436468667902,1.0,0.9307776396442803,0.0668502253339549,0.8454324370985218,0.8507597868237197,0.9503966148001375,0.9997233339644901,1.0,0.7805476346822244,0.07887278600912076,0.6454990734990449,0.6964594385515571,0.7619494970354507,0.9196206795718935,0.9976602803740957,0.8103143524869306,0.06716699309486737,0.7291048907783162,0.7426227975000114,0.8080689616488317,0.8877526910026092,0.9540841899477889,0.3902738173411122,0.03943639300456038,0.32274953674952245,0.34822971927577856,0.38097474851772534,0.45981033978594676,0.49883014018704785,0.4051571762434653,0.033583496547433686,0.3645524453891581,0.3713113987500057,0.40403448082441584,0.4438763455013046,0.47704209497389444,0.3902738173411122,0.03943639300456038,0.32274953674952245,0.34822971927577856,0.38097474851772534,0.45981033978594676,0.49883014018704785,0.4051571762434653,0.033583496547433686,0.3645524453891581,0.3713113987500057,0.40403448082441584,0.4438763455013046,0.47704209497389444
cohesion_disabled,nq_75,50,True,15,5,2.0,1.0,5,0;1;2;10;24,0;1;2;24,1,1,4,4,4.13181676559427,0.8263633531188541,10,7.895018737987642,3.947509368993821,3.947509368993821,-0.18430739660044937,-50.18430739660045,-46.236798027606625,-46.23679802760663,True,-0.18430739660044937,0.0,3003,0.2952482910643329,0.41696999633897397,0.006526262838898013,0.010609858654771683,0.028829837959037742,0.9997134828649941,1.0,0.8263633531188541,0.31044596277253367,0.20822888510196683,0.4946589050225043,0.9992844224420099,0.9999998092587934,1.0,0.7538870370376015,0.07645486059788857,0.622897768477879,0.6623498760393935,0.7568314016383781,0.8342295576269709,0.9952675829556491,0.7895018737987641,0.09356467242507026,0.6706016930016894,0.6800464586050822,0.8054831966672336,0.8716912320136571,0.9952675829556491,0.37694351851880076,0.038227430298944286,0.3114488842389395,0.3311749380196968,0.37841570081918907,0.41711477881348547,0.49763379147782455,0.39475093689938207,0.04678233621253513,0.3353008465008447,0.3400232293025411,0.4027415983336168,0.43584561600682853,0.49763379147782455,0.37694351851880076,0.038227430298944286,0.3114488842389395,0.3311749380196968,0.37841570081918907,0.41711477881348547,0.49763379147782455,0.39475093689938207,0.04678233621253513,0.3353008465008447,0.3400232293025411,0.4027415983336168,0.43584561600682853,0.49763379147782455
cohesion_disabled,nq_76,50,True,15,5,2.0,1.0,5,0;1;3;7;10,0;1;3;10,1,1,4,4,4.160480623281103,0.8320961246562206,10,8.91446078220962,4.45723039110481,4.45723039110481,0.296749767823707,-49.703250232176295,-45.24601984107149,-45.24601984107149,True,0.296749767823707,0.0,3003,0.2787915679172483,0.41327625727267353,7.16842108585149e-05,0.00011870955435390316,0.004923800144849366,0.9661552129297224,1.0,0.8320961246562206,0.23055847068383653,0.38256997621779,0.5734501191317641,0.9236448760331497,0.997798175010975,1.0,0.7369783551136985,0.07935055736859108,0.560506957535375,0.6579008767997147,0.7222891284183051,0.8727764110957537,0.9828476913985371,0.8914460782209618,0.037628398104763656,0.8232521576975089,0.86467818965682,0.8859341089055727,0.9350431079002058,0.971748252683081,0.36848917755684923,0.03967527868429554,0.2802534787676875,0.3289504383998573,0.36114456420915253,0.43638820554787683,0.49142384569926856,0.4457230391104809,0.018814199052381828,0.41162607884875446,0.43233909482841,0.44296705445278634,0.4675215539501029,0.4858741263415405,0.36848917755684923,0.03967527868429554,0.2802534787676875,0.3289504383998573,0.36114456420915253,0.43638820554787683,0.49142384569926856,0.4457230391104809,0.018814199052381828,0.41162607884875446,0.43233909482841,0.44296705445278634,0.4675215539501029,0.4858741263415405
cohesion_disabled,nq_77,50,True,15,5,2.0,1.0,5,10;18;32;44;47,,0,0,0,0,1.0035866122076043,0.20071732244152085,10,6.263210278858168,3.131605139429084,3.131605139429084,2.1280185272214798,-47.87198147277852,-44.74037633334944,-44.74037633334944,True,2.1280185272214798,0.0,3003,0.0679879307536166,0.24909894429742696,0.0004458226625796475,0.00046557294499074547,0.0007903207351970449,0.006105840721554064,1.0,0.20071732244152085,0.39964153997238466,0.0004894314381070378,0.0005557256479378969,0.0007911840532882158,0.60066033190141,1.0,0.7031597433977556,0.06484194149360267,0.5717955066355039,0.6252438856099898,0.702289825174537,0.7795443688911834,0.9617283123206698,0.6263210278858169,0.03586861978131205,0.5751645971971603,0.5903689459189468,0.6211041790089488,0.6465397342497282,0.7186413444849697,0.3515798716988778,0.032420970746801336,0.28589775331775197,0.3126219428049949,0.3511449125872685,0.3897721844455917,0.4808641561603349,0.31316051394290845,0.017934309890656024,0.28758229859858014,0.2951844729594734,0.3105520895044744,0.3232698671248641,0.3593206722424849,0.3515798716988778,0.032420970746801336,0.28589775331775197,0.3126219428049949,0.3511449125872685,0.3897721844455917,0.4808641561603349,0.31316051394290845,0.017934309890656024,0.28758229859858014,0.2951844729594734,0.3105520895044744,0.3232698671248641,0.3593206722424849
cohesion_disabled,nq_78,50,True,15,5,2.0,1.0,5,0;13;23;28;38,0;16;19;25;28,1,1,5,2,4.0424335851818185,0.8084867170363637,10,8.174135103336928,4.087067551668464,4.087067551668464,0.04463396648664553,-49.95536603351336,-45.86829848184489,-45.86829848184489,True,0.04463396648664553,0.0,3003,0.3939536831841171,0.3183217571186517,0.07567986344147014,0.0869572283041766,0.25120853015749417,0.907807400288652,1.0,0.8084867170363637,0.17489413788971994,0.5240953428895345,0.6106477593565777,0.794548573262164,0.993325313989191,1.0,0.8128695239824947,0.060971067013371225,0.712778694575816,0.7443822495082242,0.7986264156001938,0.8985896873065106,0.9915280976422803,0.8174135103336928,0.03707821371142914,0.7453321036601522,0.7746448104221051,0.8204976979287877,0.8604096191663348,0.8632239165768341,0.40643476199124734,0.030485533506685612,0.356389347287908,0.3721911247541121,0.3993132078000969,0.4492948436532553,0.49576404882114017,0.4087067551668464,0.01853910685571457,0.3726660518300761,0.38732240521105255,0.41024884896439384,0.4302048095831674,0.43161195828841703,0.40643476199124734,0.030485533506685612,0.356389347287908,0.3721911247541121,0.3993132078000969,0.4492948436532553,0.49576404882114017,0.4087067551668464,0.01853910685571457,0.3726660518300761,0.38732240521105255,0.41024884896439384,0.4302048095831674,0.43161195828841703
cohesion_disabled,nq_79,50,True,15,5,2.0,1.0,5,0;1;9;21;45,0;1;2;37,1,1,3,2,3.3633408671290583,0.6726681734258118,10,8.260598644210681,4.130299322105341,4.130299322105341,0.7669584549762822,-49.23304154502372,-45.10274222291838,-45.10274222291838,True,0.7669584549762822,0.0,3003,0.32106894564243726,0.30980382161081166,0.004240662928717743,0.015733119702036683,0.2613122566915081,0.8007193250629694,1.0,0.6726681734258118,0.2680318904260894,0.37735295674433295,0.41861470662165423,0.5128451115264205,0.9970541869682676,1.0,0.7919932949480412,0.07836522273249409,0.5907939037175113,0.6935017475736357,0.7984566304394476,0.9010016760146387,0.9445360015674811,0.8260598644210679,0.07295922506230179,0.7593157400778993,0.759598148259013,0.7872743499617031,0.9422829816278312,0.9445360015674811,0.3959966474740206,0.039182611366247046,0.29539695185875564,0.34675087378681785,0.3992283152197238,0.4505008380073193,0.47226800078374054,0.41302993221053397,0.036479612531150896,0.37965787003894963,0.3797990741295065,0.39363717498085155,0.4711414908139156,0.47226800078374054,0.3959966474740206,0.039182611366247046,0.29539695185875564,0.34675087378681785,0.3992283152197238,0.4505008380073193,0.47226800078374054,0.41302993221053397,0.036479612531150896,0.37965787003894963,0.3797990741295065,0.39363717498085155,0.4711414908139156,0.47226800078374054
cohesion_disabled,nq_80,50,True,15,5,2.0,1.0,5,3;4;8;13;31,0;2;3;4;7;8;13;14,1,1,8,4,4.815651579859343,0.9631303159718685,10,8.094359123819027,4.0471795619095134,4.0471795619095134,-0.7684720179498292,-50.76847201794983,-46.72129245604031,-46.72129245604032,True,-0.7684720179498292,0.0,3003,0.605366098075679,0.4612928052543007,0.0018861885145819673,0.002634943101520106,0.9851962266539164,0.9996807194074975,1.0,0.9631303159718685,0.06962091784208266,0.8239310351462142,0.8922807579650783,0.9979150555289834,0.9995485103950692,0.9997422579938053,0.8039183760078268,0.073880133101064,0.5757846434577208,0.7088759217133251,0.8171810900701715,0.8963301134728731,0.9734202165681397,0.8094359123819027,0.0643987513852555,0.7028151678774731,0.711504649478598,0.8340802309473812,0.8701002269964723,0.9051889582242167,0.4019591880039134,0.036940066550532,0.2878923217288604,0.35443796085666257,0.40859054503508574,0.44816505673643653,0.48671010828406985,0.40471795619095136,0.03219937569262775,0.35140758393873656,0.355752324739299,0.4170401154736906,0.43505011349823614,0.45259447911210837,0.4019591880039134,0.036940066550532,0.2878923217288604,0.35443796085666257,0.40859054503508574,0.44816505673643653,0.48671010828406985,0.40471795619095136,0.03219937569262775,0.35140758393873656,0.355752324739299,0.4170401154736906,0.43505011349823614,0.45259447911210837
cohesion_disabled,nq_81,50,True,15,5,2.0,1.0,5,5;8;14;32;47,0;1;2;3;4;5;7;8;9;10;11;12;13;15;18;23;25;26;27;28;29;31;33;35;36;37;39;41;43;45;47,1,1,12,3,4.911815300115798,0.9823630600231595,10,8.295594145236377,4.1477970726181885,4.1477970726181885,-0.7640182274976093,-50.76401822749761,-46.616221154879426,-46.61622115487942,True,-0.7640182274976093,0.0,3003,0.9556360351259511,0.043820349129728896,0.8378110580897445,0.9147917900107647,0.9653097996784124,0.9962009105768258,1.0,0.9823630600231595,0.026246415042360714,0.9303171827315633,0.9545898418110819,0.9922636828833858,0.9992942416281956,1.0,0.8572666963609441,0.042879942052637746,0.7488755089810861,0.8122464366343091,0.850743662243188,0.9146220074462911,0.9576486150335077,0.8295594145236377,0.04264972628941637,0.7488755089810861,0.7804642830542943,0.8273603016781196,0.8723996971392604,0.9056556011653755,0.42863334818047205,0.021439971026318873,0.37443775449054306,0.40612321831715453,0.425371831121594,0.45731100372314554,0.47882430751675387,0.41477970726181884,0.021324863144708186,0.37443775449054306,0.39023214152714714,0.4136801508390598,0.4361998485696302,0.45282780058268773,0.42863334818047205,0.021439971026318873,0.37443775449054306,0.40612321831715453,0.425371831121594,0.45731100372314554,0.47882430751675387,0.41477970726181884,0.021324863144708186,0.37443775449054306,0.39023214152714714,0.4136801508390598,0.4361998485696302,0.45282780058268773
cohesion_disabled,nq_82,50,True,15,5,2.0,1.0,5,3;12;18;27;44,3;5;35,1,1,2,1,2.229149693877236,0.44582993877544724,10,7.609242606668382,3.804621303334191,3.804621303334191,1.575471609456955,-48.424528390543045,-44.61990708720886,-44.61990708720886,True,1.575471609456955,0.0,3003,0.22197186688458775,0.24780546734839207,0.04542897127785119,0.05181697865119579,0.144107765186718,0.4788738009026159,1.0,0.44582993877544724,0.3207190292184745,0.04542897127785119,0.12812506539519314,0.40028554357145696,0.8125063889826888,1.0,0.7964309358553798,0.0565330081241583,0.6497148408830132,0.709129756767814,0.8086739878230855,0.8600678425568058,0.8987229663099201,0.7609242606668382,0.05537303509769637,0.681514053209018,0.699797538864177,0.7646716094550619,0.8411115389432673,0.8532685246854209,0.3982154679276899,0.02826650406207915,0.3248574204415066,0.354564878383907,0.40433699391154276,0.4300339212784029,0.44936148315496005,0.3804621303334191,0.027686517548848186,0.340757026604509,0.3498987694320885,0.3823358047275309,0.42055576947163364,0.42663426234271046,0.3982154679276899,0.02826650406207915,0.3248574204415066,0.354564878383907,0.40433699391154276,0.4300339212784029,0.44936148315496005,0.3804621303334191,0.027686517548848186,0.340757026604509,0.3498987694320885,0.3823358047275309,0.42055576947163364,0.42663426234271046
cohesion_disabled,nq_83,50,True,15,5,2.0,1.0,5,6;25;40;41;46,,0,0,0,0,2.330211822603827,0.4660423645207653,10,7.450482060652504,3.725241030326252,3.725241030326252,1.3950292077224251,-48.60497079227758,-44.87972976195134,-44.879729761951324,True,1.3950292077224251,0.0,3003,0.2093567843581715,0.30115717760505367,0.01147543194462421,0.01372970208680191,0.08697339557571879,0.6537380090718189,1.0,0.4660423645207653,0.4077821572363804,0.05921964846128936,0.07305871262933966,0.2628345504242715,0.9657361259347403,1.0,0.7986306786778249,0.061376185779037674,0.7024610736520251,0.7330102696221371,0.7855581899670803,0.8971004383398523,0.9804067090823206,0.7450482060652505,0.0262738030538209,0.7161534578648674,0.7226121006972733,0.7345261472272264,0.7741362796261654,0.8055835193333333,0.39931533933891245,0.030688092889518837,0.3512305368260126,0.36650513481106856,0.39277909498354013,0.44855021916992616,0.4902033545411603,0.37252410303262523,0.01313690152691045,0.3580767289324337,0.36130605034863666,0.3672630736136132,0.3870681398130827,0.40279175966666664,0.39931533933891245,0.030688092889518837,0.3512305368260126,0.36650513481106856,0.39277909498354013,0.44855021916992616,0.4902033545411603,0.37252410303262523,0.01313690152691045,0.3580767289324337,0.36130605034863666,0.3672630736136132,0.3870681398130827,0.40279175966666664
cohesion_disabled,nq_84,50,True,15,5,2.0,1.0,5,28;30;35;36;42,25,1,0,1,0,1.001997143021794,0.2003994286043588,10,7.135132356946623,3.5675661784733115,3.5675661784733115,2.5655690354515173,-47.43443096454848,-43.866864786075176,-43.86686478607517,True,2.5655690354515173,0.0,3003,0.06901067468827236,0.24883166251332517,0.0001717044602358762,0.00023939384855203052,0.0012548051709961713,0.00777649151789833,1.0,0.2003994286043588,0.3998004790794696,0.0001717044602358762,0.00020052175688318972,0.00032688568870769185,0.6005019220683986,1.0,0.7894621795582725,0.08070312189893128,0.653025674704045,0.7015565217091704,0.7605507169506329,0.9210535135547608,0.9549124593024526,0.7135132356946622,0.04258531730955798,0.653025674704045,0.6817440865552259,0.6953121613168507,0.7651056165960171,0.8040923347323066,0.39473108977913623,0.04035156094946564,0.3265128373520225,0.3507782608545852,0.38027535847531646,0.4605267567773804,0.4774562296512263,0.3567566178473311,0.02129265865477899,0.3265128373520225,0.34087204327761295,0.34765608065842535,0.38255280829800853,0.4020461673661533,0.39473108977913623,0.04035156094946564,0.3265128373520225,0.3507782608545852,0.38027535847531646,0.4605267567773804,0.4774562296512263,0.3567566178473311,0.02129265865477899,0.3265128373520225,0.34087204327761295,0.34765608065842535,0.38255280829800853,0.4020461673661533
cohesion_disabled,nq_85,50,True,15,5,2.0,1.0,5,4;7;18;35;37,1;3;8;37;39,1,1,4,1,4.757869935122138,0.9515739870244276,10,8.338389629969738,4.169194814984869,4.169194814984869,-0.5886751201372693,-50.58867512013727,-46.4194803051524,-46.4194803051524,True,-0.5886751201372693,0.0,3003,0.608798044890444,0.2741006917221734,0.24529432948201832,0.294930384024283,0.5424175285606994,0.9801817113211501,1.0,0.9515739870244276,0.0544375712956486,0.8472748570456359,0.8897832443672757,0.9702392015745502,0.9947240204608867,1.0,0.8353978242713452,0.04339205435951928,0.7464401163217447,0.783131816375846,0.829265150852083,0.8945067868123951,0.9695955161727549,0.8338389629969738,0.03676219216295404,0.776077022880982,0.7877281557228666,0.8382134385505781,0.8708011101849854,0.8968046070724546,0.4176989121356726,0.02169602717975964,0.37322005816087234,0.391565908187923,0.4146325754260415,0.4472533934061976,0.48479775808637743,0.4169194814984869,0.01838109608147702,0.388038511440491,0.3938640778614333,0.41910671927528903,0.4354005550924927,0.4484023035362273,0.4176989121356726,0.02169602717975964,0.37322005816087234,0.391565908187923,0.4146325754260415,0.4472533934061976,0.48479775808637743,0.4169194814984869,0.01838109608147702,0.388038511440491,0.3938640778614333,0.41910671927528903,0.4354005550924927,0.4484023035362273
cohesion_disabled,nq_86,50,True,15,5,2.0,1.0,5,0;11;17;39;45,0;12;14;16;31;35;39,1,1,6,2,1.2126098760756636,0.24252197521513272,10,6.870064431662727,3.4350322158313635,3.4350322158313635,2.2224223397557,-47.7775776602443,-44.342545444412934,-44.342545444412934,True,2.2224223397557,0.0,3003,0.09212889957298769,0.2437943857643593,0.004409155906447194,0.004733800067022125,0.023644470746828284,0.07820265467155704,1.0,0.24252197521513272,0.3793990483054995,0.023644470746828284,0.02958918907099901,0.06036414295695542,0.63603799832585,1.0,0.7096300453051817,0.05355412928088199,0.6059545947349008,0.6326268575863112,0.71660229274466,0.7622797165868472,0.9661662618098993,0.6870064431662728,0.05028066848579377,0.6059545947349008,0.6269221914986111,0.7078615173245408,0.7422119174843317,0.7513175047689582,0.35481502265259085,0.026777064640440995,0.3029772973674504,0.3163134287931556,0.35830114637233,0.3811398582934236,0.48308313090494964,0.3435032215831364,0.025140334242896883,0.3029772973674504,0.31346109574930553,0.3539307586622704,0.37110595874216584,0.3756587523844791,0.35481502265259085,0.026777064640440995,0.3029772973674504,0.3163134287931556,0.35830114637233,0.3811398582934236,0.48308313090494964,0.3435032215831364,0.025140334242896883,0.3029772973674504,0.31346109574930553,0.3539307586622704,0.37110595874216584,0.3756587523844791
cohesion_disabled,nq_87,50,True,15,5,2.0,1.0,5,0;1;4;37;49,0;1;4;12;30,1,1,3,3,3.0200441773185416,0.6040088354637083,10,7.217692124377784,3.608846062188892,3.608846062188892,0.5888018848703505,-49.41119811512965,-45.80235205294076,-45.802352052940755,True,0.5888018848703505,0.0,3003,0.20552516730999779,0.3917575142731872,0.00020712656356826705,0.0002456149907434459,0.0015365596948333788,0.9856468647777336,1.0,0.6040088354637083,0.47112492479384305,0.0007025523255278143,0.022189821881120043,0.9665283724468482,0.9993570105326629,1.0,0.7380659413004786,0.08339786503716505,0.5652469298057227,0.6389652145961875,0.7314328754375733,0.8531205985164613,0.922670357022529,0.7217692124377784,0.08861899131467033,0.5891786739766923,0.6294120394589826,0.7123433893203917,0.8142197487734457,0.9017270695001425,0.3690329706502393,0.041698932518582525,0.28262346490286133,0.31948260729809375,0.36571643771878665,0.42656029925823064,0.4613351785112645,0.3608846062188892,0.04430949565733516,0.29458933698834616,0.3147060197294913,0.3561716946601958,0.40710987438672286,0.45086353475007124,0.3690329706502393,0.041698932518582525,0.28262346490286133,0.31948260729809375,0.36571643771878665,0.42656029925823064,0.4613351785112645,0.3608846062188892,0.04430949565733516,0.29458933698834616,0.3147060197294913,0.3561716946601958,0.40710987438672286,0.45086353475007124
cohesion_disabled,nq_88,50,True,15,5,2.0,1.0,5,2;4;11;13;15,2;4;31,1,1,2,2,2.0398713165246916,0.4079742633049383,10,9.009832539235969,4.5049162696179845,4.5049162696179845,2.465044953093293,-47.53495504690671,-43.03003877728872,-43.03003877728872,True,2.465044953093293,0.0,3003,0.15352783926381985,0.25353059511850806,0.0031350495632384468,0.00940792917439104,0.0412701753316534,0.3447592709651559,1.0,0.4079742633049383,0.3082070417748457,0.10970681124941407,0.16685612956433854,0.3089568398898773,0.74745102333947,1.0,0.9020234126641986,0.024255364311340646,0.8463907534449229,0.870909369042614,0.9003820025191577,0.934998667637622,0.9876473621272401,0.9009832539235971,0.013505435404447857,0.8877832751012422,0.8901396059667157,0.895444590409537,0.920700477349085,0.9304580826783527,0.4510117063320993,0.012127682155670323,0.42319537672246144,0.435454684521307,0.45019100125957884,0.467499333818811,0.49382368106362007,0.45049162696179856,0.006752717702223928,0.4438916375506211,0.44506980298335785,0.4477222952047685,0.4603502386745425,0.46522904133917636,0.4510117063320993,0.012127682155670323,0.42319537672246144,0.435454684521307,0.45019100125957884,0.467499333818811,0.49382368106362007,0.45049162696179856,0.006752717702223928,0.4438916375506211,0.44506980298335785,0.4477222952047685,0.4603502386745425,0.46522904133917636
cohesion_disabled,nq_89,50,True,15,5,2.0,1.0,5,6;20;27;30;35,14;22;23;25;40,1,0,1,0,3.663532636287755,0.732706527257551,10,8.466505197747969,4.233252598873984,4.233252598873984,0.5697199625862295,-49.43028003741377,-45.19702743853979,-45.19702743853979,True,0.5697199625862295,0.0,3003,0.3065805495403599,0.33376927874238554,0.03183053847653056,0.03600546398628747,0.12865250444405416,0.8760738722713859,1.0,0.732706527257551,0.22978488048889323,0.44347400219722954,0.45444763240011443,0.8670823078013209,0.9528272994339051,1.0,0.8409754050248991,0.03868514467179248,0.7503727839549656,0.7932080632346411,0.8370337629623088,0.8904913810089008,0.9834188980011093,0.8466505197747969,0.03987942658443191,0.7983203753827163,0.8057207611198545,0.840517558224066,0.903278604095362,0.9219697855224427,0.42048770251244955,0.01934257233589624,0.3751863919774828,0.39660403161732055,0.4185168814811544,0.4452456905044504,0.49170944900055463,0.42332525988739844,0.019939713292215954,0.39916018769135814,0.40286038055992723,0.420258779112033,0.451639302047681,0.46098489276122134,0.42048770251244955,0.01934257233589624,0.3751863919774828,0.39660403161732055,0.4185168814811544,0.4452456905044504,0.49170944900055463,0.42332525988739844,0.019939713292215954,0.39916018769135814,0.40286038055992723,0.420258779112033,0.451639302047681,0.46098489276122134
cohesion_disabled,nq_90,50,True,15,5,2.0,1.0,5,0;3;17;37;40,0;10;17,1,1,2,2,2.1801531117161046,0.43603062234322093,10,6.4796463354557945,3.2398231677278972,3.2398231677278972,1.0596700560117926,-48.94032994398821,-45.70050677626031,-45.70050677626031,True,1.0596700560117926,0.0,3003,0.1678514457326642,0.28960198380410385,0.015735436272346182,0.016436261831939823,0.03214352472174815,0.5856276612930239,1.0,0.43603062234322093,0.37783312106931805,0.015735436272346182,0.0297390430766135,0.4128813600171117,0.8803167448574529,1.0,0.629304068449633,0.06414387452175682,0.5306693767927331,0.5505911974319244,0.6206368430613721,0.7026826563890033,0.8820244351589457,0.6479646335455794,0.1392477407663347,0.5306693767927331,0.5369511150019084,0.5685603902827381,0.8598292747430062,0.8820244351589457,0.3146520342248165,0.03207193726087841,0.26533468839636654,0.2752955987159622,0.31031842153068606,0.35134132819450165,0.44101221757947284,0.3239823167727897,0.06962387038316735,0.26533468839636654,0.2684755575009542,0.28428019514136904,0.4299146373715031,0.44101221757947284,0.3146520342248165,0.03207193726087841,0.26533468839636654,0.2752955987159622,0.31031842153068606,0.35134132819450165,0.44101221757947284,0.3239823167727897,0.06962387038316735,0.26533468839636654,0.2684755575009542,0.28428019514136904,0.4299146373715031,0.44101221757947284
cohesion_disabled,nq_91,50,True,15,5,2.0,1.0,5,0;5;7;9;42,,0,0,0,0,4.012780179290184,0.8025560358580368,10,8.367339007437034,4.183669503718517,4.183669503718517,0.17088932442833293,-49.82911067557167,-45.64544117185315,-45.64544117185315,True,0.17088932442833293,0.0,3003,0.2739381659973322,0.4354490602993926,0.0039030096866564884,0.004205304035051234,0.015173702973075473,0.999446708813492,1.0,0.8025560358580368,0.38679853101302186,0.029043561605460892,0.4113721817119829,0.9993809733714113,0.9997962129766182,1.0,0.7841991045297706,0.0731754319342203,0.6213983510756239,0.6913342196001321,0.7864933517526329,0.8956837170186083,0.9439160576211183,0.8367339007437036,0.0746070981527284,0.7349168748060746,0.7431096071438079,0.8379942589190978,0.9205119579457034,0.928465223666087,0.3920995522648853,0.03658771596711015,0.31069917553781196,0.34566710980006604,0.39324667587631645,0.44784185850930414,0.47195802881055915,0.4183669503718518,0.0373035490763642,0.3674584374030373,0.37155480357190396,0.4189971294595489,0.4602559789728517,0.4642326118330435,0.3920995522648853,0.03658771596711015,0.31069917553781196,0.34566710980006604,0.39324667587631645,0.44784185850930414,0.47195802881055915,0.4183669503718518,0.0373035490763642,0.3674584374030373,0.37155480357190396,0.4189971294595489,0.4602559789728517,0.4642326118330435
cohesion_disabled,nq_92,50,True,15,5,2.0,1.0,5,0;6;14;15;20,,0,0,0,0,1.5304056742120913,0.3060811348424183,10,7.839237658246305,3.9196188291231526,3.9196188291231526,2.3892131549110616,-47.61078684508894,-43.69116801596579,-43.691168015965786,True,2.3892131549110616,0.0,3003,0.1220623751401824,0.2537216947783233,0.0006290177622452876,0.0006786177840847291,0.007114913086397264,0.28227302637213053,1.0,0.3060811348424183,0.3707431741091673,0.0006290177622452876,0.0006494899405625832,0.17592424286476943,0.7412688861508152,1.0,0.8631957414701328,0.08642600545717981,0.6623872755399656,0.7260945712639066,0.8936372209055877,0.9495557173203011,0.9682958237601474,0.7839237658246304,0.10135865626639042,0.6623872755399656,0.7031939547807864,0.7395183867896014,0.9405229866818448,0.9497060186334092,0.4315978707350664,0.043213002728589904,0.3311936377699828,0.3630472856319533,0.44681861045279386,0.47477785866015054,0.4841479118800737,0.3919618829123152,0.05067932813319521,0.3311936377699828,0.3515969773903932,0.3697591933948007,0.4702614933409224,0.4748530093167046,0.4315978707350664,0.043213002728589904,0.3311936377699828,0.3630472856319533,0.44681861045279386,0.47477785866015054,0.4841479118800737,0.3919618829123152,0.05067932813319521,0.3311936377699828,0.3515969773903932,0.3697591933948007,0.4702614933409224,0.4748530093167046
cohesion_disabled,nq_93,50,True,15,5,2.0,1.0,5,0;3;14;31;39,,0,0,0,0,1.0055996326969479,0.20111992653938957,10,6.628492892941423,3.3142464464707113,3.3142464464707113,2.3086468137737635,-47.69135318622624,-44.37710673975553,-44.377106739755526,True,2.3086468137737635,0.0,3003,0.06728167586146676,0.24928141754668623,0.0001275768515013083,0.00014312704715769455,0.0004057404089092263,0.0029181452744308388,1.0,0.20111992653938957,0.39944281591988423,0.00013630837133079554,0.00024440201810511036,0.0008005558516453542,0.6017024903942821,1.0,0.695599331023633,0.07168998652998865,0.5651726995929294,0.6289931089925979,0.6854908017453895,0.7840249064598763,0.9206090355894723,0.6628492892941422,0.06982899631471665,0.5749087096153641,0.583915537069239,0.6573471481393978,0.7206091217785335,0.8274763502352551,0.3477996655118165,0.035844993264994324,0.2825863497964647,0.31449655449629893,0.3427454008726947,0.39201245322993816,0.46030451779473613,0.3314246446470711,0.03491449815735832,0.28745435480768206,0.2919577685346195,0.3286735740696989,0.36030456088926677,0.41373817511762756,0.3477996655118165,0.035844993264994324,0.2825863497964647,0.31449655449629893,0.3427454008726947,0.39201245322993816,0.46030451779473613,0.3314246446470711,0.03491449815735832,0.28745435480768206,0.2919577685346195,0.3286735740696989,0.36030456088926677,0.41373817511762756
cohesion_disabled,nq_94,50,True,15,5,2.0,1.0,5,0;2;19;22;42,0;2,1,1,2,2,1.2727098263332963,0.25454196526665923,10,7.324300789918518,3.662150394959259,3.662150394959259,2.3894405686259628,-47.610559431374035,-43.94840903641479,-43.94840903641478,True,2.3894405686259628,0.0,3003,0.0962623294881197,0.24479423044928142,0.00196237750899428,0.0030760157110679047,0.012043880682518134,0.12889464686657243,1.0,0.25454196526665923,0.37641203003879903,0.008699034034177973,0.010036972693514038,0.11142750051693806,0.6562157644398648,1.0,0.7748833417374595,0.0632458198733966,0.5965856313761436,0.6799470695272062,0.787375597955326,0.8467087394289218,0.8928032000283351,0.7324300789918519,0.064658998217579,0.619976507833113,0.6260143184262951,0.7557775757045289,0.7915491489349777,0.8194067906135885,0.38744167086872977,0.0316229099366983,0.2982928156880718,0.3399735347636031,0.393687798977663,0.4233543697144609,0.44640160001416757,0.36621503949592593,0.0323294991087895,0.3099882539165565,0.31300715921314753,0.37788878785226443,0.39577457446748887,0.4097033953067942,0.38744167086872977,0.0316229099366983,0.2982928156880718,0.3399735347636031,0.393687798977663,0.4233543697144609,0.44640160001416757,0.36621503949592593,0.0323294991087895,0.3099882539165565,0.31300715921314753,0.37788878785226443,0.39577457446748887,0.4097033953067942
cohesion_disabled,nq_95,50,True,15,5,2.0,1.0,5,0;3;4;8;26,0;3;4;8;23;26;29;35;38;43;49,1,1,7,5,4.800861419032948,0.9601722838065896,10,9.343623713911285,4.671811856955642,4.671811856955642,-0.12904956207730578,-50.129049562077306,-45.45723770512166,-45.45723770512166,True,-0.12904956207730578,0.0,3003,0.4499389182657781,0.4208036198770902,0.019456776949728347,0.021023315094440026,0.22991967813942857,0.9999148835994937,1.0,0.9601722838065896,0.04900645344246132,0.891956531411018,0.8988069234397831,0.9998927104195298,0.9999718662877878,1.0,0.8718118059685195,0.04388818983093583,0.7777511278870038,0.8135503232203728,0.8706309746305245,0.9279790552012843,0.9831956873074224,0.9343623713911284,0.027174118051365045,0.9023803745024108,0.9035197621248928,0.9233151938853921,0.9647447142514948,0.9831956873074224,0.43590590298425974,0.021944094915467914,0.3888755639435019,0.4067751616101864,0.43531548731526226,0.46398952760064216,0.4915978436537112,0.4671811856955642,0.013587059025682522,0.4511901872512054,0.4517598810624464,0.46165759694269604,0.4823723571257474,0.4915978436537112,0.43590590298425974,0.021944094915467914,0.3888755639435019,0.4067751616101864,0.43531548731526226,0.46398952760064216,0.4915978436537112,0.4671811856955642,0.013587059025682522,0.4511901872512054,0.4517598810624464,0.46165759694269604,0.4823723571257474,0.4915978436537112
cohesion_disabled,nq_96,50,True,15,5,2.0,1.0,5,1;8;10;25;36,0;1;25;36,1,1,4,3,4.83700344674578,0.967400689349156,10,7.6301882933491765,3.8150941466745882,3.8150941466745882,-1.0219093000711919,-51.021909300071194,-47.206815153396605,-47.206815153396605,True,-1.0219093000711919,0.0,3003,0.5922237128014785,0.3922507862279482,0.005015525610173189,0.03720062056597274,0.547771826825136,0.9999867676315284,1.0,0.967400689349156,0.04995135869126137,0.8709848246387456,0.9090597132052429,0.9998571857889281,0.9999957561052469,1.0,0.7804162595005537,0.08274413014758472,0.617840137230315,0.6821626911554209,0.7694551060320218,0.8845839543388604,0.997466443872652,0.7630188293349177,0.08942810161907229,0.6812127971396399,0.6899414475972876,0.7244782894973638,0.8888877542259571,0.9748595644992462,0.39020812975027686,0.04137206507379236,0.3089200686151575,0.34108134557771047,0.3847275530160109,0.4422919771694302,0.498733221936326,0.38150941466745886,0.044714050809536145,0.34060639856981995,0.3449707237986438,0.3622391447486819,0.44444387711297856,0.4874297822496231,0.39020812975027686,0.04137206507379236,0.3089200686151575,0.34108134557771047,0.3847275530160109,0.4422919771694302,0.498733221936326,0.38150941466745886,0.044714050809536145,0.34060639856981995,0.3449707237986438,0.3622391447486819,0.44444387711297856,0.4874297822496231
cohesion_disabled,nq_97,50,True,15,5,2.0,1.0,5,25;29;35;47;49,8;13;47,1,1,2,1,4.791482239793574,0.9582964479587147,10,8.26671142596369,4.133355712981845,4.133355712981845,-0.6581265268117287,-50.65812652681173,-46.52477081382989,-46.52477081382988,True,-0.6581265268117287,0.0,3003,0.5072949758534023,0.4006914013368117,0.025381839255273556,0.032202740645079636,0.6336003784076718,0.985255045840248,1.0,0.9582964479587147,0.04258213153674458,0.88355174977808,0.9060612045523901,0.9780400807036751,0.9960260090391853,1.0,0.8052104378904669,0.05744845759248502,0.6789276389128291,0.7358026792670478,0.80750328701561,0.8632444786703638,0.9881148490765469,0.826671142596369,0.03248062979803875,0.7668763564899084,0.79061733588753,0.833417998840688,0.8600722512402396,0.8883167699892744,0.40260521894523343,0.02872422879624251,0.3394638194564146,0.3679013396335239,0.403751643507805,0.4316222393351819,0.49405742453827345,0.4133355712981845,0.016240314899019375,0.3834381782449542,0.395308667943765,0.416708999420344,0.4300361256201198,0.4441583849946372,0.40260521894523343,0.02872422879624251,0.3394638194564146,0.3679013396335239,0.403751643507805,0.4316222393351819,0.49405742453827345,0.4133355712981845,0.016240314899019375,0.3834381782449542,0.395308667943765,0.416708999420344,0.4300361256201198,0.4441583849946372
cohesion_disabled,nq_98,50,True,15,5,2.0,1.0,5,0;2;33;47;48,0;1;7;10;11;18;24;25;26;28;36;48,1,1,6,2,4.764337059377114,0.9528674118754228,10,8.701348965660696,4.350674482830348,4.350674482830348,-0.4136625765467663,-50.41366257654677,-46.06298809371642,-46.06298809371642,True,-0.4136625765467663,0.0,3003,0.7596453987798134,0.21623918573337425,0.2978016024292032,0.4189708469160525,0.8093224481033867,0.9816230249239002,1.0,0.9528674118754228,0.05929229543130177,0.836351273116668,0.8884515048103092,0.9760366771095231,0.9941389027200607,1.0,0.8473783222547717,0.06420245587558346,0.691823105801683,0.7459739636439225,0.8577743970889474,0.9126450939236039,0.9872169784526059,0.8701348965660698,0.043503807823230656,0.8111826289719761,0.8162131450843422,0.8733366417765577,0.9011729877517287,0.9740740363352033,0.42368916112738586,0.03210122793779173,0.3459115529008415,0.37298698182196127,0.4288871985444737,0.45632254696180197,0.49360848922630296,0.4350674482830349,0.021751903911615328,0.40559131448598806,0.4081065725421711,0.43666832088827884,0.45058649387586436,0.48703701816760164,0.42368916112738586,0.03210122793779173,0.3459115529008415,0.37298698182196127,0.4288871985444737,0.45632254696180197,0.49360848922630296,0.4350674482830349,0.021751903911615328,0.40559131448598806,0.4081065725421711,0.43666832088827884,0.45058649387586436,0.48703701816760164
cohesion_disabled,nq_99,50,True,15,5,2.0,1.0,5,0;3;4;5;19,0;4,1,1,2,2,4.9396428992032,0.98792857984064,10,8.00688057073935,4.003440285369675,4.003440285369675,-0.9362026138335251,-50.93620261383352,-46.93276232846385,-46.93276232846385,True,-0.9362026138335251,0.0,3003,0.67855468247091,0.36315597750752193,0.03741863061879674,0.11260353512644623,0.9369945290794064,0.999428148515819,1.0,0.98792857984064,0.017586366404105113,0.9541898310460976,0.9672190180984633,0.9989300658611759,0.9999040814475657,1.0,0.7930932110649732,0.06841648581073818,0.6551480587521715,0.7050828430153541,0.793287501338147,0.879714727346467,0.9709415144267747,0.800688057073935,0.058315539606348984,0.7264019138185014,0.7462913075079787,0.8045543170037428,0.8527734468615313,0.9391750900171506,0.3965466055324866,0.03420824290536909,0.32757402937608576,0.35254142150767703,0.3966437506690735,0.4398573636732335,0.48547075721338734,0.4003440285369675,0.029157769803174492,0.3632009569092507,0.37314565375398934,0.4022771585018714,0.42638672343076567,0.4695875450085753,0.3965466055324866,0.03420824290536909,0.32757402937608576,0.35254142150767703,0.3966437506690735,0.4398573636732335,0.48547075721338734,0.4003440285369675,0.029157769803174492,0.3632009569092507,0.37314565375398934,0.4022771585018714,0.42638672343076567,0.4695875450085753
cohesion_disabled,nq_100,50,True,15,5,2.0,1.0,5,5;7;17;32;45,0;2;5;17;39;43;45,1,1,5,3,4.780645436526982,0.9561290873053965,10,8.360494764035819,4.180247382017909,4.180247382017909,-0.600398054509073,-50.60039805450907,-46.420150672491175,-46.42015067249116,True,-0.600398054509073,0.0,3003,0.7191453900235066,0.2367701298918463,0.31255580486386814,0.3484939146272226,0.8051359309499638,0.9946989183301934,1.0,0.9561290873053965,0.04866329393524173,0.8954466281165624,0.8965093003211646,0.9877919076960882,0.9997214368345054,1.0,0.8041491194365281,0.048210489000885114,0.6933827796383994,0.7505463317147919,0.7987934387069648,0.8677958997987149,0.9578761861889349,0.8360494764035818,0.04302781318101012,0.768488612925863,0.786276074397419,0.8322202977330599,0.8940836538513821,0.8941857977769782,0.40207455971826406,0.024105244500442557,0.3466913898191997,0.37527316585739595,0.3993967193534824,0.4338979498993574,0.47893809309446744,0.4180247382017909,0.02151390659050506,0.3842443064629315,0.3931380371987095,0.41611014886652997,0.44704182692569105,0.4470928988884891,0.40207455971826406,0.024105244500442557,0.3466913898191997,0.37527316585739595,0.3993967193534824,0.4338979498993574,0.47893809309446744,0.4180247382017909,0.02151390659050506,0.3842443064629315,0.3931380371987095,0.41611014886652997,0.44704182692569105,0.4470928988884891
cohesion_disabled,nq_101,50,True,15,5,2.0,1.0,5,1;2;10;20;32,1;2;13;23;24;26;31;40;45,1,1,6,2,2.0648433857175825,0.4129686771435165,10,7.53955012035682,3.76977506017841,3.76977506017841,1.7049316744608274,-48.29506832553917,-44.525293265360766,-44.52529326536076,True,1.7049316744608274,0.0,3003,0.19327397163466128,0.252228580277619,0.03943428533971966,0.04252275159071339,0.10697658523473387,0.4497147656187402,1.0,0.4129686771435165,0.3355372511923225,0.10697658523473387,0.10783137844659611,0.29768586856167606,0.8204269454627133,1.0,0.7647534491606705,0.06899501536192512,0.6399230433936187,0.677891324154167,0.7671998068778154,0.8663302760602708,0.9451302941011872,0.7539550120356822,0.07448222708980437,0.6399230433936187,0.6668123010467606,0.7588292091095012,0.8447612355756368,0.8980061862856934,0.3823767245803352,0.03449750768096256,0.31996152169680936,0.3389456620770835,0.3835999034389077,0.4331651380301354,0.4725651470505936,0.3769775060178411,0.037241113544902185,0.31996152169680936,0.3334061505233803,0.3794146045547506,0.4223806177878184,0.4490030931428467,0.3823767245803352,0.03449750768096256,0.31996152169680936,0.3389456620770835,0.3835999034389077,0.4331651380301354,0.4725651470505936,0.3769775060178411,0.037241113544902185,0.31996152169680936,0.3334061505233803,0.3794146045547506,0.4223806177878184,0.4490030931428467
cohesion_disabled,nq_102,50,True,15,5,2.0,1.0,5,2;6;24;26;44,0;2;6;16;17;26;29,1,1,7,3,4.946713485582468,0.9893426971164935,10,7.597615634251295,3.7988078171256476,3.7988078171256476,-1.1479056684568207,-51.14790566845682,-47.34909785133118,-47.34909785133117,True,-1.1479056684568207,0.0,3003,0.7644370560721933,0.3284605360491508,0.11752600750912115,0.1720558795117691,0.9750080298920527,0.9976115008267608,1.0,0.9893426971164935,0.009061547089709446,0.9750080298920527,0.9782494807537033,0.9929583759262516,0.9982541690871938,1.0,0.7756658798060669,0.04917925523858299,0.6795386244844723,0.7131206511634169,0.781077650351873,0.8154682036494004,0.9974146080589823,0.7597615634251296,0.029469678833682882,0.7132294133021223,0.72616799045711,0.7625434862239764,0.7928727487555854,0.8116996261916256,0.38783293990303347,0.024589627619291496,0.33976931224223617,0.35656032558170847,0.3905388251759365,0.4077341018247002,0.49870730402949115,0.3798807817125648,0.014734839416841441,0.35661470665106115,0.363083995228555,0.3812717431119882,0.3964363743777927,0.4058498130958128,0.38783293990303347,0.024589627619291496,0.33976931224223617,0.35656032558170847,0.3905388251759365,0.4077341018247002,0.49870730402949115,0.3798807817125648,0.014734839416841441,0.35661470665106115,0.363083995228555,0.3812717431119882,0.3964363743777927,0.4058498130958128
cohesion_disabled,nq_103,50,True,15,5,2.0,1.0,5,4;5;19;24;27,10,1,0,1,0,2.135743163379528,0.4271486326759056,10,7.577268664444704,3.788634332222352,3.788634332222352,1.652891168842824,-48.34710883115718,-44.55847449893483,-44.55847449893483,True,1.652891168842824,0.0,3003,0.1667672666741565,0.2855112183250532,0.010168098435829082,0.0113648178376814,0.02139078934233463,0.5617192042567969,1.0,0.4271486326759056,0.3731514581464579,0.016471987686117746,0.0248329025330044,0.43709468138624236,0.8579208878015334,1.0,0.7748647611044713,0.052964093242887804,0.6804518754158876,0.7238705806381217,0.7674113375217785,0.8243022887555809,0.9417273216323256,0.7577268664444704,0.05458125464500414,0.7154592596070913,0.7223712334517529,0.7444462848772573,0.7748973681289171,0.9173206446533536,0.38743238055223567,0.026482046621443902,0.3402259377079438,0.36193529031906085,0.38370566876088924,0.41215114437779043,0.4708636608161628,0.3788634332222352,0.02729062732250207,0.35772962980354567,0.36118561672587646,0.37222314243862864,0.38744868406445854,0.4586603223266768,0.38743238055223567,0.026482046621443902,0.3402259377079438,0.36193529031906085,0.38370566876088924,0.41215114437779043,0.4708636608161628,0.3788634332222352,0.02729062732250207,0.35772962980354567,0.36118561672587646,0.37222314243862864,0.38744868406445854,0.4586603223266768
cohesion_disabled,nq_104,50,True,15,5,2.0,1.0,5,1;20;21;29;40,1,1,1,1,1,4.931376225968595,0.986275245193719,10,8.686048803550268,4.343024401775134,4.343024401775134,-0.5883518241934613,-50.58835182419346,-46.24532742241833,-46.24532742241833,True,-0.5883518241934613,0.0,3003,0.8653798943988658,0.13692039700813682,0.6110393799456951,0.636312433588452,0.9014556188982148,0.9988271561677953,1.0,0.986275245193719,0.021856539911054927,0.9428203464605273,0.9632865333221315,0.9950533465993113,0.9998066877176875,1.0,0.8920041939103138,0.04366779563225168,0.7655183473304308,0.8181306667607797,0.9019082785157315,0.9383825465483211,0.9923842903981945,0.8686048803550269,0.05516594409059463,0.7655183473304308,0.8016848491060639,0.9027789638631155,0.9188531800507096,0.9232070264831331,0.4460020969551569,0.02183389781612584,0.3827591736652154,0.40906533338038986,0.45095413925786576,0.46919127327416055,0.49619214519909727,0.43430244017751346,0.027582972045297315,0.3827591736652154,0.40084242455303193,0.45138948193155776,0.4594265900253548,0.46160351324156657,0.4460020969551569,0.02183389781612584,0.3827591736652154,0.40906533338038986,0.45095413925786576,0.46919127327416055,0.49619214519909727,0.43430244017751346,0.027582972045297315,0.3827591736652154,0.40084242455303193,0.45138948193155776,0.4594265900253548,0.46160351324156657
cohesion_disabled,nq_105,50,True,15,5,2.0,1.0,5,14;30;32;46;48,0;1;2;3;4;5;6;7;8;12;13;14;15;16;17;18;19;20;22;23;25;26;27;28;29;30;32;35;36;37;38;40;41;42;44;45;46;47;48;49,1,1,15,5,4.85779502041054,0.971559004082108,10,7.93148969370737,3.965744846853685,3.965744846853685,-0.8920501735568553,-50.892050173556854,-46.92630532670317,-46.92630532670317,True,-0.8920501735568553,0.0,3003,0.9087006519200245,0.05748405502639286,0.8395116343471074,0.8406068408866954,0.8847299237781446,0.9822721888834586,1.0,0.971559004082108,0.028739709929089672,0.9162177486264043,0.9407868470343309,0.9804493869964528,0.993394956056585,1.0,0.8080291972474652,0.035429553297146144,0.7371430657742133,0.7666638988716886,0.8028937904891409,0.854083482449498,0.9250268674566254,0.793148969370737,0.02352837253161006,0.7643305311163766,0.7706110891789676,0.7893108466656381,0.8290131246286037,0.8429141197675376,0.4040145986237326,0.017714776648573072,0.36857153288710665,0.3833319494358443,0.40144689524457045,0.427041741224749,0.4625134337283127,0.3965744846853685,0.01176418626580503,0.3821652655581883,0.3853055445894838,0.39465542333281906,0.41450656231430183,0.4214570598837688,0.4040145986237326,0.017714776648573072,0.36857153288710665,0.3833319494358443,0.40144689524457045,0.427041741224749,0.4625134337283127,0.3965744846853685,0.01176418626580503,0.3821652655581883,0.3853055445894838,0.39465542333281906,0.41450656231430183,0.4214570598837688
cohesion_disabled,nq_106,50,True,15,5,2.0,1.0,5,9;14;19;34;46,,0,0,0,0,3.4589606680551968,0.6917921336110393,10,7.688059856294476,3.844029928147238,3.844029928147238,0.38506926009204134,-49.61493073990796,-45.770900811760725,-45.77090081176072,True,0.38506926009204134,0.0,3003,0.3683421901262161,0.276906640089737,0.07546925919913577,0.11099507674557993,0.31859840302704484,0.7834682432762873,1.0,0.6917921336110393,0.22781880441839225,0.442244165191045,0.47473961212325916,0.5623599446462775,0.9723495102785176,1.0,0.8045476632154026,0.08270334755527611,0.6337514878766473,0.6862956221500037,0.8225834289288917,0.9066108779327603,0.936762204474901,0.7688059856294476,0.08074453007266909,0.6493836380771572,0.6858332304080715,0.7681366605707267,0.8562119772549842,0.9237400527475278,0.4022738316077013,0.04135167377763806,0.31687574393832363,0.34314781107500186,0.41129171446444585,0.45330543896638015,0.4683811022374505,0.3844029928147238,0.040372265036334544,0.3246918190385786,0.34291661520403577,0.38406833028536336,0.4281059886274921,0.4618700263737639,0.4022738316077013,0.04135167377763806,0.31687574393832363,0.34314781107500186,0.41129171446444585,0.45330543896638015,0.4683811022374505,0.3844029928147238,0.040372265036334544,0.3246918190385786,0.34291661520403577,0.38406833028536336,0.4281059886274921,0.4618700263737639
cohesion_disabled,nq_107,50,True,15,5,2.0,1.0,5,0;1;2;5;8,,0,0,0,0,4.136882267619166,0.8273764535238332,10,8.576747965199193,4.288373982599596,4.288373982599596,0.15149171498043046,-49.84850828501957,-45.56013430241997,-45.560134302419975,True,0.15149171498043046,0.0,3003,0.3477731260632542,0.3779855966987202,0.00998938027533149,0.012694666256391289,0.08677870782993737,0.9802914292034962,1.0,0.8273764535238332,0.20952802094372938,0.4610909816837443,0.5665814355016647,0.9514653631031466,0.9998035226414917,1.0,0.7760727199438856,0.06883266276960569,0.6000539502766651,0.6910300842722445,0.7722387899984385,0.8645964688653693,0.9916280881735122,0.8576747965199193,0.0768901492146683,0.7608231176052893,0.7632856889524305,0.8749205503857103,0.9244096025295424,0.9916280881735122,0.3880363599719428,0.034416331384802844,0.30002697513833254,0.3455150421361223,0.38611939499921927,0.43229823443268467,0.4958140440867561,0.42883739825995965,0.03844507460733415,0.38041155880264466,0.38164284447621527,0.43746027519285513,0.4622048012647712,0.4958140440867561,0.3880363599719428,0.034416331384802844,0.30002697513833254,0.3455150421361223,0.38611939499921927,0.43229823443268467,0.4958140440867561,0.42883739825995965,0.03844507460733415,0.38041155880264466,0.38164284447621527,0.43746027519285513,0.4622048012647712,0.4958140440867561
cohesion_disabled,nq_108,50,True,15,5,2.0,1.0,5,2;3;36;47;48,2;3;5;6;12;14;24;29;36;40;42;43,1,1,7,3,3.495253857071667,0.6990507714143334,10,8.449188994420638,4.224594497210319,4.224594497210319,0.729340640138652,-49.27065935986135,-45.04606486265103,-45.04606486265103,True,0.729340640138652,0.0,3003,0.29204983706285315,0.3293755408175072,0.029534239605656466,0.03974136801312949,0.12207667087877781,0.8397560923388458,1.0,0.6990507714143334,0.2683038781299621,0.25887602105321933,0.40183492271950916,0.6615332207042816,0.9834285360380889,1.0,0.8124164576755695,0.055899771153894336,0.7120382855234066,0.7437596477582041,0.8052299790089545,0.8951140834287982,0.9895689487482697,0.8449188994420638,0.07160685710157402,0.7846267877111118,0.7872396139129111,0.8033679627352374,0.9375516610616293,0.9895689487482697,0.40620822883778473,0.027949885576947168,0.3560191427617033,0.37187982387910207,0.40261498950447727,0.4475570417143991,0.49478447437413486,0.4224594497210319,0.03580342855078701,0.3923133938555559,0.39361980695645554,0.4016839813676187,0.4687758305308147,0.49478447437413486,0.40620822883778473,0.027949885576947168,0.3560191427617033,0.37187982387910207,0.40261498950447727,0.4475570417143991,0.49478447437413486,0.4224594497210319,0.03580342855078701,0.3923133938555559,0.39361980695645554,0.4016839813676187,0.4687758305308147,0.49478447437413486
cohesion_disabled,nq_109,50,True,15,5,2.0,1.0,5,8;32;39;46;47,,0,0,0,0,1.6689398489604734,0.3337879697920947,10,7.007157105963578,3.503578552981789,3.503578552981789,1.8346387040213155,-48.165361295978684,-44.6617827429969,-44.6617827429969,True,1.8346387040213155,0.0,3003,0.13073658291892917,0.2552121582063475,0.01589050427573627,0.016994536322784505,0.02414699060188423,0.32956524947861665,1.0,0.3337879697920947,0.363983314344369,0.02414699060188423,0.029228660352364794,0.1759988327484265,0.7727771442528308,1.0,0.7461271119998036,0.07158924637331894,0.6295778069802476,0.6620105696605304,0.7367928119396441,0.8379395115984253,0.980411690386959,0.7007157105963577,0.03630050119948158,0.6431475512250093,0.6629592433595356,0.6923496792566705,0.7389911547699842,0.7630799630406812,0.3730635559999018,0.03579462318665947,0.3147889034901238,0.3310052848302652,0.36839640596982204,0.41896975579921264,0.4902058451934795,0.35035785529817887,0.01815025059974079,0.32157377561250466,0.3314796216797678,0.34617483962833523,0.3694955773849921,0.3815399815203406,0.3730635559999018,0.03579462318665947,0.3147889034901238,0.3310052848302652,0.36839640596982204,0.41896975579921264,0.4902058451934795,0.35035785529817887,0.01815025059974079,0.32157377561250466,0.3314796216797678,0.34617483962833523,0.3694955773849921,0.3815399815203406
cohesion_disabled,nq_110,50,True,15,5,2.0,1.0,5,4;9;17;34;46,,0,0,0,0,3.7627068739874585,0.7525413747974917,10,7.3573564429972516,3.6786782214986258,3.6786782214986258,-0.08402865248883273,-50.08402865248883,-46.40535043099021,-46.405350430990204,True,-0.08402865248883273,0.0,3003,0.2927005428167433,0.3762604979875084,0.00038472964953570685,0.0004671177866642267,0.07817256448272596,0.8947497128885208,1.0,0.7525413747974917,0.2918341990168787,0.1837801022284581,0.42799974233101423,0.8800441433798525,0.9618213703577199,1.0,0.7991547973589471,0.093940069175562,0.5305377409605346,0.6657293466534465,0.8219981295302569,0.9039825791582151,0.9447310591156499,0.7357356442997252,0.10091007251482473,0.6157371021186072,0.6246311144692803,0.7019997141055168,0.8761068136313264,0.8904083515762987,0.39957739867947356,0.046970034587781,0.2652688704802673,0.33286467332672326,0.41099906476512843,0.45199128957910756,0.47236552955782496,0.3678678221498626,0.050455036257412364,0.3078685510593036,0.31231555723464016,0.3509998570527584,0.4380534068156632,0.44520417578814936,0.39957739867947356,0.046970034587781,0.2652688704802673,0.33286467332672326,0.41099906476512843,0.45199128957910756,0.47236552955782496,0.3678678221498626,0.050455036257412364,0.3078685510593036,0.31231555723464016,0.3509998570527584,0.4380534068156632,0.44520417578814936
cohesion_disabled,nq_111,50,True,15,5,2.0,1.0,5,0;13;26;27;45,,0,0,0,0,2.317104668378101,0.4634209336756202,10,8.901095037365003,4.450547518682502,4.450547518682502,2.1334428503044007,-47.8665571496956,-43.4160096310131,-43.4160096310131,True,2.1334428503044007,0.0,3003,0.15927517867515945,0.3218706911988397,0.0013701418964348331,0.002833703468242872,0.007193479650827104,0.6768809815889612,1.0,0.4634209336756202,0.41469738658002436,0.00579245493795838,0.03153179279190716,0.3391093336571296,0.9608248320840731,1.0,0.8999716449509693,0.04289960481531452,0.8106944367052193,0.8370277753114974,0.9074777854538358,0.9521023030715898,0.9919708031434092,0.8901095037365003,0.05598746841656163,0.8106944367052193,0.8209539036064215,0.8897296613408,0.9620747098696171,0.9919708031434092,0.44998582247548463,0.02144980240765726,0.4053472183526097,0.4185138876557487,0.4537388927269179,0.4760511515357949,0.4959854015717046,0.44505475186825016,0.027993734208280815,0.4053472183526097,0.41047695180321075,0.4448648306704,0.48103735493480854,0.4959854015717046,0.44998582247548463,0.02144980240765726,0.4053472183526097,0.4185138876557487,0.4537388927269179,0.4760511515357949,0.4959854015717046,0.44505475186825016,0.027993734208280815,0.4053472183526097,0.41047695180321075,0.4448648306704,0.48103735493480854,0.4959854015717046
cohesion_disabled,nq_112,50,True,15,5,2.0,1.0,5,8;17;24;26;33,0;1;2;3;4;5;6;7;8;9;13;15;17;24;26;29;33;38;44;49,1,1,15,5,4.987616034093021,0.9975232068186042,10,8.449998608077905,4.224999304038953,4.224999304038953,-0.7626167300540683,-50.76261673005407,-46.53761742601512,-46.53761742601512,True,-0.7626167300540683,0.0,3003,0.9755034761812209,0.044380130707845675,0.8363278049190872,0.9246085219657167,0.9947178269578703,0.9998373221131466,1.0,0.9975232068186042,0.0023718804249200894,0.993137663738848,0.9948265809105179,0.9978987787344457,0.9996300672663118,0.99971106642815,0.8757041636186611,0.0418004426449842,0.7605402333542253,0.8221032269497137,0.8744233558004565,0.9364839644047368,0.9921991892787042,0.8449998608077905,0.04528236727866227,0.7605402333542253,0.804864041535215,0.8475125797898868,0.9143926783116284,0.9212278434967642,0.43785208180933055,0.0209002213224921,0.38027011667711264,0.41105161347485686,0.43721167790022825,0.4682419822023684,0.4960995946393521,0.4224999304038953,0.022641183639331135,0.38027011667711264,0.4024320207676075,0.4237562898949434,0.4571963391558142,0.4606139217483821,0.43785208180933055,0.0209002213224921,0.38027011667711264,0.41105161347485686,0.43721167790022825,0.4682419822023684,0.4960995946393521,0.4224999304038953,0.022641183639331135,0.38027011667711264,0.4024320207676075,0.4237562898949434,0.4571963391558142,0.4606139217483821
cohesion_disabled,nq_113,50,True,15,5,2.0,1.0,5,0;1;4;16;27,0;1;6;40,1,1,3,2,2.2964345022727475,0.4592869004545495,10,7.2541966327612615,3.6270983163806307,3.6270983163806307,1.3306638141078833,-48.669336185892114,-45.04223786951149,-45.04223786951148,True,1.3306638141078833,0.0,3003,0.16155726184758065,0.3369641461078284,0.00036997554755118997,0.0004593204116377362,0.0020799331877933342,0.7166265835856456,1.0,0.4592869004545495,0.45353310255931106,0.0019686530489291506,0.002013165104474824,0.2940248301798458,0.9993444343424717,1.0,0.7039644474531381,0.0782023860035094,0.5563043183901047,0.6251933402851321,0.6894354116656198,0.8354310198522475,0.9613235985851588,0.7254196632761262,0.11336539869599885,0.6210976855482664,0.6259812787964135,0.6709443108800803,0.8660049520747178,0.9613235985851588,0.35198222372656907,0.0391011930017547,0.2781521591950524,0.31259667014256604,0.3447177058328099,0.4177155099261238,0.4806617992925794,0.3627098316380631,0.056682699347999424,0.3105488427741332,0.31299063939820676,0.33547215544004017,0.4330024760373589,0.4806617992925794,0.35198222372656907,0.0391011930017547,0.2781521591950524,0.31259667014256604,0.3447177058328099,0.4177155099261238,0.4806617992925794,0.3627098316380631,0.056682699347999424,0.3105488427741332,0.31299063939820676,0.33547215544004017,0.4330024760373589,0.4806617992925794
cohesion_disabled,nq_114,50,True,15,5,2.0,1.0,5,13;19;23;30;37,37,1,1,1,1,3.13502046753814,0.627004093507628,10,8.434680062672811,4.217340031336406,4.217340031336406,1.0823195637982654,-48.917680436201735,-44.70034040486533,-44.70034040486533,True,1.0823195637982654,0.0,3003,0.23579544611054654,0.31634390201210505,0.02346534665774529,0.025694484958988496,0.05538977153387756,0.7171919039665786,1.0,0.627004093507628,0.264905100363975,0.2222096099365955,0.3439939083944075,0.5724619847283633,0.9254714067168223,1.0,0.8477875516269321,0.06590001119386896,0.6998965935956868,0.7586415310126919,0.8468687328173922,0.9334219772080153,0.9762127102218305,0.8434680062672809,0.073270435115607,0.7500344714575196,0.7557286459254849,0.8099352578751808,0.948570074462314,0.9762127102218305,0.42389377581346604,0.03295000559693448,0.3499482967978434,0.37932076550634597,0.4234343664086961,0.46671098860400767,0.48810635511091527,0.42173400313364046,0.0366352175578035,0.3750172357287598,0.37786432296274247,0.4049676289375904,0.474285037231157,0.48810635511091527,0.42389377581346604,0.03295000559693448,0.3499482967978434,0.37932076550634597,0.4234343664086961,0.46671098860400767,0.48810635511091527,0.42173400313364046,0.0366352175578035,0.3750172357287598,0.37786432296274247,0.4049676289375904,0.474285037231157,0.48810635511091527
cohesion_disabled,nq_115,50,True,15,5,2.0,1.0,5,0;23;25;28;33,0;7,1,1,2,1,1.0005093418750723,0.20010186837501448,10,7.047744556625268,3.523872278312634,3.523872278312634,2.523362936437562,-47.476637063562436,-43.9527647852498,-43.952764785249805,True,2.523362936437562,0.0,3003,0.06872367772530093,0.24893932920948925,6.607648223160142e-05,0.0001224261482308093,0.00021813130057015166,0.013402202489609324,1.0,0.20010186837501448,0.3999490676643994,6.607648223160142e-05,8.651694896180959e-05,0.00014067582943386408,0.6000741647657399,1.0,0.7614370356914245,0.04826977763029799,0.6217261339034641,0.7080742392299657,0.7554819020811322,0.8240171846348157,0.8896313868731425,0.7047744556625268,0.039771727239375346,0.6217261339034641,0.6696160859108328,0.7051143961694417,0.7528863072303703,0.7763911769878044,0.38071851784571226,0.024134888815148994,0.31086306695173205,0.35403711961498285,0.3777409510405661,0.41200859231740783,0.44481569343657124,0.3523872278312634,0.019885863619687673,0.31086306695173205,0.3348080429554164,0.35255719808472086,0.37644315361518516,0.3881955884939022,0.38071851784571226,0.024134888815148994,0.31086306695173205,0.35403711961498285,0.3777409510405661,0.41200859231740783,0.44481569343657124,0.3523872278312634,0.019885863619687673,0.31086306695173205,0.3348080429554164,0.35255719808472086,0.37644315361518516,0.3881955884939022
cohesion_disabled,nq_116,50,True,15,5,2.0,1.0,5,0;1;2;5;8,0;1;2;3;5;8;10;12;13;23;26;27;28;29;31;33;37;39;41;42;44;47,1,1,11,5,4.933234504518438,0.9866469009036875,10,9.464443923215109,4.7322219616075545,4.7322219616075545,-0.20101254291088377,-50.20101254291088,-45.468790581303324,-45.468790581303324,True,-0.20101254291088377,0.0,3003,0.46966752832304476,0.4679010783214761,0.014484186015849736,0.015439668894822291,0.08866860451454658,0.999398150098765,1.0,0.9866469009036875,0.025422853666508243,0.9358085984960068,0.9609382699357355,0.9993886362874821,0.9997617970558481,1.0,0.8752387585708713,0.04518754502438817,0.7767446607240387,0.8195104555689804,0.8690485496376907,0.942026374960045,0.9854059366356722,0.9464443923215111,0.01617538586177685,0.918569528269146,0.9333698919197064,0.9455577352539566,0.95819620921664,0.9854059366356722,0.43761937928543565,0.022593772512194084,0.38837233036201935,0.4097552277844902,0.43452427481884537,0.4710131874800225,0.4927029683178361,0.47322219616075556,0.008087692930888426,0.459284764134573,0.4666849459598532,0.4727788676269783,0.47909810460832,0.4927029683178361,0.43761937928543565,0.022593772512194084,0.38837233036201935,0.4097552277844902,0.43452427481884537,0.4710131874800225,0.4927029683178361,0.47322219616075556,0.008087692930888426,0.459284764134573,0.4666849459598532,0.4727788676269783,0.47909810460832,0.4927029683178361
cohesion_disabled,nq_117,50,True,15,5,2.0,1.0,5,10;34;38;40;49,3;4,1,0,2,0,4.8861450686586565,0.9772290137317313,10,8.42361266390849,4.211806331954245,4.211806331954245,-0.6743387367044118,-50.674338736704414,-46.46253240475016,-46.46253240475016,True,-0.6743387367044118,0.0,3003,0.9601557856039219,0.02734800753562284,0.905909027348778,0.933202483702518,0.9612993353516877,0.998893260800834,1.0,0.9772290137317313,0.01760968362597956,0.9612993353516877,0.9613341607642503,0.9661116989502314,0.998893260800834,0.9997710330568838,0.881368955636517,0.03385815262465777,0.7896821334724532,0.8335671489345221,0.8877952500183515,0.9212090139013892,0.946339736052041,0.842361266390849,0.030367424490060725,0.7896821334724532,0.810626069789744,0.8355665199400774,0.8785362532257144,0.893467021349073,0.4406844778182585,0.016929076312328886,0.3948410667362266,0.41678357446726105,0.44389762500917573,0.4606045069506946,0.4731698680260205,0.4211806331954245,0.015183712245030363,0.3948410667362266,0.405313034894872,0.4177832599700387,0.4392681266128572,0.4467335106745365,0.4406844778182585,0.016929076312328886,0.3948410667362266,0.41678357446726105,0.44389762500917573,0.4606045069506946,0.4731698680260205,0.4211806331954245,0.015183712245030363,0.3948410667362266,0.405313034894872,0.4177832599700387,0.4392681266128572,0.4467335106745365
cohesion_disabled,nq_118,50,True,15,5,2.0,1.0,5,4;6;17;29;45,,0,0,0,0,2.622333317206454,0.5244666634412908,10,7.283334528893339,3.6416672644466694,3.6416672644466694,1.0193339472402156,-48.98066605275979,-45.33899878831312,-45.33899878831311,True,1.0193339472402156,0.0,3003,0.18762264178957874,0.3002576713811761,0.0049782934094875905,0.007168837583583765,0.021088625477957892,0.6359552032212971,1.0,0.5244666634412908,0.3156294914575896,0.1254670056635393,0.16616797561039467,0.629164626930225,0.8561929016328047,1.0,0.7300195287246094,0.07623429131420834,0.5673611207691618,0.645224062632635,0.7171867831605332,0.8340139038578644,0.9790687313971302,0.7283334528893339,0.11851289246819116,0.6043397373560765,0.6121767534733916,0.6599458010659627,0.8534680765115065,0.9790687313971302,0.3650097643623047,0.03811714565710417,0.2836805603845809,0.3226120313163175,0.3585933915802666,0.4170069519289322,0.4895343656985651,0.36416672644466697,0.05925644623409558,0.30216986867803824,0.3060883767366958,0.32997290053298134,0.42673403825575323,0.4895343656985651,0.3650097643623047,0.03811714565710417,0.2836805603845809,0.3226120313163175,0.3585933915802666,0.4170069519289322,0.4895343656985651,0.36416672644466697,0.05925644623409558,0.30216986867803824,0.3060883767366958,0.32997290053298134,0.42673403825575323,0.4895343656985651
cohesion_disabled,nq_119,50,True,15,5,2.0,1.0,5,5;10;11;22;43,0;8;11;15;19,1,1,4,1,4.345748461455251,0.8691496922910502,10,8.427755450798045,4.213877725399023,4.213877725399023,-0.13187073605622857,-50.13187073605623,-45.917993010657206,-45.917993010657206,True,-0.13187073605622857,0.0,3003,0.48443151150653996,0.3390654816976816,0.07379772945245222,0.11806227252409901,0.33693809556027743,0.9846438520179793,1.0,0.8691496922910502,0.18703344084010973,0.5070587044482158,0.6519995376558617,0.9846176485292192,0.9938645284041945,1.0,0.8260689453352488,0.07152321098209778,0.6982513932030232,0.7275913775404095,0.8280311900804084,0.9183759494482234,0.9409461363804982,0.8427755450798046,0.07687768094073962,0.7278356752704729,0.7388144779717648,0.877631200071112,0.9178890979292909,0.918938153842997,0.4130344726676244,0.03576160549104889,0.3491256966015116,0.36379568877020474,0.4140155950402042,0.4591879747241117,0.4704730681902491,0.4213877725399023,0.03843884047036981,0.36391783763523644,0.3694072389858824,0.438815600035556,0.4589445489646454,0.4594690769214985,0.4130344726676244,0.03576160549104889,0.3491256966015116,0.36379568877020474,0.4140155950402042,0.4591879747241117,0.4704730681902491,0.4213877725399023,0.03843884047036981,0.36391783763523644,0.3694072389858824,0.438815600035556,0.4589445489646454,0.4594690769214985
cohesion_disabled,nq_120,50,True,15,5,2.0,1.0,5,0;4;11;16;21,0;2;4;5,1,1,4,2,4.263382531644117,0.8526765063288233,10,7.455943281907123,3.7279716409535615,3.7279716409535615,-0.5354108906905557,-50.53541089069056,-46.807439249737,-46.807439249736994,True,-0.5354108906905557,0.0,3003,0.4174640385537879,0.397939150562125,0.004100142127524311,0.004879627169572238,0.4066504191850819,0.9186363890780604,1.0,0.8526765063288233,0.1534572797216814,0.5573465032446157,0.6840068945704673,0.9029336951304664,0.971641940683916,1.0,0.740459260774018,0.0947843491050138,0.5681469049377071,0.6267505922209018,0.7238811877955016,0.8620582110331659,0.9617271293580792,0.7455943281907123,0.1305386128932305,0.6191951638333887,0.6244475416108186,0.6671273377328213,0.9246601243506418,0.9301273523070446,0.370229630387009,0.0473921745525069,0.28407345246885357,0.3133752961104509,0.3619405938977508,0.43102910551658297,0.4808635646790396,0.3727971640953561,0.06526930644661524,0.30959758191669434,0.3122237708054093,0.33356366886641065,0.4623300621753209,0.4650636761535223,0.370229630387009,0.0473921745525069,0.28407345246885357,0.3133752961104509,0.3619405938977508,0.43102910551658297,0.4808635646790396,0.3727971640953561,0.06526930644661524,0.30959758191669434,0.3122237708054093,0.33356366886641065,0.4623300621753209,0.4650636761535223
cohesion_disabled,nq_121,50,True,15,5,2.0,1.0,5,10;18;29;34;40,0;7;10;12;17;18;26;28;29;45;46;48;49,1,1,9,3,1.2330984219722798,0.24661968439445597,10,7.792417385228147,3.8962086926140733,3.8962086926140733,2.6631102706417935,-47.336889729358205,-43.44068103674413,-43.44068103674413,True,2.6631102706417935,0.0,3003,0.0929346724282897,0.24474343356014505,0.0024183291090330967,0.002984477050873584,0.0164121501883648,0.10458013117699028,1.0,0.24661968439445597,0.37899022066020394,0.007058395563512069,0.020598721848158745,0.051248422177340824,0.6535529571825194,1.0,0.8076222327966283,0.05546956772642018,0.6860393820640479,0.7446484933476776,0.8001995137886051,0.8796166232953888,0.9415863228291443,0.7792417385228148,0.05096698709936161,0.6913160987044946,0.7064870269832425,0.7735644552633496,0.8269380186651695,0.8755734582126181,0.40381111639831413,0.02773478386321009,0.34301969103202395,0.3723242466738388,0.40009975689430255,0.4398083116476944,0.47079316141457217,0.3896208692614074,0.025483493549680804,0.3456580493522473,0.35324351349162125,0.3867822276316748,0.41346900933258474,0.43778672910630906,0.40381111639831413,0.02773478386321009,0.34301969103202395,0.3723242466738388,0.40009975689430255,0.4398083116476944,0.47079316141457217,0.3896208692614074,0.025483493549680804,0.3456580493522473,0.35324351349162125,0.3867822276316748,0.41346900933258474,0.43778672910630906
cohesion_disabled,nq_122,50,True,15,5,2.0,1.0,5,4;12;15;43;48,,0,0,0,0,4.671031293381947,0.9342062586763895,10,7.727713726849235,3.8638568634246173,3.8638568634246173,-0.80717442995733,-50.80717442995733,-46.94331756653271,-46.94331756653271,True,-0.80717442995733,0.0,3003,0.7727469257968945,0.25671615032205103,0.19439358710709084,0.3247913413221294,0.860436622482318,0.9890300330299586,1.0,0.9342062586763895,0.07043706473039502,0.8459046171817557,0.8479974920339136,0.9768194505143311,0.9988681685494841,1.0,0.7901648906054447,0.072939409725899,0.6310334286756183,0.6989586624762082,0.7902543457708887,0.8868326985446339,0.9631666827204768,0.7727713726849235,0.060397785902695914,0.6782833618042647,0.7089785634358622,0.7647348909736098,0.8419438268037984,0.8757234358067554,0.39508244530272235,0.0364697048629495,0.31551671433780915,0.3494793312381041,0.39512717288544436,0.44341634927231693,0.4815833413602384,0.38638568634246173,0.030198892951347957,0.33914168090213237,0.3544892817179311,0.3823674454868049,0.4209719134018992,0.4378617179033777,0.39508244530272235,0.0364697048629495,0.31551671433780915,0.3494793312381041,0.39512717288544436,0.44341634927231693,0.4815833413602384,0.38638568634246173,0.030198892951347957,0.33914168090213237,0.3544892817179311,0.3823674454868049,0.4209719134018992,0.4378617179033777
cohesion_disabled,nq_123,50,True,15,5,2.0,1.0,5,4;33;41;45;47,1;2;4;6;7;12,1,1,5,1,4.927561498954739,0.9855122997909478,10,7.669353862106378,3.834676931053189,3.834676931053189,-1.0928845679015495,-51.09288456790155,-47.25820763684837,-47.25820763684836,True,-1.0928845679015495,0.0,3003,0.9771057331281041,0.031594463482709834,0.9045785511701675,0.9218361261931741,0.9940399369402989,0.9999752279961636,1.0,0.9855122997909478,0.01182362154588529,0.9702755623744584,0.9716920012348224,0.9871131935191466,0.998542433414306,1.0,0.8082072502602758,0.06550778209707887,0.6680728568563539,0.739234332273636,0.797728162754541,0.8923828830500101,0.9970386230013386,0.7669353862106378,0.047049443350602356,0.6737058358244998,0.7248450249039731,0.771754800932596,0.80255944216388,0.8568094784073486,0.4041036251301379,0.03275389104853944,0.33403642842817693,0.369617166136818,0.3988640813772705,0.44619144152500506,0.4985193115006693,0.3834676931053189,0.023524721675301178,0.3368529179122499,0.36242251245198653,0.385877400466298,0.40127972108194,0.4284047392036743,0.4041036251301379,0.03275389104853944,0.33403642842817693,0.369617166136818,0.3988640813772705,0.44619144152500506,0.4985193115006693,0.3834676931053189,0.023524721675301178,0.3368529179122499,0.36242251245198653,0.385877400466298,0.40127972108194,0.4284047392036743
cohesion_disabled,nq_124,50,True,15,5,2.0,1.0,5,3;4;34;42;47,4,1,1,1,1,1.3758818347740913,0.2751763669548183,10,6.442077852313124,3.221038926156562,3.221038926156562,1.8451570913824709,-48.15484290861753,-44.933803982460965,-44.933803982460965,True,1.8451570913824709,0.0,3003,0.11060923840507528,0.24731897331651193,0.0011137453322666749,0.0016829365843683132,0.007960845625639708,0.19933925528664576,1.0,0.2751763669548183,0.37301309025422635,0.0037318223056712805,0.0038988638739836093,0.1267262493299429,0.6965097347648102,1.0,0.7117931997710003,0.08887905288501573,0.5478489574712018,0.6123681113213606,0.7101846867712447,0.8427363194055688,0.9563186992848302,0.6442077852313124,0.0561268715750012,0.5478489574712018,0.5840798644788081,0.6345401740461822,0.7207571221615181,0.7509974144486006,0.35589659988550015,0.044439526442507864,0.2739244787356009,0.3061840556606803,0.35509234338562234,0.4213681597027844,0.4781593496424151,0.3221038926156562,0.0280634357875006,0.2739244787356009,0.29203993223940405,0.3172700870230911,0.36037856108075905,0.3754987072243003,0.35589659988550015,0.044439526442507864,0.2739244787356009,0.3061840556606803,0.35509234338562234,0.4213681597027844,0.4781593496424151,0.3221038926156562,0.0280634357875006,0.2739244787356009,0.29203993223940405,0.3172700870230911,0.36037856108075905,0.3754987072243003
cohesion_disabled,nq_125,50,True,15,5,2.0,1.0,5,0;1;4;26;36,0;1;2;4;5;6;7;8;10;21;40;47,1,1,9,3,2.3090523787832957,0.4618104757566591,10,7.352406580159326,3.676203290079663,3.676203290079663,1.3671509112963673,-48.63284908870363,-44.95664579862397,-44.95664579862397,True,1.3671509112963673,0.0,3003,0.23237735518589883,0.3040358556543738,0.02687253448795135,0.03152286797754232,0.14884255276762895,0.6951829211795486,1.0,0.4618104757566591,0.4372942908897267,0.02687253448795135,0.02780095599205612,0.2830441622436495,0.9879768375213926,1.0,0.8144058526503714,0.11570783883693377,0.5681859951661942,0.6367730970252812,0.8689981981867635,0.9291530731528864,0.9753991722743465,0.7352406580159326,0.13079022754128983,0.5694085805138914,0.6127448544077831,0.7014074989243837,0.9239927527350968,0.933642833013851,0.4072029263251857,0.05785391941846688,0.2840929975830971,0.3183865485126406,0.43449909909338175,0.4645765365764432,0.48769958613717324,0.3676203290079663,0.06539511377064491,0.2847042902569457,0.3063724272038916,0.35070374946219185,0.4619963763675484,0.4668214165069255,0.4072029263251857,0.05785391941846688,0.2840929975830971,0.3183865485126406,0.43449909909338175,0.4645765365764432,0.48769958613717324,0.3676203290079663,0.06539511377064491,0.2847042902569457,0.3063724272038916,0.35070374946219185,0.4619963763675484,0.4668214165069255
cohesion_disabled,nq_126,50,True,15,5,2.0,1.0,5,4;7;13;34;42,0;1;4,1,1,3,1,1.789596322985679,0.3579192645971358,10,6.6525584342741935,3.3262792171370967,3.3262792171370967,1.5366828941514177,-48.46331710584858,-45.13703788871149,-45.13703788871148,True,1.5366828941514177,0.0,3003,0.12053017629718858,0.3027432722362889,5.296293592087626e-05,7.139157173981116e-05,0.0008049523559682318,0.4694929638553512,1.0,0.3579192645971358,0.43636503582194586,8.594885844726967e-05,0.00027532809666677086,0.01938811224294999,0.9078251459721143,1.0,0.7076031631199906,0.06358272467029427,0.5940867277311878,0.642817236863241,0.6920216893409713,0.7866984380244163,0.9004376667474548,0.6652558434274194,0.04135170758879058,0.6021937114559259,0.6112782127985487,0.6666841088832078,0.7109310722744762,0.7421919828444444,0.3538015815599953,0.031791362335147136,0.2970433638655939,0.3214086184316205,0.34601084467048565,0.39334921901220815,0.4502188333737274,0.3326279217137097,0.02067585379439529,0.30109685572796296,0.30563910639927433,0.3333420544416039,0.3554655361372381,0.3710959914222222,0.3538015815599953,0.031791362335147136,0.2970433638655939,0.3214086184316205,0.34601084467048565,0.39334921901220815,0.4502188333737274,0.3326279217137097,0.02067585379439529,0.30109685572796296,0.30563910639927433,0.3333420544416039,0.3554655361372381,0.3710959914222222
cohesion_disabled,nq_127,50,True,15,5,2.0,1.0,5,0;1;4;24;39,0;1;3;7,1,1,4,2,2.0002469785483528,0.4000493957096706,10,7.377998458095565,3.6889992290477824,3.6889992290477824,1.6887522504994297,-48.31124774950057,-44.622248520452786,-44.622248520452786,True,1.6887522504994297,0.0,3003,0.1352944745049896,0.3386005209944403,0.0001668661548915773,0.0003393866814440576,0.002188893494332321,0.6016011826706299,1.0,0.4000493957096706,0.48866551673510983,0.0006190178848562344,0.0007648753419238296,0.0015667064049841057,0.998831037092395,1.0,0.7678977288231311,0.08858786255726878,0.5942441821797008,0.6395309897930165,0.7906898690153369,0.8721024675171481,0.9973478084735965,0.7377998458095565,0.10097366274054129,0.6183156845883825,0.6560713937903326,0.6949222364960044,0.8545332084228219,0.9696300462263545,0.38394886441156556,0.04429393127863439,0.2971220910898504,0.31976549489650824,0.39534493450766844,0.4360512337585741,0.49867390423679825,0.36889992290477824,0.05048683137027064,0.30915784229419124,0.3280356968951663,0.3474611182480022,0.42726660421141094,0.48481502311317726,0.38394886441156556,0.04429393127863439,0.2971220910898504,0.31976549489650824,0.39534493450766844,0.4360512337585741,0.49867390423679825,0.36889992290477824,0.05048683137027064,0.30915784229419124,0.3280356968951663,0.3474611182480022,0.42726660421141094,0.48481502311317726
cohesion_disabled,nq_128,50,True,15,5,2.0,1.0,5,0;4;10;24;35,0;4;9;15;28;33;35;44,1,1,7,3,3.1741635930948178,0.6348327186189635,10,8.123191957317973,4.061595978658986,4.061595978658986,0.8874323855641686,-49.11256761443583,-45.05097163577685,-45.05097163577685,True,0.8874323855641686,0.0,3003,0.3585107855657618,0.29186429503029754,0.06440848321950378,0.07407365690163452,0.2991029748807695,0.792706851197003,1.0,0.6348327186189635,0.30222512762426135,0.2991029748807695,0.34942876807226736,0.45094750822681806,0.9996782608510864,1.0,0.8175521856605814,0.06335374744747609,0.6803080491874545,0.7364698039918876,0.813938265584049,0.9043760803992378,0.9935501234669615,0.8123191957317971,0.06288210304318852,0.7351199813541166,0.7590941033522292,0.7991030011109362,0.874586384168429,0.9651565195156253,0.4087760928302907,0.03167687372373804,0.34015402459372723,0.3682349019959438,0.4069691327920245,0.4521880401996189,0.49677506173348074,0.40615959786589856,0.03144105152159426,0.3675599906770583,0.3795470516761146,0.3995515005554681,0.4372931920842145,0.48257825975781266,0.4087760928302907,0.03167687372373804,0.34015402459372723,0.3682349019959438,0.4069691327920245,0.4521880401996189,0.49677506173348074,0.40615959786589856,0.03144105152159426,0.3675599906770583,0.3795470516761146,0.3995515005554681,0.4372931920842145,0.48257825975781266
cohesion_disabled,nq_129,50,True,15,5,2.0,1.0,5,10;25;28;29;33,0;1;5;6;9;10;33;37;48,1,1,7,2,4.660760703205697,0.9321521406411394,10,7.370344831346166,3.685172415673083,3.685172415673083,-0.9755882875326138,-50.97558828753262,-47.29041587185953,-47.29041587185953,True,-0.9755882875326138,0.0,3003,0.726032767970375,0.2713316911452108,0.25740385873359417,0.2969990745466597,0.8536670514062378,0.992433365462912,1.0,0.9321521406411394,0.10482686094811014,0.723242193440845,0.8231873758842863,0.9801338750880231,0.9937117940509523,1.0,0.7878975019638708,0.07815442534439648,0.6335852280971288,0.6935525529076754,0.7785111758778658,0.9029946421861214,0.9936801288767942,0.7370344831346167,0.06316282753022091,0.6435581877508074,0.6570448527464217,0.744867176917925,0.8108102904289591,0.8152285028721084,0.3939487509819354,0.03907721267219824,0.3167926140485644,0.3467762764538377,0.3892555879389329,0.4514973210930607,0.4968400644383971,0.36851724156730836,0.03158141376511046,0.3217790938754037,0.32852242637321083,0.3724335884589625,0.40540514521447957,0.4076142514360542,0.3939487509819354,0.03907721267219824,0.3167926140485644,0.3467762764538377,0.3892555879389329,0.4514973210930607,0.4968400644383971,0.36851724156730836,0.03158141376511046,0.3217790938754037,0.32852242637321083,0.3724335884589625,0.40540514521447957,0.4076142514360542
cohesion_disabled,nq_130,50,True,15,5,2.0,1.0,5,4;12;13;14;26,,0,0,0,0,2.3042008360647075,0.4608401672129415,10,7.940226502470022,3.970113251235011,3.970113251235011,1.6659124151703035,-48.334087584829696,-44.36397433359468,-44.36397433359468,True,1.6659124151703035,0.0,3003,0.19982011419261797,0.25710945567721405,0.008943757996292451,0.0145878728772056,0.0948235931831936,0.46443357994998025,1.0,0.4608401672129415,0.29539746377415166,0.16569464833755093,0.19035427021567633,0.4113195543329755,0.7999371721445268,1.0,0.7998135878640841,0.06721462245896619,0.6437680555119764,0.7282461840427294,0.7856693259841177,0.9111098276302199,0.951664219373414,0.7940226502470022,0.07349473236361224,0.68818155973456,0.7273462953917228,0.7835052032537793,0.9196308962523887,0.9265993983859669,0.39990679393204204,0.03360731122948309,0.3218840277559882,0.3641230920213647,0.3928346629920588,0.45555491381510993,0.475832109686707,0.3970113251235011,0.03674736618180612,0.34409077986728,0.3636731476958614,0.39175260162688963,0.45981544812619435,0.46329969919298347,0.39990679393204204,0.03360731122948309,0.3218840277559882,0.3641230920213647,0.3928346629920588,0.45555491381510993,0.475832109686707,0.3970113251235011,0.03674736618180612,0.34409077986728,0.3636731476958614,0.39175260162688963,0.45981544812619435,0.46329969919298347
cohesion_disabled,nq_131,50,True,15,5,2.0,1.0,5,4;5;11;34;41,0;4;15;20;23;43;46,1,1,3,1,4.270800105465886,0.8541600210931772,10,8.652190216258505,4.326095108129253,4.326095108129253,0.05529500266336651,-49.944704997336636,-45.61860988920738,-45.61860988920738,True,0.05529500266336651,0.0,3003,0.5655233494143883,0.2862476367603305,0.11519035263283274,0.2081753966035763,0.6855450040487494,0.9172690021685993,1.0,0.8541600210931772,0.11566314432259099,0.6855450040487494,0.7139701792930747,0.8995964669297246,0.9716202769311396,1.0,0.8797235136409316,0.03571759341237051,0.7959539646117659,0.8366266268153536,0.8775960375807187,0.929273799960664,0.9688480227836634,0.8652190216258505,0.03798492864772149,0.8256779144906113,0.8366147426138559,0.8564617240684256,0.8860506997521015,0.9688480227836634,0.4398617568204658,0.017858796706185256,0.39797698230588296,0.4183133134076768,0.43879801879035935,0.464636899980332,0.4844240113918317,0.43260951081292526,0.018992464323860744,0.41283895724530567,0.41830737130692797,0.4282308620342128,0.44302534987605074,0.4844240113918317,0.4398617568204658,0.017858796706185256,0.39797698230588296,0.4183133134076768,0.43879801879035935,0.464636899980332,0.4844240113918317,0.43260951081292526,0.018992464323860744,0.41283895724530567,0.41830737130692797,0.4282308620342128,0.44302534987605074,0.4844240113918317
cohesion_disabled,nq_132,50,True,15,5,2.0,1.0,5,0;5;6;20;33,9;18;19;28,1,0,1,0,3.054481261421145,0.6108962522842291,10,8.171247351908738,4.085623675954369,4.085623675954369,1.0311424145332238,-48.96885758546678,-44.883233909512406,-44.88323390951241,True,1.0311424145332238,0.0,3003,0.27543508282938145,0.30541859671714455,0.06372406659065702,0.065596907875041,0.11919355576440786,0.8099805367924442,1.0,0.6108962522842291,0.3238366216622609,0.21009869412399823,0.2228952303645565,0.7569749137530375,0.9381270475274862,1.0,0.8332696261756515,0.05146803467825422,0.7042543745351972,0.7677217778726595,0.8349763219719649,0.8976061766372104,0.9482988845491951,0.8171247351908736,0.03791048203151259,0.7621899341034348,0.7659527808552173,0.8235964236621107,0.8584115720050185,0.8857139526430862,0.41663481308782574,0.02573401733912711,0.3521271872675986,0.38386088893632975,0.41748816098598246,0.4488030883186052,0.47414944227459754,0.4085623675954368,0.018955241015756297,0.3810949670517174,0.38297639042760867,0.41179821183105536,0.42920578600250925,0.4428569763215431,0.41663481308782574,0.02573401733912711,0.3521271872675986,0.38386088893632975,0.41748816098598246,0.4488030883186052,0.47414944227459754,0.4085623675954368,0.018955241015756297,0.3810949670517174,0.38297639042760867,0.41179821183105536,0.42920578600250925,0.4428569763215431
cohesion_disabled,nq_133,50,True,15,5,2.0,1.0,5,22;26;28;35;47,2;5;9;31;47,1,1,3,1,4.175987314453165,0.8351974628906328,10,8.272279140830273,4.1361395704151365,4.1361395704151365,-0.03984774403802849,-50.03984774403803,-45.90370817362289,-45.90370817362289,True,-0.03984774403802849,0.0,3003,0.5309028816785147,0.2793006721682103,0.054915312468933775,0.1890774081159971,0.4811045945881705,0.9465786222260879,1.0,0.8351974628906328,0.15526085408153734,0.6477087320044437,0.6497062916211526,0.8938347430770746,0.992696483330172,1.0,0.8701130309315704,0.05778649303630749,0.7177292109942682,0.7845853394149496,0.8838733498857817,0.93510185070449,0.9583413188962053,0.8272279140830273,0.05037158222267714,0.7606368486078732,0.7718417182328212,0.8171484665416247,0.8799270580218275,0.9128807349680146,0.4350565154657852,0.028893246518153747,0.3588646054971341,0.3922926697074748,0.44193667494289085,0.467550925352245,0.47917065944810266,0.41361395704151366,0.02518579111133857,0.3803184243039366,0.3859208591164106,0.4085742332708123,0.43996352901091373,0.4564403674840073,0.4350565154657852,0.028893246518153747,0.3588646054971341,0.3922926697074748,0.44193667494289085,0.467550925352245,0.47917065944810266,0.41361395704151366,0.02518579111133857,0.3803184243039366,0.3859208591164106,0.4085742332708123,0.43996352901091373,0.4564403674840073
cohesion_disabled,nq_134,50,True,15,5,2.0,1.0,5,3;6;19;32;48,0;3;5;6,1,1,3,2,2.5185288026116526,0.5037057605223305,10,7.73066629656953,3.865333148284765,3.865333148284765,1.3468043456731125,-48.653195654326886,-44.78786250604212,-44.787862506042124,True,1.3468043456731125,0.0,3003,0.2407901986926572,0.2724214392548438,0.011033945330607305,0.015895527913525307,0.13239973163544613,0.49907073724831513,1.0,0.5037057605223305,0.28171958886493503,0.13239973163544613,0.23673311157418986,0.48333398224012697,0.8038247629015096,1.0,0.8119917372743105,0.067845903314004,0.6477268647415214,0.7243453923005162,0.8100269676038301,0.8958378132231322,0.922921734005161,0.773066629656953,0.0579287123037906,0.7029305147759813,0.7071530794103968,0.7601305346155425,0.8529342504487919,0.8725795026987864,0.40599586863715525,0.033922951657002,0.3238634323707607,0.3621726961502581,0.40501348380191504,0.4479189066115661,0.4614608670025805,0.3865333148284765,0.0289643561518953,0.35146525738799067,0.3535765397051984,0.38006526730777124,0.42646712522439595,0.4362897513493932,0.40599586863715525,0.033922951657002,0.3238634323707607,0.3621726961502581,0.40501348380191504,0.4479189066115661,0.4614608670025805,0.3865333148284765,0.0289643561518953,0.35146525738799067,0.3535765397051984,0.38006526730777124,0.42646712522439595,0.4362897513493932
cohesion_disabled,nq_135,50,True,15,5,2.0,1.0,5,4;27;32;43;47,0;20;28;38,0,0,0,0,1.9617325521932325,0.3923465104386465,10,6.3891815905828935,3.1945907952914467,3.1945907952914467,1.2328582430982142,-48.767141756901786,-45.57255096161034,-45.57255096161034,True,1.2328582430982142,0.0,3003,0.17258812874935964,0.2388626456356883,0.024216917858984353,0.03266340222106446,0.09094326165037972,0.3047903949473327,1.0,0.3923465104386465,0.31099414905077827,0.12862403854393262,0.17295594458579974,0.25701215526543525,0.7346570218941058,1.0,0.6432533186407868,0.0673576243230616,0.4860013059499879,0.5739475407163418,0.6470033547628936,0.7173933045560167,0.9025128000210297,0.6389181590582893,0.035341054681181455,0.5810990722449316,0.5990623213198146,0.6411066677079744,0.6820925891990438,0.6937603520520339,0.3216266593203934,0.0336788121615308,0.24300065297499396,0.2869737703581709,0.3235016773814468,0.35869665227800834,0.45125640001051487,0.31945907952914465,0.017670527340590728,0.2905495361224658,0.2995311606599073,0.3205533338539872,0.3410462945995219,0.34688017602601695,0.3216266593203934,0.0336788121615308,0.24300065297499396,0.2869737703581709,0.3235016773814468,0.35869665227800834,0.45125640001051487,0.31945907952914465,0.017670527340590728,0.2905495361224658,0.2995311606599073,0.3205533338539872,0.3410462945995219,0.34688017602601695
cohesion_disabled,nq_136,50,True,15,5,2.0,1.0,5,7;16;18;21;35,21,1,1,1,1,1.129135495198706,0.2258270990397412,10,6.164406131801935,3.0822030659009676,3.0822030659009676,1.9530675707022616,-48.04693242929774,-44.96472936339677,-44.96472936339677,True,1.9530675707022616,0.0,3003,0.08540866127738382,0.24611778946435736,0.0006354967978523583,0.0009351419719595577,0.007048332586016178,0.08551701988472522,1.0,0.2258270990397412,0.3894396746787061,0.0010452628561348194,0.003056002210280146,0.007048332586016178,0.6459879154060229,1.0,0.6805768374948642,0.08306175049415065,0.5543002208730707,0.5867111359562063,0.6658138843578943,0.8038568527244521,0.9915545879633123,0.6164406131801936,0.07994964462269062,0.5598699570362982,0.5726936542171482,0.5915773502335883,0.6513856381623828,0.8501100502079367,0.3402884187474321,0.04153087524707533,0.27715011043653537,0.29335556797810314,0.3329069421789472,0.40192842636222603,0.49577729398165615,0.3082203065900968,0.03997482231134531,0.2799349785181491,0.2863468271085741,0.29578867511679413,0.3256928190811914,0.42505502510396836,0.3402884187474321,0.04153087524707533,0.27715011043653537,0.29335556797810314,0.3329069421789472,0.40192842636222603,0.49577729398165615,0.3082203065900968,0.03997482231134531,0.2799349785181491,0.2863468271085741,0.29578867511679413,0.3256928190811914,0.42505502510396836
cohesion_disabled,nq_137,50,True,15,5,2.0,1.0,5,0;4;8;43;47,0;3,1,1,2,1,1.214374103623487,0.2428748207246974,10,7.618146121140697,3.8090730605703484,3.8090730605703484,2.5946989569468615,-47.405301043053136,-43.596227982482795,-43.59622798248279,True,2.5946989569468615,0.0,3003,0.08666313573362014,0.24695373737909587,0.0005164160302504147,0.0006114744314680433,0.0022890660566776424,0.11103402727413883,1.0,0.2428748207246974,0.38181734059368794,0.0007108694228925859,0.0018038594652805733,0.07548953264450141,0.6538921428108923,1.0,0.8040239524299553,0.054811896993919786,0.6383006950492887,0.7366889488526548,0.8056469626878479,0.8749470017679504,0.9308384657944926,0.7618146121140696,0.06507462477685506,0.6543773359227791,0.6718427754182928,0.7829089473826523,0.8325410683690525,0.8383824005760893,0.40201197621497764,0.027405948496959893,0.31915034752464433,0.3683444744263274,0.40282348134392393,0.4374735008839752,0.4654192328972463,0.3809073060570348,0.03253731238842753,0.32718866796138957,0.3359213877091464,0.39145447369132613,0.41627053418452625,0.41919120028804463,0.40201197621497764,0.027405948496959893,0.31915034752464433,0.3683444744263274,0.40282348134392393,0.4374735008839752,0.4654192328972463,0.3809073060570348,0.03253731238842753,0.32718866796138957,0.3359213877091464,0.39145447369132613,0.41627053418452625,0.41919120028804463
cohesion_disabled,nq_138,50,True,15,5,2.0,1.0,5,5;18;25;26;37,,0,0,0,0,2.8768083580303343,0.5753616716060669,10,7.77208464312489,3.886042321562445,3.886042321562445,1.0092339635321106,-48.99076603646789,-45.10472371490545,-45.10472371490545,True,1.0092339635321106,0.0,3003,0.23585689047769295,0.3221910945913865,0.012668666255575764,0.014007458766647319,0.045000086958027784,0.7542609452502255,1.0,0.5753616716060669,0.35073999374559395,0.10636802485250031,0.21091468782178152,0.43681222645526435,0.9863573697787466,1.0,0.8312089686110741,0.07988477715219627,0.7026277825147341,0.7419128323100712,0.8027610258595522,0.9350960043124703,0.9561082603917681,0.777208464312489,0.05110295555609911,0.7242685227743171,0.733837028444415,0.7605295422088625,0.815563157633117,0.9108714875999945,0.41560448430553704,0.03994238857609814,0.35131389125736706,0.3709564161550356,0.4013805129297761,0.46754800215623515,0.47805413019588405,0.3886042321562445,0.025551477778049555,0.36213426138715854,0.3669185142222075,0.38026477110443124,0.4077815788165585,0.45543574379999724,0.41560448430553704,0.03994238857609814,0.35131389125736706,0.3709564161550356,0.4013805129297761,0.46754800215623515,0.47805413019588405,0.3886042321562445,0.025551477778049555,0.36213426138715854,0.3669185142222075,0.38026477110443124,0.4077815788165585,0.45543574379999724
cohesion_disabled,nq_139,50,True,15,5,2.0,1.0,5,0;3;4;6;31,,0,0,0,0,1.311672081223988,0.2623344162447976,10,6.56647186732284,3.28323593366142,3.28323593366142,1.9715638524374322,-48.028436147562566,-44.74520021390114,-44.74520021390115,True,1.9715638524374322,0.0,3003,0.09076044819769034,0.24959267377100589,0.0009597846590648668,0.0011966625226568137,0.0029762231513292396,0.168332383474565,1.0,0.2623344162447976,0.37771513956957425,0.0011082608307377455,0.0014231191509786465,0.08434332391290553,0.6897300359396019,1.0,0.6901124323535359,0.06144393906072254,0.5405516070036795,0.6134447686045037,0.6866315535534394,0.7657090321660616,0.8512689814726672,0.6566471867322841,0.08062913273638295,0.5405516070036795,0.5649717344460168,0.6549074939479216,0.7286963834225453,0.8421008814723643,0.34505621617676796,0.03072196953036127,0.2702758035018398,0.30672238430225185,0.3433157767767197,0.3828545160830308,0.4256344907363336,0.32832359336614203,0.04031456636819147,0.2702758035018398,0.2824858672230084,0.3274537469739608,0.36434819171127264,0.42105044073618214,0.34505621617676796,0.03072196953036127,0.2702758035018398,0.30672238430225185,0.3433157767767197,0.3828545160830308,0.4256344907363336,0.32832359336614203,0.04031456636819147,0.2702758035018398,0.2824858672230084,0.3274537469739608,0.36434819171127264,0.42105044073618214
cohesion_disabled,nq_140,50,True,15,5,2.0,1.0,5,1;6;7;16;21,1;6,1,1,2,2,4.005944235030746,0.8011888470061492,10,8.7156232863801,4.35781164319005,4.35781164319005,0.35186740815930406,-49.64813259184069,-45.290320948650646,-45.290320948650646,True,0.35186740815930406,0.0,3003,0.2798776896699914,0.4198785753364698,0.0005436762886783795,0.0009188127992721324,0.013960745363620007,0.9962575067774901,1.0,0.8011888470061492,0.3454555102729359,0.11436781583482536,0.42877796526564294,0.9922621554647041,0.999568429727739,1.0,0.8873674869868267,0.031843134057478545,0.7918473029070647,0.8479018469840616,0.8907552225698214,0.9219308020913017,0.9901216169141247,0.8715623286380101,0.0527821284026391,0.798785067897302,0.8191749895502322,0.8815301519119549,0.9079607764855495,0.9901216169141247,0.44368374349341333,0.015921567028739272,0.39592365145353237,0.4239509234920308,0.4453776112849107,0.46096540104565087,0.49506080845706235,0.43578116431900504,0.02639106420131955,0.399392533948651,0.4095874947751161,0.44076507595597747,0.45398038824277476,0.49506080845706235,0.44368374349341333,0.015921567028739272,0.39592365145353237,0.4239509234920308,0.4453776112849107,0.46096540104565087,0.49506080845706235,0.43578116431900504,0.02639106420131955,0.399392533948651,0.4095874947751161,0.44076507595597747,0.45398038824277476,0.49506080845706235
cohesion_disabled,nq_141,50,True,15,5,2.0,1.0,5,14;24;33;35;45,2;3;5;7;11;13;14;16;18;19;20;21;22;23;24;25;26;29;30;31;32;33;34;35;36;37;39;44;45;46;47;48,1,1,13,5,4.892661091017662,0.9785322182035324,10,8.469424092156384,4.234712046078192,4.234712046078192,-0.6579490449394703,-50.65794904493947,-46.423236998861285,-46.42323699886128,True,-0.6579490449394703,0.0,3003,0.8986335915693316,0.09109592852364096,0.729434763613293,0.7437550354074739,0.9299554254892274,0.9833190089556618,1.0,0.9785322182035324,0.013997035940831962,0.9604639553522273,0.9630962153409915,0.9788625462455814,0.9945159936382861,1.0,0.853432237026981,0.057673559493438685,0.7453586960337384,0.786766943100909,0.8402391885499224,0.9417302554270003,0.9819927486907674,0.8469424092156383,0.07036799536014299,0.7648924158360101,0.7688669384090633,0.8119167656579116,0.9261486814160124,0.9616721794023995,0.4267161185134905,0.028836779746719342,0.3726793480168692,0.3933834715504545,0.4201195942749612,0.47086512771350014,0.4909963743453837,0.4234712046078192,0.035183997680071494,0.38244620791800504,0.38443346920453164,0.4059583828289558,0.4630743407080062,0.48083608970119973,0.4267161185134905,0.028836779746719342,0.3726793480168692,0.3933834715504545,0.4201195942749612,0.47086512771350014,0.4909963743453837,0.4234712046078192,0.035183997680071494,0.38244620791800504,0.38443346920453164,0.4059583828289558,0.4630743407080062,0.48083608970119973
cohesion_disabled,nq_142,50,True,15,5,2.0,1.0,5,4;6;10;37;41,0;1;2;3;4;5;6;7;8;9;10;11;12;13;14;15;16;17;18;19;20;21;22;23;24;25;26;28;30;31;36;37;39;41;42;43;44;45;47;49,1,1,13,5,3.4879800850106215,0.6975960170021243,10,8.491524205466202,4.245762102733101,4.245762102733101,0.7577820177224797,-49.24221798227752,-44.99645587954441,-44.99645587954442,True,0.7577820177224797,0.0,3003,0.2950009456804049,0.3308609929235955,0.042675789112409296,0.05492281510746219,0.12477146250430379,0.8425482977149593,1.0,0.6975960170021243,0.28644610663007314,0.18269257245086912,0.3742993911465763,0.7179921915340489,0.9702342807342266,1.0,0.8381604740436127,0.050465104705745174,0.7196737027434524,0.7704903165771361,0.8389024987640085,0.906221089509476,0.9481865535637356,0.8491524205466201,0.04087704281747948,0.777889465571484,0.8057178064887889,0.8470796401108545,0.9029918531363081,0.906587297164126,0.41908023702180636,0.025232552352872587,0.3598368513717262,0.38524515828856803,0.41945124938200423,0.453110544754738,0.4740932767818678,0.42457621027331005,0.02043852140873974,0.388944732785742,0.40285890324439444,0.42353982005542723,0.45149592656815407,0.453293648582063,0.41908023702180636,0.025232552352872587,0.3598368513717262,0.38524515828856803,0.41945124938200423,0.453110544754738,0.4740932767818678,0.42457621027331005,0.02043852140873974,0.388944732785742,0.40285890324439444,0.42353982005542723,0.45149592656815407,0.453293648582063
cohesion_disabled,nq_143,50,True,15,5,2.0,1.0,5,15;26;34;45;47,6;26;47,1,1,2,2,4.701032771670996,0.9402065543341992,10,7.396299247987199,3.6981496239935994,3.6981496239935994,-1.0028831476773967,-51.002883147677395,-47.304733523683794,-47.304733523683794,True,-1.0028831476773967,0.0,3003,0.8280565472035492,0.10695579091955242,0.6809631886241392,0.7115815204720187,0.8022322444478693,0.9809581168750492,1.0,0.9402065543341992,0.0726234707323341,0.8022322444478693,0.8598934277070971,0.9524553895063185,0.9999839740483478,1.0,0.7343523830445872,0.049615071685461525,0.6519557616170634,0.6806199975597381,0.7343392016497531,0.7668899579810106,0.9936306718343298,0.7396299247987199,0.0918879743661358,0.6526590343255073,0.6591642336250509,0.7278711032606885,0.7826669824577033,0.9936306718343298,0.3671761915222936,0.024807535842730762,0.3259778808085317,0.34030999877986906,0.36716960082487654,0.3834449789905053,0.4968153359171649,0.36981496239935996,0.0459439871830679,0.32632951716275366,0.32958211681252547,0.36393555163034425,0.39133349122885164,0.4968153359171649,0.3671761915222936,0.024807535842730762,0.3259778808085317,0.34030999877986906,0.36716960082487654,0.3834449789905053,0.4968153359171649,0.36981496239935996,0.0459439871830679,0.32632951716275366,0.32958211681252547,0.36393555163034425,0.39133349122885164,0.4968153359171649
cohesion_disabled,nq_144,50,True,15,5,2.0,1.0,5,5;28;36;39;43,0;1;3;4;5;6;8;11;12;20;21;22;28;29;36;39;40;41;43;45;48,1,1,15,5,4.9941629473728995,0.9988325894745799,10,8.813945156728405,4.406972578364202,4.406972578364202,-0.587190369008697,-50.587190369008695,-46.180217790644505,-46.18021779064449,True,-0.587190369008697,0.0,3003,0.9988744512554981,0.002487140004167293,0.9907039532235059,0.9967816325677443,0.999817687153195,0.9999924617782676,1.0,0.9988325894745799,0.0018802087852692608,0.9950798790116391,0.9968821103840011,0.9997253677921042,0.999899808445328,0.9999545559734166,0.9140589317475382,0.030028750349439824,0.8453573296123663,0.8743813998176043,0.9143970714565857,0.9547281681607365,0.9746394192898058,0.8813945156728407,0.03271329036051,0.8453573296123663,0.8457954280183184,0.8804139665030717,0.9260025808439545,0.9466881876758046,0.4570294658737691,0.015014375174719912,0.42267866480618316,0.43719069990880216,0.45719853572829283,0.47736408408036823,0.4873197096449029,0.44069725783642033,0.016356645180255,0.42267866480618316,0.4228977140091592,0.44020698325153584,0.46300129042197724,0.4733440938379023,0.4570294658737691,0.015014375174719912,0.42267866480618316,0.43719069990880216,0.45719853572829283,0.47736408408036823,0.4873197096449029,0.44069725783642033,0.016356645180255,0.42267866480618316,0.4228977140091592,0.44020698325153584,0.46300129042197724,0.4733440938379023
cohesion_disabled,nq_145,50,True,15,5,2.0,1.0,5,17;18;25;30;33,8,1,0,1,0,1.5550493902140923,0.31100987804281843,10,7.6518199652853225,3.8259099826426612,3.8259099826426612,2.270860592428569,-47.72913940757143,-43.90322942492877,-43.90322942492877,True,2.270860592428569,0.0,3003,0.12411260270206996,0.24982377146084375,0.0003056729738844785,0.0012171470548439191,0.02227293981182955,0.27083600782015677,1.0,0.31100987804281843,0.36403978079305604,0.0003056729738844785,0.005905579770122712,0.2671347927263995,0.7093213938197314,1.0,0.8274344366742253,0.07738775466266151,0.646427216998416,0.7064233772503008,0.8388649040062617,0.9395730587042666,0.9591967432411008,0.7651819965285322,0.07229288847556918,0.646427216998416,0.6876857400683967,0.7578929769149916,0.8608304963136111,0.8692411511876752,0.41371721833711267,0.038693877331330756,0.323213608499208,0.3532116886251504,0.41943245200313084,0.4697865293521333,0.4795983716205504,0.3825909982642661,0.03614644423778459,0.323213608499208,0.34384287003419833,0.3789464884574958,0.43041524815680554,0.4346205755938376,0.41371721833711267,0.038693877331330756,0.323213608499208,0.3532116886251504,0.41943245200313084,0.4697865293521333,0.4795983716205504,0.3825909982642661,0.03614644423778459,0.323213608499208,0.34384287003419833,0.3789464884574958,0.43041524815680554,0.4346205755938376
cohesion_disabled,nq_146,50,True,15,5,2.0,1.0,5,9;14;22;27;46,2;6;8;9;14;22;33,1,1,5,3,4.695037659365871,0.9390075318731743,10,7.660852427250855,3.8304262136254277,3.8304262136254277,-0.8646114457404437,-50.864611445740444,-47.03418523211501,-47.034185232115014,True,-0.8646114457404437,0.0,3003,0.7653311039414603,0.21408395373434777,0.37296853192572677,0.45708885741325833,0.7921845573528911,0.999802547391509,1.0,0.9390075318731743,0.08723462142539276,0.7760333488899122,0.8333992393775532,0.9996559691432879,0.9999601064894625,1.0,0.7828119641483741,0.08094721396214288,0.6697226214192107,0.6901274728618221,0.7580477833279421,0.8983281637829361,0.9864698751753629,0.7660852427250855,0.1125318208149339,0.6698701254399899,0.6787075695633875,0.6932477842696874,0.9186430782968752,0.9747838317777738,0.39140598207418703,0.04047360698107144,0.33486131070960534,0.34506373643091104,0.37902389166397105,0.44916408189146806,0.49323493758768144,0.38304262136254275,0.05626591040746695,0.33493506271999496,0.33935378478169376,0.3466238921348437,0.4593215391484376,0.4873919158888869,0.39140598207418703,0.04047360698107144,0.33486131070960534,0.34506373643091104,0.37902389166397105,0.44916408189146806,0.49323493758768144,0.38304262136254275,0.05626591040746695,0.33493506271999496,0.33935378478169376,0.3466238921348437,0.4593215391484376,0.4873919158888869
cohesion_disabled,nq_147,50,True,15,5,2.0,1.0,5,6;11;16;40;44,0;6;8;11;40,1,1,5,3,4.8840226329480885,0.9768045265896177,10,7.2915582254642,3.6457791127321,3.6457791127321,-1.2382435202159883,-51.23824352021599,-47.59246440748388,-47.59246440748389,True,-1.2382435202159883,0.0,3003,0.557314833019451,0.3883338321643146,0.08131696746192221,0.13104269657301237,0.39456500475421397,0.9999613731263202,1.0,0.9768045265896177,0.03948089940771547,0.8985244608118397,0.9336598466110314,0.9992290719794727,0.9999613731263202,0.9999945159376874,0.7406681097588647,0.0745522432728761,0.5648604131062104,0.6639248428368125,0.7292899557012426,0.846696415313414,0.9763227270039843,0.7291558225464201,0.10007870351165979,0.6310492070577737,0.6426060714419998,0.6817889761299353,0.8181811106410777,0.9763227270039843,0.37033405487943233,0.03727612163643805,0.2824302065531052,0.33196242141840626,0.3646449778506213,0.423348207656707,0.48816136350199213,0.36457791127321004,0.050039351755829894,0.31552460352888684,0.3213030357209999,0.34089448806496764,0.40909055532053884,0.48816136350199213,0.37033405487943233,0.03727612163643805,0.2824302065531052,0.33196242141840626,0.3646449778506213,0.423348207656707,0.48816136350199213,0.36457791127321004,0.050039351755829894,0.31552460352888684,0.3213030357209999,0.34089448806496764,0.40909055532053884,0.48816136350199213
cohesion_disabled,nq_148,50,True,15,5,2.0,1.0,5,0;1;6;11;22,0;1;4;6;17;22,1,1,6,4,4.685166562272632,0.9370333124545264,10,8.889065273481828,4.444532636740914,4.444532636740914,-0.2406339255317178,-50.24063392553172,-45.79610128879081,-45.7961012887908,True,-0.2406339255317178,0.0,3003,0.6179799857533544,0.3340728944869582,0.11693466741634224,0.12814635277625017,0.7777732224502046,0.9759469094205561,1.0,0.9370333124545264,0.05914736209347606,0.8432219580351044,0.8648586266381708,0.9541583769814903,0.9961890390853066,1.0,0.8931260169388795,0.03957495161288062,0.7913731910849913,0.8392608985252691,0.894222745046936,0.94377867520436,0.9688167917829944,0.8889065273481828,0.03278921944226926,0.8468112749900769,0.849962819685914,0.8806210200228415,0.9263391821823442,0.959158651808792,0.44656300846943975,0.01978747580644031,0.39568659554249563,0.41963044926263454,0.447111372523468,0.47188933760218,0.4844083958914972,0.4444532636740914,0.01639460972113463,0.42340563749503846,0.424981409842957,0.44031051001142074,0.4631695910911721,0.479579325904396,0.44656300846943975,0.01978747580644031,0.39568659554249563,0.41963044926263454,0.447111372523468,0.47188933760218,0.4844083958914972,0.4444532636740914,0.01639460972113463,0.42340563749503846,0.424981409842957,0.44031051001142074,0.4631695910911721,0.479579325904396
cohesion_disabled,nq_149,50,True,15,5,2.0,1.0,5,2;4;6;12;38,2;4,1,1,2,2,4.7923297644112495,0.9584659528822499,10,8.4902932436603,4.24514662183015,4.24514662183015,-0.5471831425810993,-50.5471831425811,-46.30203652075095,-46.302036520750946,True,-0.5471831425810993,0.0,3003,0.4229209643240577,0.4251651489985974,0.008843538522558075,0.01672354748795166,0.20062836815849822,0.9820693302929886,1.0,0.9584659528822499,0.04297337120871941,0.8823954469571863,0.9112783722194705,0.9556480205585559,0.9998734147130441,1.0,0.8198200419205747,0.060412040595386275,0.6793260575255271,0.7414953744088351,0.8120571310518756,0.8962956907815413,0.9711121483546042,0.8490293243660301,0.05258137910929171,0.7584221970537947,0.8066936376520675,0.8540431216769752,0.8798468704466016,0.9711121483546042,0.40991002096028734,0.030206020297693138,0.33966302876276355,0.37074768720441753,0.4060285655259378,0.4481478453907706,0.4855560741773021,0.42451466218301503,0.026290689554645856,0.37921109852689733,0.40334681882603374,0.4270215608384876,0.4399234352233008,0.4855560741773021,0.40991002096028734,0.030206020297693138,0.33966302876276355,0.37074768720441753,0.4060285655259378,0.4481478453907706,0.4855560741773021,0.42451466218301503,0.026290689554645856,0.37921109852689733,0.40334681882603374,0.4270215608384876,0.4399234352233008,0.4855560741773021
cohesion_disabled,nq_150,50,True,15,5,2.0,1.0,5,9;16;29;31;36,,0,0,0,0,1.1349676894856704,0.22699353789713408,10,7.1006759792901555,3.5503379896450777,3.5503379896450777,2.4153703001594073,-47.58462969984059,-44.03429171019552,-44.03429171019552,True,2.4153703001594073,0.0,3003,0.10987726860390075,0.24388636210932857,0.005039609422128048,0.005303840974626208,0.015326905065562422,0.16209952052692136,1.0,0.22699353789713408,0.38845474150042775,0.005516648474309958,0.006981500264907829,0.011308013605275427,0.6435856997821122,1.0,0.7845588176621918,0.08513276651413773,0.5945453816627453,0.6668724607016971,0.7848996603128018,0.907648840657293,0.9589421295367417,0.7100675979290155,0.09760994831523823,0.5946569219166553,0.5962382403882154,0.7315292747963784,0.8265963675111162,0.8685109446962673,0.3922794088310959,0.042566383257068865,0.29727269083137264,0.3334362303508486,0.3924498301564009,0.4538244203286465,0.47947106476837087,0.35503379896450776,0.04880497415761911,0.29732846095832766,0.2981191201941077,0.3657646373981892,0.4132981837555581,0.43425547234813366,0.3922794088310959,0.042566383257068865,0.29727269083137264,0.3334362303508486,0.3924498301564009,0.4538244203286465,0.47947106476837087,0.35503379896450776,0.04880497415761911,0.29732846095832766,0.2981191201941077,0.3657646373981892,0.4132981837555581,0.43425547234813366
cohesion_disabled,nq_151,50,True,15,5,2.0,1.0,5,0;1;4;10;22,4;6;18;22;28;38,1,1,4,2,2.962665702484882,0.5925331404969765,10,8.791730666282414,4.395865333141207,4.395865333141207,1.4331996306563246,-48.566800369343675,-44.170935036202465,-44.170935036202465,True,1.4331996306563246,0.0,3003,0.2515590226483344,0.3187507709693027,0.023584364173138552,0.03422704634552414,0.12146612704156688,0.8192370761133249,1.0,0.5925331404969765,0.35501258959908955,0.20338945230735767,0.20624960731718625,0.5500238504701617,0.9994850239501736,1.0,0.8416715816213117,0.05571130595336936,0.7270431795077594,0.7781201700292247,0.8360133475351307,0.9194946371696046,0.9977367541642936,0.8791730666282416,0.04837077192382133,0.8081633607473654,0.8302636952535187,0.8653131544692685,0.9402074879396389,0.9829597755185561,0.42083579081065586,0.02785565297668468,0.3635215897538797,0.38906008501461237,0.41800667376756534,0.4597473185848023,0.4988683770821468,0.4395865333141208,0.024185385961910666,0.4040816803736827,0.41513184762675936,0.43265657723463424,0.47010374396981947,0.49147988775927803,0.42083579081065586,0.02785565297668468,0.3635215897538797,0.38906008501461237,0.41800667376756534,0.4597473185848023,0.4988683770821468,0.4395865333141208,0.024185385961910666,0.4040816803736827,0.41513184762675936,0.43265657723463424,0.47010374396981947,0.49147988775927803
cohesion_disabled,nq_152,50,True,15,5,2.0,1.0,5,0;1;2;6;20,0;1,1,1,2,2,4.9625924163572215,0.9925184832714443,10,8.571879021623257,4.2859395108116285,4.2859395108116285,-0.676652905545593,-50.676652905545595,-46.390713394733964,-46.390713394733964,True,-0.676652905545593,0.0,3003,0.3727967064825186,0.4633873044413939,2.960393085685946e-05,4.07468426194983e-05,0.0035953893481641694,0.9997373325309047,1.0,0.9925184832714443,0.008961574274231601,0.9799420711865438,0.9812879528812365,0.999344046587684,0.9999998092638873,1.0,0.7271946935861653,0.08205907423082925,0.5592894755286377,0.6361699980458527,0.7110742173751649,0.8394019367038691,0.9910344755994722,0.8571879021623257,0.05867035772361707,0.7950721740221726,0.8061325744944504,0.8434589716606381,0.9266855785962235,0.9910344755994722,0.36359734679308264,0.04102953711541463,0.27964473776431886,0.31808499902292636,0.3555371086875824,0.41970096835193454,0.4955172377997361,0.4285939510811628,0.029335178861808534,0.3975360870110863,0.4030662872472252,0.42172948583031905,0.46334278929811173,0.4955172377997361,0.36359734679308264,0.04102953711541463,0.27964473776431886,0.31808499902292636,0.3555371086875824,0.41970096835193454,0.4955172377997361,0.4285939510811628,0.029335178861808534,0.3975360870110863,0.4030662872472252,0.42172948583031905,0.46334278929811173,0.4955172377997361
cohesion_disabled,nq_153,50,True,15,5,2.0,1.0,5,2;11;12;30;46,0;1;46,1,1,2,1,2.4698590581825766,0.4939718116365153,10,7.1445745778539305,3.5722872889269652,3.5722872889269652,1.1024282307443887,-48.89757176925561,-45.32528448032865,-45.32528448032865,True,1.1024282307443887,0.0,3003,0.24553715540292434,0.2383434650909662,0.026377081041142572,0.048823562033222107,0.16634545871143275,0.44784732411460304,1.0,0.4939718116365153,0.2639830925852277,0.25829984545813234,0.2899917756057043,0.38285200511913087,0.7964710147113006,1.0,0.7187036626200285,0.08140282055003803,0.5048148424709088,0.6316537442851087,0.7076391266879016,0.8360032750192222,0.8810390869623616,0.7144574577853932,0.0576141697114432,0.6368984042278476,0.65686278445668,0.7036665874951893,0.7945279473809401,0.835380112409646,0.35935183131001425,0.040701410275019015,0.2524074212354544,0.31582687214255434,0.3538195633439508,0.4180016375096111,0.4405195434811808,0.3572287288926966,0.0288070848557216,0.3184492021139238,0.32843139222834,0.35183329374759464,0.39726397369047006,0.417690056204823,0.35935183131001425,0.040701410275019015,0.2524074212354544,0.31582687214255434,0.3538195633439508,0.4180016375096111,0.4405195434811808,0.3572287288926966,0.0288070848557216,0.3184492021139238,0.32843139222834,0.35183329374759464,0.39726397369047006,0.417690056204823
cohesion_disabled,nq_154,50,True,15,5,2.0,1.0,5,2;9;10;15;42,,0,0,0,0,2.5871914719865066,0.5174382943973013,10,8.810327436942465,4.405163718471233,4.405163718471233,1.817972246484726,-48.18202775351527,-43.77686403504404,-43.77686403504404,True,1.817972246484726,0.0,3003,0.1814584896477531,0.33710132373899143,0.0034474924396700715,0.0037473804985694373,0.015155668986172184,0.7783739461972039,1.0,0.5174382943973013,0.41393628851324205,0.0053147511246182996,0.018351393084908952,0.7400413635236109,0.9215716005251731,1.0,0.8932389919437144,0.03360979848948984,0.8027547226253933,0.8447681988824791,0.8981064181163769,0.9320623652942489,0.9553666742846327,0.8810327436942463,0.04154876484681521,0.8188178041590437,0.8220578409560322,0.8771259336364466,0.9272207819489936,0.9452758521739885,0.4466194959718572,0.01680489924474492,0.40137736131269663,0.42238409944123956,0.44905320905818846,0.46603118264712445,0.47768333714231637,0.44051637184712317,0.020774382423407605,0.40940890207952185,0.4110289204780161,0.4385629668182233,0.4636103909744968,0.47263792608699423,0.4466194959718572,0.01680489924474492,0.40137736131269663,0.42238409944123956,0.44905320905818846,0.46603118264712445,0.47768333714231637,0.44051637184712317,0.020774382423407605,0.40940890207952185,0.4110289204780161,0.4385629668182233,0.4636103909744968,0.47263792608699423
cohesion_disabled,nq_155,50,True,15,5,2.0,1.0,5,7;18;22;33;42,,0,0,0,0,2.290929946890881,0.45818598937817623,10,6.725530340256641,3.3627651701283203,3.3627651701283203,1.0718352232374393,-48.92816477676256,-45.56539960663424,-45.565399606634244,True,1.0718352232374393,0.0,3003,0.22837391651800695,0.25286563870568085,0.030590506027212187,0.04448548475518501,0.15057102229247601,0.5085237945745278,1.0,0.45818598937817623,0.3240744710348403,0.07026124773525068,0.1465966030330687,0.33608821665486477,0.849392338608388,1.0,0.7515813625810347,0.09312167544643385,0.5110233614192161,0.6126043878965327,0.7656221219027011,0.8658554404342622,0.9274238675226398,0.672553034025664,0.06596202994552251,0.5618814159050374,0.5949343220654899,0.6847467930925834,0.7553436461401658,0.7678793098015115,0.37579068129051735,0.046560837723216925,0.25551168070960806,0.30630219394826635,0.38281106095135053,0.4329277202171311,0.4637119337613199,0.336276517012832,0.032981014972761256,0.2809407079525187,0.29746716103274495,0.3423733965462917,0.3776718230700829,0.38393965490075577,0.37579068129051735,0.046560837723216925,0.25551168070960806,0.30630219394826635,0.38281106095135053,0.4329277202171311,0.4637119337613199,0.336276517012832,0.032981014972761256,0.2809407079525187,0.29746716103274495,0.3423733965462917,0.3776718230700829,0.38393965490075577
cohesion_disabled,nq_156,50,True,15,5,2.0,1.0,5,1;3;7;9;16,0;3;4;5;6;7;8;14;16;17;24;27;39;42;43;49,1,1,9,3,4.221852057700074,0.8443704115400148,10,8.82560056660679,4.412800283303395,4.412800283303395,0.1909482256033206,-49.80905177439668,-45.39625149109329,-45.39625149109328,True,0.1909482256033206,0.0,3003,0.5815967265198887,0.22365916861279994,0.2927789513050607,0.3340258336591213,0.6100862307598982,0.9214012431620898,1.0,0.8443704115400148,0.13166259226460358,0.6533110272326749,0.6934728861610736,0.8374698519307332,0.9909422015931977,1.0,0.8922785237705871,0.03297303973774005,0.8153574152719382,0.8548566094741983,0.8918023866897363,0.9363756687554643,0.9825039947372144,0.8825600566606789,0.03998233422298085,0.8267192456776074,0.8582995155859825,0.8654012339453423,0.9160537883535783,0.9825039947372144,0.44613926188529357,0.016486519868870026,0.4076787076359691,0.42742830473709914,0.44590119334486816,0.46818783437773215,0.4912519973686072,0.44128002833033947,0.019991167111490425,0.4133596228388037,0.42914975779299125,0.43270061697267115,0.45802689417678916,0.4912519973686072,0.44613926188529357,0.016486519868870026,0.4076787076359691,0.42742830473709914,0.44590119334486816,0.46818783437773215,0.4912519973686072,0.44128002833033947,0.019991167111490425,0.4133596228388037,0.42914975779299125,0.43270061697267115,0.45802689417678916,0.4912519973686072
cohesion_disabled,nq_157,50,True,15,5,2.0,1.0,5,0;1;10;31;49,0;1;49,1,1,3,3,2.4982886367059853,0.49965772734119707,10,7.270359531888193,3.6351797659440965,3.6351797659440965,1.1368911292381112,-48.86310887076189,-45.22792910481779,-45.22792910481779,True,1.1368911292381112,0.0,3003,0.17067528132945584,0.3433223457599231,0.00013413633987799533,0.00014242084793599302,0.0003713879954406442,0.7786627241862369,1.0,0.49965772734119707,0.4367304912529087,0.00016771669010873247,0.02063165136899927,0.44706647895443963,0.9998907550696409,1.0,0.7792767775240517,0.08097977801733548,0.6221584460005143,0.6731265175940514,0.7719640171161876,0.8977909002554887,0.9616185129263017,0.7270359531888194,0.08296566272583206,0.6221584460005143,0.63023008327096,0.707300227769631,0.8114072026566874,0.9182237780245253,0.38963838876202583,0.04048988900866774,0.31107922300025714,0.3365632587970257,0.3859820085580938,0.44889545012774434,0.48080925646315087,0.3635179765944097,0.04148283136291603,0.31107922300025714,0.31511504163548,0.3536501138848155,0.4057036013283437,0.45911188901226263,0.38963838876202583,0.04048988900866774,0.31107922300025714,0.3365632587970257,0.3859820085580938,0.44889545012774434,0.48080925646315087,0.3635179765944097,0.04148283136291603,0.31107922300025714,0.31511504163548,0.3536501138848155,0.4057036013283437,0.45911188901226263
cohesion_disabled,nq_158,50,True,15,5,2.0,1.0,5,14;22;25;45;47,,0,0,0,0,1.3242459923116507,0.2648491984623301,10,6.668412624453531,3.3342063122267653,3.3342063122267653,2.0099603199151144,-47.990039680084884,-44.65583336785812,-44.65583336785812,True,2.0099603199151144,0.0,3003,0.10318927859221882,0.2457696504455646,0.002469679774676407,0.0034947388701065305,0.010028775180068976,0.15870290868838938,1.0,0.2648491984623301,0.3736206490882823,0.0035046071338657317,0.007461783504851251,0.12851696790741965,0.6715307476836144,1.0,0.7112631417759978,0.05051479510382131,0.6052635170362864,0.6456398949773373,0.7130995439335466,0.7739635928319156,0.8621464264262653,0.666841262445353,0.04363813545864167,0.6052635170362864,0.6121934071114303,0.6496358898005655,0.7275119967685497,0.7296466939627988,0.3556315708879989,0.025257397551910653,0.3026317585181432,0.32281994748866866,0.3565497719667733,0.3869817964159578,0.43107321321313263,0.3334206312226765,0.021819067729320834,0.3026317585181432,0.30609670355571517,0.32481794490028276,0.36375599838427486,0.3648233469813994,0.3556315708879989,0.025257397551910653,0.3026317585181432,0.32281994748866866,0.3565497719667733,0.3869817964159578,0.43107321321313263,0.3334206312226765,0.021819067729320834,0.3026317585181432,0.30609670355571517,0.32481794490028276,0.36375599838427486,0.3648233469813994
cohesion_disabled,nq_159,50,True,15,5,2.0,1.0,5,15;17;25;27;40,32;49,1,0,2,0,3.2077251772009245,0.6415450354401849,10,7.145377569418241,3.5726887847091207,3.5726887847091207,0.3649636075081961,-49.635036392491806,-46.062347607782684,-46.062347607782684,True,0.3649636075081961,0.0,3003,0.23057642021766858,0.3631921347003938,0.0010955206300150302,0.0018765715841142722,0.04535864862495994,0.9193531366140518,1.0,0.6415450354401849,0.374131101820571,0.06944143504358874,0.1776227888916534,0.7984010844104972,0.9999951352332354,1.0,0.7487187848738004,0.0658540143016545,0.6273761698050032,0.6764903075717983,0.7374083291104443,0.8193208436823994,0.9608526390611256,0.7145377569418241,0.0778386506906023,0.6470141282636521,0.662901236958293,0.6917301051093766,0.7640420157741374,0.9335939959605442,0.3743593924369002,0.03292700715082725,0.3136880849025016,0.33824515378589914,0.36870416455522215,0.4096604218411997,0.4804263195305628,0.35726887847091204,0.03891932534530115,0.32350706413182606,0.3314506184791465,0.3458650525546883,0.3820210078870687,0.4667969979802721,0.3743593924369002,0.03292700715082725,0.3136880849025016,0.33824515378589914,0.36870416455522215,0.4096604218411997,0.4804263195305628,0.35726887847091204,0.03891932534530115,0.32350706413182606,0.3314506184791465,0.3458650525546883,0.3820210078870687,0.4667969979802721
cohesion_disabled,nq_160,50,True,15,5,2.0,1.0,5,4;12;25;41;48,4,1,1,1,1,4.886625539303988,0.9773251078607975,10,7.405512967891585,3.7027564839457927,3.7027564839457927,-1.183869055358195,-51.183869055358194,-47.481112571412396,-47.4811125714124,True,-1.183869055358195,0.0,3003,0.6724235181201619,0.38051543195572585,0.034820770640464925,0.11829725017245708,0.9294152460755838,0.9962200185881596,1.0,0.9773251078607975,0.02590692414362409,0.9333141735735867,0.945022379661635,0.9910799378692812,0.9998586956269647,1.0,0.7850406476889297,0.05638773399453914,0.6482330586020736,0.7243136213051051,0.7820778338062148,0.8660579921766297,0.9363065129736569,0.7405512967891585,0.03772558062384105,0.6901429339884184,0.6926089618223573,0.7477740764956926,0.7844804178855215,0.7890870099270134,0.39252032384446484,0.02819386699726957,0.3241165293010368,0.36215681065255256,0.3910389169031074,0.43302899608831485,0.46815325648682843,0.37027564839457927,0.018862790311920525,0.3450714669942092,0.34630448091117866,0.3738870382478463,0.39224020894276074,0.3945435049635067,0.39252032384446484,0.02819386699726957,0.3241165293010368,0.36215681065255256,0.3910389169031074,0.43302899608831485,0.46815325648682843,0.37027564839457927,0.018862790311920525,0.3450714669942092,0.34630448091117866,0.3738870382478463,0.39224020894276074,0.3945435049635067
cohesion_disabled,nq_161,50,True,15,5,2.0,1.0,5,2;27;39;42;46,2;12;21;25;32,1,1,1,1,1.005912011757505,0.20118240235150103,10,8.25161957552727,4.125809787763635,4.125809787763635,3.11989777600613,-46.88010222399387,-42.75429243623023,-42.75429243623023,True,3.11989777600613,0.0,3003,0.06906437959453653,0.24881712456737873,0.000630016956097572,0.000769263663682933,0.0016198313700177657,0.009042843010858056,1.0,0.20118240235150103,0.3994094568097246,0.000630016956097572,0.0007482794414492999,0.0016198313700177657,0.6010945961047652,1.0,0.8596783570227259,0.03706217568140949,0.7919276767736331,0.8149986396765583,0.8548446832528194,0.9171492249686387,0.9550085302784225,0.8251619575527271,0.01841027132074047,0.7919276767736331,0.8015503986472767,0.8272363891045994,0.847835705812563,0.84847393976097,0.42983917851136294,0.018531087840704744,0.39596383838681654,0.40749931983827914,0.4274223416264097,0.45857461248431935,0.47750426513921124,0.41258097877636357,0.009205135660370236,0.39596383838681654,0.40077519932363836,0.4136181945522997,0.4239178529062815,0.424236969880485,0.42983917851136294,0.018531087840704744,0.39596383838681654,0.40749931983827914,0.4274223416264097,0.45857461248431935,0.47750426513921124,0.41258097877636357,0.009205135660370236,0.39596383838681654,0.40077519932363836,0.4136181945522997,0.4239178529062815,0.424236969880485
cohesion_disabled,nq_162,50,True,15,5,2.0,1.0,5,1;4;6;17;46,1;4;17;46,1,1,4,4,4.857751288991583,0.9715502577983166,10,7.827820481251692,3.913910240625846,3.913910240625846,-0.9438410483657371,-50.94384104836574,-47.02993080773989,-47.02993080773989,True,-0.9438410483657371,0.0,3003,0.39041113007728645,0.42620279260797733,0.0011365155774563835,0.0020143454713683426,0.1582706612009516,0.9819886174275877,1.0,0.9715502577983166,0.02775039380923773,0.9186238682843512,0.9418046063481825,0.9777120346519688,0.9939358690445335,1.0,0.7548650018283111,0.07714397528277192,0.5896063754312288,0.6578535817275231,0.7515632823314772,0.8518503312101091,0.9954629919022873,0.7827820481251692,0.05953050591802624,0.7329971636696736,0.7395273609368274,0.7570365714630587,0.8949817310475899,0.9039489850659316,0.37743250091415553,0.03857198764138596,0.2948031877156144,0.32892679086376153,0.3757816411657386,0.42592516560505456,0.49773149595114363,0.3913910240625846,0.02976525295901312,0.3664985818348368,0.3697636804684137,0.37851828573152935,0.44749086552379497,0.4519744925329658,0.37743250091415553,0.03857198764138596,0.2948031877156144,0.32892679086376153,0.3757816411657386,0.42592516560505456,0.49773149595114363,0.3913910240625846,0.02976525295901312,0.3664985818348368,0.3697636804684137,0.37851828573152935,0.44749086552379497,0.4519744925329658
cohesion_disabled,nq_163,50,True,15,5,2.0,1.0,5,1;2;4;30;34,,0,0,0,0,2.88902709883366,0.5778054197667319,10,7.0016096071529965,3.5008048035764983,3.5008048035764983,0.6117777047428383,-49.388222295257165,-45.887417491680665,-45.887417491680665,True,0.6117777047428383,0.0,3003,0.19595370638359325,0.38374713271595556,0.0005152305801931336,0.000639129121277501,0.004577705251586932,0.952175286980478,1.0,0.5778054197667319,0.47225678999029175,0.0005743606957782214,0.000849201848260212,0.9006973887803048,0.9945975543122374,1.0,0.6989293213645643,0.06511001969891886,0.5860111247961509,0.6170083665258072,0.6888025320000364,0.7739113348816331,0.9877180006845907,0.7001609607152998,0.12945591127449552,0.5893546303883794,0.6093005781559705,0.6355403772477239,0.8624917694152274,0.9877180006845907,0.34946466068228216,0.03255500984945943,0.29300556239807546,0.3085041832629036,0.3444012660000182,0.38695566744081655,0.49385900034229535,0.3500804803576499,0.06472795563724776,0.2946773151941897,0.30465028907798525,0.31777018862386197,0.4312458847076137,0.49385900034229535,0.34946466068228216,0.03255500984945943,0.29300556239807546,0.3085041832629036,0.3444012660000182,0.38695566744081655,0.49385900034229535,0.3500804803576499,0.06472795563724776,0.2946773151941897,0.30465028907798525,0.31777018862386197,0.4312458847076137,0.49385900034229535
cohesion_disabled,nq_164,50,True,15,5,2.0,1.0,5,4;30;32;40;49,4;32,1,1,2,2,2.7295165062672355,0.5459033012534471,10,7.2770348874884165,3.6385174437442083,3.6385174437442083,0.9090009374769727,-49.090999062523025,-45.45248161877882,-45.45248161877882,True,0.9090009374769727,0.0,3003,0.2045694902626543,0.323310832340771,0.011139950312932526,0.012579076618976759,0.02651765227280469,0.7599249549417914,1.0,0.5459033012534471,0.37073867559587415,0.020198607439025348,0.11448926002313196,0.5605532050777977,0.9571357819404482,1.0,0.7500124484474293,0.07560162236657539,0.6173826887918505,0.6776379769180325,0.7331198078650751,0.8220845596416996,0.9916811686892356,0.7277034887488416,0.056446954465889716,0.6352919124058442,0.6547634135639803,0.7298958857683595,0.7986957482793761,0.809163786533612,0.37500622422371466,0.037800811183287694,0.30869134439592527,0.33881898845901626,0.36655990393253757,0.4110422798208498,0.4958405843446178,0.3638517443744208,0.028223477232944858,0.3176459562029221,0.32738170678199013,0.36494794288417975,0.39934787413968803,0.404581893266806,0.37500622422371466,0.037800811183287694,0.30869134439592527,0.33881898845901626,0.36655990393253757,0.4110422798208498,0.4958405843446178,0.3638517443744208,0.028223477232944858,0.3176459562029221,0.32738170678199013,0.36494794288417975,0.39934787413968803,0.404581893266806
cohesion_disabled,nq_165,50,True,15,5,2.0,1.0,5,3;5;6;12;17,0;3;5;12,1,1,3,3,1.6489847049185253,0.32979694098370504,10,7.214671432407011,3.6073357162035053,3.6073357162035053,1.95835101128498,-48.04164898871502,-44.43431327251152,-44.43431327251152,True,1.95835101128498,0.0,3003,0.1501542834265738,0.2456609834196955,0.004720885430980973,0.0068135388547102115,0.06276019924031784,0.2758858586116637,1.0,0.32979694098370504,0.3477522095158827,0.02026529265887943,0.06520129317017595,0.18711178756136498,0.7236009323044641,1.0,0.751740938820087,0.07800611366381933,0.5226861652345332,0.6551528103206042,0.7462699592080996,0.8567089868410367,0.9338345467186335,0.721467143240701,0.09029630488830429,0.5683768249936224,0.6374218410914443,0.7231923754861866,0.8426954342752668,0.8499249150447876,0.3758704694100435,0.03900305683190967,0.2613430826172666,0.3275764051603021,0.3731349796040498,0.42835449342051835,0.46691727335931676,0.3607335716203505,0.04514815244415214,0.2841884124968112,0.31871092054572214,0.3615961877430933,0.4213477171376334,0.4249624575223938,0.3758704694100435,0.03900305683190967,0.2613430826172666,0.3275764051603021,0.3731349796040498,0.42835449342051835,0.46691727335931676,0.3607335716203505,0.04514815244415214,0.2841884124968112,0.31871092054572214,0.3615961877430933,0.4213477171376334,0.4249624575223938
cohesion_disabled,nq_166,50,True,15,5,2.0,1.0,5,0;4;11;12;16,0;1;2,1,1,3,1,4.810567859281019,0.9621135718562035,10,8.020173145914969,4.010086572957484,4.010086572957484,-0.8004812863235342,-50.80048128632353,-46.79039471336604,-46.79039471336605,True,-0.8004812863235342,0.0,3003,0.755797133699925,0.2716932288532567,0.3437491730022812,0.37105048053731426,0.9166120165284214,0.9999151181799467,1.0,0.9621135718562035,0.07078881894690056,0.8205688928263416,0.8905848304144831,0.9962864203726686,0.999241523714125,1.0,0.8088640854735055,0.08321957638377386,0.6291248901665408,0.6933834249554589,0.8126822018604885,0.9125383061123451,0.9556729270077785,0.8020173145914968,0.05954121538266888,0.692344786167408,0.721445829931658,0.8116879880124301,0.8618453259685886,0.8828780049991715,0.40443204273675276,0.04160978819188693,0.3145624450832704,0.34669171247772945,0.4063411009302442,0.45626915305617255,0.47783646350388925,0.4010086572957484,0.02977060769133444,0.346172393083704,0.360722914965829,0.40584399400621507,0.4309226629842943,0.44143900249958573,0.40443204273675276,0.04160978819188693,0.3145624450832704,0.34669171247772945,0.4063411009302442,0.45626915305617255,0.47783646350388925,0.4010086572957484,0.02977060769133444,0.346172393083704,0.360722914965829,0.40584399400621507,0.4309226629842943,0.44143900249958573
cohesion_disabled,nq_167,50,True,15,5,2.0,1.0,5,2;4;24;26;27,4;5;24,1,1,2,2,2.6863229211826494,0.5372645842365299,10,8.129930450157557,4.064965225078779,4.064965225078779,1.3786423038961293,-48.62135769610387,-44.556392471025084,-44.55639247102509,True,1.3786423038961293,0.0,3003,0.25453794722965434,0.26984438656008153,0.02418463331023555,0.024956148652466252,0.12121462280521023,0.5841620376524802,1.0,0.5372645842365299,0.27873639244241066,0.16715818558508816,0.25219990776778717,0.4973965454047746,0.8568022796603804,1.0,0.8322207448884084,0.05849788799378659,0.6938682475133668,0.7536660363251334,0.8405831433283681,0.9105851875642701,0.9529026361001262,0.8129930450157558,0.05860276652358264,0.7351050369040439,0.7440745975383558,0.7935466878382915,0.8771963674248109,0.9128246267573507,0.4161103724442042,0.029248943996893297,0.3469341237566834,0.3768330181625667,0.42029157166418407,0.45529259378213505,0.4764513180500631,0.4064965225078779,0.02930138326179132,0.36755251845202197,0.3720372987691779,0.39677334391914576,0.43859818371240544,0.4564123133786753,0.4161103724442042,0.029248943996893297,0.3469341237566834,0.3768330181625667,0.42029157166418407,0.45529259378213505,0.4764513180500631,0.4064965225078779,0.02930138326179132,0.36755251845202197,0.3720372987691779,0.39677334391914576,0.43859818371240544,0.4564123133786753
cohesion_disabled,nq_168,50,True,15,5,2.0,1.0,5,4;5;14;21;31,0;4;17;19;39,1,1,2,1,3.557211370466202,0.7114422740932403,10,8.11975466054936,4.05987733027468,4.05987733027468,0.502665959808478,-49.497334040191525,-45.437456709916844,-45.437456709916844,True,0.502665959808478,0.0,3003,0.32174294050281105,0.3317797290972354,0.027728236088190594,0.035202116203621965,0.1742870885760845,0.9300289816784321,1.0,0.7114422740932403,0.29233180952308674,0.3454214978513081,0.3543330668405731,0.8821234484791087,0.9847864015245258,1.0,0.8128805946009044,0.06650306863440167,0.6946427724112643,0.7268672532540325,0.8062494487840295,0.901693813278429,0.9657506973859467,0.811975466054936,0.04161783643024335,0.728437009749651,0.7801923308680471,0.8086283526078699,0.8743132329983948,0.8808364611203667,0.4064402973004522,0.033251534317200834,0.34732138620563213,0.3634336266270162,0.40312472439201474,0.4508469066392145,0.4828753486929733,0.405987733027468,0.020808918215121677,0.3642185048748255,0.39009616543402353,0.40431417630393496,0.4371566164991974,0.44041823056018337,0.4064402973004522,0.033251534317200834,0.34732138620563213,0.3634336266270162,0.40312472439201474,0.4508469066392145,0.4828753486929733,0.405987733027468,0.020808918215121677,0.3642185048748255,0.39009616543402353,0.40431417630393496,0.4371566164991974,0.44041823056018337
cohesion_disabled,nq_169,50,True,15,5,2.0,1.0,5,10;14;22;28;48,0;1;4;6;8;15;17;18;19;20;22;25;31;33;41;44;46,1,1,5,1,1.038144697470931,0.2076289394941862,10,8.388943975212301,4.194471987606151,4.194471987606151,3.15632729013522,-46.84367270986478,-42.64920072225863,-42.64920072225863,True,3.15632729013522,0.0,3003,0.07523690971979276,0.2473381613156507,0.0009743533210876814,0.001002652197261667,0.0050150482032775435,0.03196606424898575,1.0,0.2076289394941862,0.39629025603554496,0.0009925230721951172,0.001002652197261667,0.010197864411249985,0.6103745856410498,1.0,0.875869422548533,0.04832137964091608,0.791457358103162,0.8186717344908219,0.8690412582466355,0.9474781633158292,0.9660161799223285,0.8388943975212302,0.034110283819084236,0.8051553820784922,0.8116778301599394,0.8271454697259851,0.8959503680343458,0.911457161482653,0.4379347112742665,0.02416068982045804,0.395728679051581,0.40933586724541093,0.43452062912331774,0.4737390816579146,0.48300808996116423,0.4194471987606151,0.017055141909542118,0.4025776910392461,0.4058389150799697,0.41357273486299256,0.4479751840171729,0.4557285807413265,0.4379347112742665,0.02416068982045804,0.395728679051581,0.40933586724541093,0.43452062912331774,0.4737390816579146,0.48300808996116423,0.4194471987606151,0.017055141909542118,0.4025776910392461,0.4058389150799697,0.41357273486299256,0.4479751840171729,0.4557285807413265
cohesion_disabled,nq_170,50,True,15,5,2.0,1.0,5,0;2;4;7;30,0;1;5;8;21;45,1,1,3,1,2.91725852558361,0.583451705116722,10,8.395563012593872,4.197781506296936,4.197781506296936,1.280522980713326,-48.71947701928667,-44.52169551298974,-44.52169551298974,True,1.280522980713326,0.0,3003,0.3100843568947596,0.2572541652536244,0.06664844630114276,0.09094923664059261,0.22879399614449672,0.6514707006352598,1.0,0.583451705116722,0.26928702862503134,0.24253901042895468,0.3189154393312053,0.46636479423392213,0.9099498552944607,1.0,0.8411819635711434,0.05161753666155131,0.7179803244458146,0.7765171393718094,0.8359088607451124,0.9131673799509389,0.9460750558885074,0.8395563012593872,0.054792655291906696,0.7549269412947006,0.7778250901272686,0.8401463215832488,0.9076280984087258,0.9194617257089497,0.4205909817855717,0.025808768330775656,0.3589901622229073,0.3882585696859047,0.4179544303725562,0.45658368997546944,0.4730375279442537,0.4197781506296936,0.027396327645953348,0.3774634706473503,0.3889125450636343,0.4200731607916244,0.4538140492043629,0.45973086285447484,0.4205909817855717,0.025808768330775656,0.3589901622229073,0.3882585696859047,0.4179544303725562,0.45658368997546944,0.4730375279442537,0.4197781506296936,0.027396327645953348,0.3774634706473503,0.3889125450636343,0.4200731607916244,0.4538140492043629,0.45973086285447484
cohesion_disabled,nq_171,50,True,15,5,2.0,1.0,5,2;16;24;27;32,2;4;6;15;24;32;42;44,1,1,5,3,4.952187763961222,0.9904375527922443,10,8.652156225826884,4.326078112913442,4.326078112913442,-0.6261096510477797,-50.62610965104778,-46.300031538134334,-46.300031538134334,True,-0.6261096510477797,0.0,3003,0.651241017617741,0.33829736010112316,0.15565346649467782,0.19351230232010216,0.7600811415827733,0.9981222685633553,1.0,0.9904375527922443,0.010010207954209288,0.9746941088952367,0.9778770308503696,0.9960868617434374,0.9995021518157914,1.0,0.8531441206088378,0.0460596733383513,0.7634389776519799,0.79179441767225,0.8496399333994461,0.9128849980098804,0.9702498312973658,0.8652156225826886,0.041006098607231235,0.8078715259163067,0.8251886079274048,0.8619309386688628,0.9215362851561544,0.951300948590752,0.4265720603044189,0.02302983666917565,0.38171948882598994,0.395897208836125,0.42481996669972305,0.4564424990049402,0.4851249156486829,0.4326078112913443,0.020503049303615618,0.40393576295815337,0.4125943039637024,0.4309654693344314,0.4607681425780772,0.475650474295376,0.4265720603044189,0.02302983666917565,0.38171948882598994,0.395897208836125,0.42481996669972305,0.4564424990049402,0.4851249156486829,0.4326078112913443,0.020503049303615618,0.40393576295815337,0.4125943039637024,0.4309654693344314,0.4607681425780772,0.475650474295376
cohesion_disabled,nq_172,50,True,15,5,2.0,1.0,5,8;34;46;47;49,,0,0,0,0,1.5174932417694282,0.3034986483538856,10,6.488765919871286,3.244382959935643,3.244382959935643,1.7268897181662146,-48.27311028183379,-45.028727321898145,-45.028727321898145,True,1.7268897181662146,0.0,3003,0.10939874812089476,0.2539748928683284,0.0023982544785807747,0.0040649903458498315,0.00940668185307255,0.2511819377527653,1.0,0.3034986483538856,0.3698105471601479,0.00940668185307255,0.030929758148834967,0.07870687320780399,0.7464661256464293,1.0,0.7048966445920558,0.07129208780537877,0.5911141483097001,0.6401538459935171,0.6875701617168434,0.7682915296718004,0.9969754560720111,0.6488765919871285,0.03000395666738658,0.5911141483097001,0.6270168886458447,0.6464837415484554,0.6704494428770643,0.7172726577236617,0.3524483222960279,0.035646043902689384,0.29555707415485005,0.32007692299675855,0.3437850808584217,0.3841457648359002,0.49848772803600555,0.3244382959935643,0.01500197833369329,0.29555707415485005,0.31350844432292235,0.3232418707742277,0.33522472143853216,0.35863632886183083,0.3524483222960279,0.035646043902689384,0.29555707415485005,0.32007692299675855,0.3437850808584217,0.3841457648359002,0.49848772803600555,0.3244382959935643,0.01500197833369329,0.29555707415485005,0.31350844432292235,0.3232418707742277,0.33522472143853216,0.35863632886183083
cohesion_disabled,nq_173,50,True,15,5,2.0,1.0,5,0;1;2;3;29,0;1,1,1,2,2,4.53462624014615,0.90692524802923,10,8.904616751255249,4.4523083756276245,4.4523083756276245,-0.08231786451852585,-50.08231786451853,-45.630009488890906,-45.6300094888909,True,-0.08231786451852585,0.0,3003,0.385166133544154,0.4143384828472574,0.0010541744921162433,0.001201978338112118,0.059243585744546426,0.9918751734643501,1.0,0.90692524802923,0.12062870922383769,0.6863143015635821,0.7592381113808491,0.9796884701057073,0.9999998569480447,1.0,0.7535083613428193,0.10852498070889781,0.46777604025552594,0.5831640426213212,0.7652210392541802,0.8979447899252743,0.9680288452773953,0.8904616751255249,0.019606578444068247,0.8634984398777981,0.8639543807125508,0.8887696861255454,0.9106441335135206,0.929908210278519,0.37675418067140964,0.054262490354448904,0.23388802012776297,0.2915820213106606,0.3826105196270901,0.44897239496263713,0.48401442263869765,0.44523083756276244,0.009803289222034123,0.43174921993889903,0.4319771903562754,0.4443848430627727,0.4553220667567603,0.4649541051392595,0.37675418067140964,0.054262490354448904,0.23388802012776297,0.2915820213106606,0.3826105196270901,0.44897239496263713,0.48401442263869765,0.44523083756276244,0.009803289222034123,0.43174921993889903,0.4319771903562754,0.4443848430627727,0.4553220667567603,0.4649541051392595
cohesion_disabled,nq_174,50,True,15,5,2.0,1.0,5,0;3;6;10;12,0;2;6;8;9;12;17;28;45,1,1,9,3,4.607213046768014,0.9214426093536028,10,8.10577575546342,4.05288787773171,4.05288787773171,-0.5543251690363045,-50.554325169036304,-46.501437291304605,-46.5014372913046,True,-0.5543251690363045,0.0,3003,0.4779679689651118,0.3889876444695494,0.005039432597780507,0.017048503415197674,0.35276404101393605,0.9710321068932269,1.0,0.9214426093536028,0.0930790188044277,0.7415583613692994,0.8151729662750133,0.9650189008292557,0.9900163643743498,1.0,0.7903577827152498,0.07124311295985061,0.6308860146265095,0.6767467148006031,0.7981602579591793,0.8645351208836027,0.9455594165375784,0.8105775755463419,0.02598637180790643,0.7754033213980045,0.7776269357153576,0.8030447900119524,0.845223791234104,0.8537075646829089,0.3951788913576249,0.035621556479925306,0.31544300731325475,0.33837335740030156,0.39908012897958967,0.43226756044180137,0.4727797082687892,0.40528878777317096,0.012993185903953215,0.38770166069900225,0.3888134678576788,0.4015223950059762,0.422611895617052,0.42685378234145444,0.3951788913576249,0.035621556479925306,0.31544300731325475,0.33837335740030156,0.39908012897958967,0.43226756044180137,0.4727797082687892,0.40528878777317096,0.012993185903953215,0.38770166069900225,0.3888134678576788,0.4015223950059762,0.422611895617052,0.42685378234145444
cohesion_disabled,nq_175,50,True,15,5,2.0,1.0,5,8;13;17;22;25,0;1;2;3;4;5;6;8;17;22;23;44,1,1,12,3,4.924036949602333,0.9848073899204666,10,7.173403260561949,3.5867016302809747,3.5867016302809747,-1.3373353193213582,-51.337335319321355,-47.750633689040384,-47.750633689040384,True,-1.3373353193213582,0.0,3003,0.9678097231587203,0.046080067862175805,0.8482272034943366,0.8947471160113001,0.9893884463474932,0.9998435962456865,1.0,0.9848073899204666,0.012724938439452159,0.9606025261023887,0.9701319493587214,0.9893884463474932,0.9950340496693515,0.9959304625282962,0.7762028330676103,0.07486420762285174,0.6392264766505563,0.6814213531590031,0.7689081682482372,0.8692967422975614,1.0,0.7173403260561949,0.04374027484539841,0.6602358289191556,0.6679885405933921,0.7168868607906334,0.7628478091828491,0.8102620497470028,0.38810141653380514,0.03743210381142587,0.31961323832527816,0.34071067657950155,0.3844540841241186,0.4346483711487807,0.5,0.35867016302809746,0.021870137422699203,0.3301179144595778,0.33399427029669604,0.3584434303953167,0.38142390459142456,0.4051310248735014,0.38810141653380514,0.03743210381142587,0.31961323832527816,0.34071067657950155,0.3844540841241186,0.4346483711487807,0.5,0.35867016302809746,0.021870137422699203,0.3301179144595778,0.33399427029669604,0.3584434303953167,0.38142390459142456,0.4051310248735014
cohesion_disabled,nq_176,50,True,15,5,2.0,1.0,5,0;2;8;36;47,,0,0,0,0,2.0610392768951975,0.4122078553790395,10,7.713437931181258,3.856718965590629,3.856718965590629,1.7956796886954316,-48.20432031130457,-44.34760134571394,-44.34760134571394,True,1.7956796886954316,0.0,3003,0.15082021322246966,0.3262513604827629,0.0005784646408086106,0.0012779134150372768,0.012073513230037936,0.6066127839458347,1.0,0.4122078553790395,0.4641280927070041,0.009952872213105209,0.012475412426920846,0.07534236245574338,0.9837939277914818,1.0,0.7816334544490998,0.05325046658705546,0.663125187019704,0.7211555355196824,0.7751455792703017,0.8434927414561454,0.9831320228850794,0.7713437931181258,0.08921142975756717,0.663125187019704,0.6717145288451892,0.7564701765449658,0.8444135251875022,0.9831320228850794,0.3908167272245499,0.02662523329352773,0.331562593509852,0.3605777677598412,0.38757278963515085,0.4217463707280727,0.4915660114425397,0.3856718965590629,0.044605714878783585,0.331562593509852,0.3358572644225946,0.3782350882724829,0.4222067625937511,0.4915660114425397,0.3908167272245499,0.02662523329352773,0.331562593509852,0.3605777677598412,0.38757278963515085,0.4217463707280727,0.4915660114425397,0.3856718965590629,0.044605714878783585,0.331562593509852,0.3358572644225946,0.3782350882724829,0.4222067625937511,0.4915660114425397
cohesion_disabled,nq_177,50,True,15,5,2.0,1.0,5,8;12;15;17;36,5;7;12;13;18;20;21;31;34;37;39;43;47,1,1,4,1,3.2143136160894827,0.6428627232178965,10,8.027199888648651,4.0135999443243255,4.0135999443243255,0.7992863282348428,-49.20071367176516,-45.18711372744083,-45.18711372744083,True,0.7992863282348428,0.0,3003,0.2940412423891971,0.3110578987180622,0.06313196891004454,0.06653724296427513,0.1660009395602586,0.8587814578680485,1.0,0.6428627232178965,0.31999206901223715,0.2181764474013443,0.25393639377742655,0.771775276699523,0.9667142314588263,1.0,0.8087493394285205,0.048730093190758265,0.6906372899031764,0.7509978419490114,0.8064656317250551,0.8676389343357523,0.9814526124195154,0.802719988864865,0.0320093065073217,0.7608741932582744,0.7710018945214795,0.8012047542402282,0.8460138231613412,0.8685688467260383,0.4043746697142602,0.024365046595379133,0.3453186449515882,0.3754989209745057,0.40323281586252757,0.43381946716787617,0.4907263062097577,0.4013599944324325,0.01600465325366085,0.3804370966291372,0.38550094726073975,0.4006023771201141,0.4230069115806706,0.43428442336301915,0.4043746697142602,0.024365046595379133,0.3453186449515882,0.3754989209745057,0.40323281586252757,0.43381946716787617,0.4907263062097577,0.4013599944324325,0.01600465325366085,0.3804370966291372,0.38550094726073975,0.4006023771201141,0.4230069115806706,0.43428442336301915
cohesion_disabled,nq_178,50,True,15,5,2.0,1.0,5,2;24;37;40;46,2;5;17;21;24;26;28;34;46,1,1,6,3,3.6354862176153993,0.7270972435230798,10,8.32698252625508,4.16349126312754,4.16349126312754,0.5280050455121406,-49.47199495448786,-45.308503691360315,-45.30850369136032,True,0.5280050455121406,0.0,3003,0.4400199107133694,0.2577027830403125,0.12468857167922484,0.18232281086492316,0.38241944168863096,0.8551608028588726,1.0,0.7270972435230798,0.21903637551893596,0.44181396604441464,0.4734384364505878,0.742587314239048,0.9720839181088357,1.0,0.8727392846438551,0.06148251329599745,0.6855386692074714,0.7601710268306819,0.8856001143183827,0.9280311916363377,0.9608096216794502,0.832698252625508,0.07599885727521484,0.7274597682158596,0.73373071165687,0.8537216408698334,0.9247221945926319,0.9608096216794502,0.43636964232192754,0.030741256647998726,0.3427693346037357,0.38008551341534097,0.44280005715919135,0.46401559581816887,0.4804048108397251,0.416349126312754,0.03799942863760742,0.3637298841079298,0.366865355828435,0.4268608204349167,0.46236109729631597,0.4804048108397251,0.43636964232192754,0.030741256647998726,0.3427693346037357,0.38008551341534097,0.44280005715919135,0.46401559581816887,0.4804048108397251,0.416349126312754,0.03799942863760742,0.3637298841079298,0.366865355828435,0.4268608204349167,0.46236109729631597,0.4804048108397251
cohesion_disabled,nq_179,50,True,15,5,2.0,1.0,5,3;20;28;29;36,,0,0,0,0,1.0066692786750728,0.20133385573501456,10,6.667270105069407,3.3336350525347034,3.3336350525347034,2.3269657738596305,-47.673034226140366,-44.33939917360567,-44.33939917360567,True,2.3269657738596305,0.0,3003,0.06778493814989266,0.2491472897998189,0.0002474418406160379,0.0004593556259699065,0.0007020185965363528,0.003783904413214909,1.0,0.20133385573501456,0.39933451896958794,0.0005480920328847855,0.0005839102564015243,0.0019815484635676748,0.6014008002347776,1.0,0.7094113157534089,0.04794959338408136,0.5842075905476081,0.6459444708176633,0.7125951705462165,0.7640206489023265,0.828604235344252,0.6667270105069406,0.05260811189852852,0.5842075905476081,0.6148992167329536,0.6596162591620061,0.7414922108176878,0.7728240796907412,0.35470565787670444,0.02397479669204068,0.29210379527380403,0.32297223540883163,0.35629758527310823,0.38201032445116323,0.414302117672126,0.3333635052534703,0.02630405594926426,0.29210379527380403,0.3074496083664768,0.32980812958100303,0.3707461054088439,0.3864120398453706,0.35470565787670444,0.02397479669204068,0.29210379527380403,0.32297223540883163,0.35629758527310823,0.38201032445116323,0.414302117672126,0.3333635052534703,0.02630405594926426,0.29210379527380403,0.3074496083664768,0.32980812958100303,0.3707461054088439,0.3864120398453706
cohesion_disabled,nq_180,50,True,15,5,2.0,1.0,5,10;13;14;38;42,1;5;13;41,1,1,3,1,4.972552594584754,0.9945105189169509,10,8.274921466995517,4.1374607334977584,4.1374607334977584,-0.8350918610869957,-50.835091861086994,-46.69763112758923,-46.69763112758923,True,-0.8350918610869957,0.0,3003,0.9957791418140481,0.003912210215128224,0.9891170623516706,0.9899113212695677,0.9975258246923956,0.9999856213597679,1.0,0.9945105189169509,0.0037274960634066795,0.9896686012381866,0.9905957970040008,0.9934376291348541,0.9989706991969155,0.9999339488665954,0.8759221492643516,0.04641413461978819,0.775536584144969,0.8195378192133799,0.8756937551752871,0.9422634860874212,0.9719446373616691,0.8274921466995517,0.05955515896664693,0.775536584144969,0.7783414039397912,0.8071672269729124,0.9397504274923408,0.9448579894325054,0.4379610746321758,0.023207067309894094,0.3877682920724845,0.40976890960668994,0.43784687758764357,0.4711317430437106,0.48597231868083457,0.41374607334977587,0.029777579483323467,0.3877682920724845,0.3891707019698956,0.4035836134864562,0.4698752137461704,0.4724289947162527,0.4379610746321758,0.023207067309894094,0.3877682920724845,0.40976890960668994,0.43784687758764357,0.4711317430437106,0.48597231868083457,0.41374607334977587,0.029777579483323467,0.3877682920724845,0.3891707019698956,0.4035836134864562,0.4698752137461704,0.4724289947162527
cohesion_disabled,nq_181,50,True,15,5,2.0,1.0,5,5;17;30;42;48,17;30,1,1,2,2,3.0622917643991716,0.6124583528798344,10,7.808408263231524,3.904204131615762,3.904204131615762,0.8419123672165902,-49.158087632783406,-45.25388350116765,-45.25388350116765,True,0.8419123672165902,0.0,3003,0.22751660114509792,0.32893159423636675,0.009976124787162857,0.013864149244307362,0.03583732772204152,0.7966462875125462,1.0,0.6124583528798344,0.31599580229288515,0.16150424476190792,0.2386045195413677,0.6563663262173884,0.9560665046837273,1.0,0.7896814437952419,0.05612247253673101,0.6907405727705249,0.7296015279011461,0.7825147168040926,0.8637835382777291,0.9962307642458018,0.7808408263231523,0.06401528693282724,0.731191527903169,0.7347818403889212,0.7699792190119652,0.8088938866081287,0.9631256282932871,0.3948407218976209,0.028061236268365507,0.34537028638526246,0.36480076395057304,0.3912573584020463,0.43189176913886457,0.4981153821229009,0.39042041316157616,0.03200764346641362,0.3655957639515845,0.3673909201944606,0.3849896095059826,0.40444694330406433,0.48156281414664354,0.3948407218976209,0.028061236268365507,0.34537028638526246,0.36480076395057304,0.3912573584020463,0.43189176913886457,0.4981153821229009,0.39042041316157616,0.03200764346641362,0.3655957639515845,0.3673909201944606,0.3849896095059826,0.40444694330406433,0.48156281414664354
cohesion_disabled,nq_182,50,True,15,5,2.0,1.0,5,1;3;35;36;39,,0,0,0,0,4.963170326392718,0.9926340652785438,10,6.806500050880309,3.4032500254401543,3.4032500254401543,-1.5599203009525637,-51.55992030095256,-48.15667027551241,-48.15667027551241,True,-1.5599203009525637,0.0,3003,0.9942516889073626,0.008355602831916104,0.974859585928369,0.9804642336516942,0.999068683690197,0.999951955904653,1.0,0.9926340652785438,0.00954769200196513,0.974859585928369,0.9810592055292332,0.998898562290544,0.9996183892079263,0.9999848595530793,0.74416474750175,0.07415492533998352,0.625388138827592,0.6613880272692205,0.7262852640397822,0.8495384783445482,0.9962264504719673,0.680650005088031,0.06849451839202951,0.6319615526860222,0.6353600404069845,0.6517038305486882,0.729202133902106,0.8746125533955563,0.372082373750875,0.03707746266999176,0.312694069413796,0.33069401363461026,0.3631426320198911,0.4247692391722741,0.49811322523598367,0.3403250025440155,0.034247259196014755,0.3159807763430111,0.31768002020349223,0.3258519152743441,0.364601066951053,0.43730627669777816,0.372082373750875,0.03707746266999176,0.312694069413796,0.33069401363461026,0.3631426320198911,0.4247692391722741,0.49811322523598367,0.3403250025440155,0.034247259196014755,0.3159807763430111,0.31768002020349223,0.3258519152743441,0.364601066951053,0.43730627669777816
cohesion_disabled,nq_183,50,True,15,5,2.0,1.0,5,2;17;21;38;43,12;27;29;49,1,0,1,0,1.847502936738838,0.3695005873477676,10,6.278008647688827,3.1390043238444134,3.1390043238444134,1.2915013871055754,-48.708498612894424,-45.56949428905001,-45.56949428905001,True,1.2915013871055754,0.0,3003,0.14176797507753375,0.2648389863080882,0.016035280621141602,0.017321802307024046,0.025497062606866183,0.3903036841767201,1.0,0.3695005873477676,0.3638030827805681,0.016035280621141602,0.06237405015125516,0.14723793413021188,0.8209390070164237,1.0,0.6620918068628784,0.08831575455407248,0.5089884565547277,0.5530517877004992,0.6574909596590299,0.7810987163272636,0.9636865476485716,0.6278008647688827,0.08789508726303272,0.5222554752686903,0.5296201440681239,0.617121323217528,0.7200954596827964,0.8149103521189447,0.3310459034314392,0.04415787727703624,0.25449422827736384,0.2765258938502496,0.32874547982951496,0.3905493581636318,0.4818432738242858,0.3139004323844414,0.04394754363151636,0.26112773763434516,0.2648100720340619,0.308560661608764,0.3600477298413982,0.40745517605947235,0.3310459034314392,0.04415787727703624,0.25449422827736384,0.2765258938502496,0.32874547982951496,0.3905493581636318,0.4818432738242858,0.3139004323844414,0.04394754363151636,0.26112773763434516,0.2648100720340619,0.308560661608764,0.3600477298413982,0.40745517605947235
cohesion_disabled,nq_184,50,True,15,5,2.0,1.0,5,0;2;15;28;36,0;2;4;9,1,1,4,2,3.118788996243619,0.6237577992487238,10,8.289451448847501,4.1447257244237505,4.1447257244237505,1.0259367281801315,-48.974063271819865,-44.82933754739613,-44.82933754739612,True,1.0259367281801315,0.0,3003,0.23114564344682711,0.30762909811286937,0.005972537797005182,0.011969566813629404,0.053189897548749906,0.6701995128777096,1.0,0.6237577992487238,0.22664704814834313,0.3403776885556173,0.38651467441403675,0.6170758990704591,0.8822461021663508,1.0,0.784979756975742,0.06645168237776253,0.6241596846106072,0.7059066872251408,0.7905351624388081,0.8704872491327056,0.9935238292823434,0.8289451448847499,0.05107942371885979,0.7712460796280212,0.789120778715008,0.8044845561683313,0.9107963806425216,0.9336981821084636,0.392489878487871,0.033225841188881264,0.3120798423053036,0.3529533436125704,0.39526758121940403,0.4352436245663528,0.4967619146411717,0.41447257244237495,0.025539711859429895,0.3856230398140106,0.394560389357504,0.4022422780841656,0.4553981903212608,0.4668490910542318,0.392489878487871,0.033225841188881264,0.3120798423053036,0.3529533436125704,0.39526758121940403,0.4352436245663528,0.4967619146411717,0.41447257244237495,0.025539711859429895,0.3856230398140106,0.394560389357504,0.4022422780841656,0.4553981903212608,0.4668490910542318
cohesion_disabled,nq_185,50,True,15,5,2.0,1.0,5,20;25;37;43;48,,0,0,0,0,1.664934584179525,0.332986916835905,10,6.993636784822675,3.4968183924113374,3.4968183924113374,1.8318838082318125,-48.168116191768185,-44.67129779935685,-44.67129779935685,True,1.8318838082318125,0.0,3003,0.11735166193912017,0.2522913969174978,0.0037025860712918933,0.004010259778746642,0.009834926345833099,0.2701041015937351,1.0,0.332986916835905,0.34794128145091,0.019760197486447417,0.06560694311508178,0.1818714674364567,0.731570343079435,1.0,0.7426361534831516,0.06846902373447918,0.56072046401286,0.6478288317386502,0.7612724397684623,0.8131771743287904,0.9686841064890898,0.6993636784822674,0.07284522866797562,0.5825945189584022,0.5920758808232258,0.7175484757699019,0.7685039945795401,0.8187251929024747,0.3713180767415758,0.03423451186723959,0.28036023200643,0.3239144158693251,0.38063621988423113,0.4065885871643952,0.4843420532445449,0.3496818392411337,0.03642261433398781,0.2912972594792011,0.2960379404116129,0.35877423788495094,0.38425199728977005,0.40936259645123735,0.3713180767415758,0.03423451186723959,0.28036023200643,0.3239144158693251,0.38063621988423113,0.4065885871643952,0.4843420532445449,0.3496818392411337,0.03642261433398781,0.2912972594792011,0.2960379404116129,0.35877423788495094,0.38425199728977005,0.40936259645123735
cohesion_disabled,nq_186,50,True,15,5,2.0,1.0,5,2;6;7;22;23,0;2;6;7;13;15;18;22;34;38;49,1,1,8,4,4.900224304979085,0.980044860995817,10,8.177049319898,4.088524659949,4.088524659949,-0.8116996450300853,-50.81169964503009,-46.72317498508109,-46.72317498508109,True,-0.8116996450300853,0.0,3003,0.8818332823262004,0.11540995273142134,0.6523326258345071,0.715492236679057,0.9389633922635613,0.9914998646527383,1.0,0.980044860995817,0.014331894388859859,0.962531594236021,0.9636218062981009,0.9825295306239975,0.9959624222911385,1.0,0.8486696374478822,0.04386473822756434,0.7110169338648752,0.7935894756359209,0.8473178662957584,0.9018287900983148,0.9470220094397225,0.8177049319897998,0.039344800119913474,0.750261190608375,0.7577717371258819,0.8223532009015129,0.8683923391596229,0.882152918886229,0.4243348187239411,0.02193236911378217,0.3555084669324376,0.39679473781796043,0.4236589331478792,0.4509143950491574,0.47351100471986124,0.4088524659948999,0.019672400059956737,0.3751305953041875,0.37888586856294093,0.41117660045075644,0.43419616957981144,0.4410764594431145,0.4243348187239411,0.02193236911378217,0.3555084669324376,0.39679473781796043,0.4236589331478792,0.4509143950491574,0.47351100471986124,0.4088524659948999,0.019672400059956737,0.3751305953041875,0.37888586856294093,0.41117660045075644,0.43419616957981144,0.4410764594431145
cohesion_disabled,nq_187,50,True,15,5,2.0,1.0,5,0;2;9;12;30,0;5;17,1,1,2,1,3.2308272416378596,0.646165448327572,10,7.784468621893892,3.892234310946946,3.892234310946946,0.6614070693090865,-49.338592930690915,-45.44635861974397,-45.44635861974397,True,0.6614070693090865,0.0,3003,0.23038567751767325,0.37254537380042735,0.0013185817402846189,0.0021296256537053837,0.020454153910547966,0.9425949261321978,1.0,0.646165448327572,0.3948285353520062,0.020454153910547966,0.14867631835401382,0.8951159374633084,0.9896990340979163,1.0,0.7814856103539912,0.05256510438775167,0.658915839617631,0.7094988296434929,0.7804392082132934,0.8480232373511889,0.9418952722938317,0.7784468621893893,0.06740154282888126,0.6678225029220137,0.6957648317235396,0.7844421881530106,0.8536212441628819,0.8762502394473445,0.3907428051769956,0.026282552193875836,0.3294579198088155,0.35474941482174643,0.3902196041066467,0.42401161867559445,0.47094763614691587,0.38922343109469465,0.03370077141444063,0.33391125146100686,0.3478824158617698,0.3922210940765053,0.42681062208144094,0.43812511972367224,0.3907428051769956,0.026282552193875836,0.3294579198088155,0.35474941482174643,0.3902196041066467,0.42401161867559445,0.47094763614691587,0.38922343109469465,0.03370077141444063,0.33391125146100686,0.3478824158617698,0.3922210940765053,0.42681062208144094,0.43812511972367224
cohesion_disabled,nq_188,50,True,15,5,2.0,1.0,5,8;25;33;38;40,40,1,1,1,1,1.0024302216208807,0.20048604432417613,10,6.682250384102587,3.3411251920512934,3.3411251920512934,2.3386949704304127,-47.66130502956959,-44.320179837518296,-44.320179837518296,True,2.3386949704304127,0.0,3003,0.06707420968616544,0.24933541839438123,3.46017424409155e-05,5.100650497353183e-05,0.00023514677329520946,0.0015634845869884188,1.0,0.20048604432417613,0.3997572502891622,3.46017424409155e-05,7.659223310906844e-05,0.0011211036364123274,0.6004539753091666,1.0,0.7558671760091187,0.09088548832684044,0.561846716979215,0.648119806876233,0.7422953673541692,0.8718140227572765,0.9344287261181643,0.6682250384102588,0.061443826478335926,0.561846716979215,0.590719922019858,0.6624135829014983,0.7459841843341155,0.7791835371536322,0.37793358800455934,0.04544274416342022,0.2809233584896075,0.3240599034381165,0.3711476836770846,0.43590701137863824,0.46721436305908215,0.3341125192051294,0.030721913239167963,0.2809233584896075,0.295359961009929,0.33120679145074916,0.37299209216705775,0.3895917685768161,0.37793358800455934,0.04544274416342022,0.2809233584896075,0.3240599034381165,0.3711476836770846,0.43590701137863824,0.46721436305908215,0.3341125192051294,0.030721913239167963,0.2809233584896075,0.295359961009929,0.33120679145074916,0.37299209216705775,0.3895917685768161
cohesion_disabled,nq_189,50,True,15,5,2.0,1.0,5,0;1;2;19;29,,0,0,0,0,1.9855484472870935,0.3971096894574187,10,6.510085577313013,3.2550427886565063,3.2550427886565063,1.2694943413694129,-48.730505658630584,-45.47546286997408,-45.47546286997408,True,1.2694943413694129,0.0,3003,0.13329904745622448,0.33699252667723717,1.7785387668592137e-05,3.15237702504615e-05,9.758779585816644e-05,0.5954116588526022,1.0,0.3971096894574187,0.48608147929585743,3.5663416596916944e-05,6.0433168301416744e-05,0.0006024340965124087,0.9939251047912504,1.0,0.6919537512714714,0.07629402624939295,0.539617305514358,0.5976188942811844,0.697555825375988,0.7672445978823808,0.9926413947884674,0.6510085577313012,0.12571398893494418,0.5566457274668415,0.5599545894006822,0.5920466431005631,0.7396444191094951,0.9926413947884674,0.3459768756357357,0.038147013124696476,0.269808652757179,0.2988094471405922,0.348777912687994,0.3836222989411904,0.4963206973942337,0.3255042788656506,0.06285699446747209,0.27832286373342074,0.2799772947003411,0.29602332155028155,0.36982220955474754,0.4963206973942337,0.3459768756357357,0.038147013124696476,0.269808652757179,0.2988094471405922,0.348777912687994,0.3836222989411904,0.4963206973942337,0.3255042788656506,0.06285699446747209,0.27832286373342074,0.2799772947003411,0.29602332155028155,0.36982220955474754,0.4963206973942337
cohesion_disabled,nq_190,50,True,15,5,2.0,1.0,5,0;3;15;19;41,0;3;15;17,1,1,4,3,4.824221676193318,0.9648443352386634,10,8.298663797050786,4.149331898525393,4.149331898525393,-0.674889777667925,-50.67488977766793,-46.52555787914254,-46.52555787914253,True,-0.674889777667925,0.0,3003,0.409014951190571,0.43735039575577245,0.00132700387355926,0.00473739131794714,0.08401513331972152,0.9972018940264097,1.0,0.9648443352386634,0.047341062071766804,0.8762878217227301,0.9077405022213175,0.9930335243721173,0.9999923228517085,1.0,0.8071136483231164,0.06068707753944346,0.6886223996290819,0.7289936481664998,0.8013249510481002,0.8924071360769221,0.9802686933800855,0.8298663797050784,0.06311199286276192,0.7603330293976294,0.7808362009519375,0.7990642135489398,0.893036721232062,0.9802686933800855,0.4035568241615582,0.03034353876972173,0.34431119981454095,0.3644968240832499,0.4006624755240501,0.44620356803846106,0.49013434669004274,0.4149331898525392,0.03155599643138096,0.3801665146988147,0.39041810047596875,0.3995321067744699,0.446518360616031,0.49013434669004274,0.4035568241615582,0.03034353876972173,0.34431119981454095,0.3644968240832499,0.4006624755240501,0.44620356803846106,0.49013434669004274,0.4149331898525392,0.03155599643138096,0.3801665146988147,0.39041810047596875,0.3995321067744699,0.446518360616031,0.49013434669004274
cohesion_disabled,nq_191,50,True,15,5,2.0,1.0,5,0;8;29;36;47,0;2;6;8;9;30;35;36;47,1,1,8,4,4.825034657983528,0.9650069315967056,10,7.913629567748726,3.956814783874363,3.956814783874363,-0.8682198741091649,-50.868219874109165,-46.911405090234794,-46.9114050902348,True,-0.8682198741091649,0.0,3003,0.8860718435563272,0.15380032757103038,0.5589092573657104,0.6094553217096726,0.9706383589024273,0.9986608978481035,1.0,0.9650069315967056,0.04881152714163363,0.8696102174686642,0.9100214740421695,0.9870983699941195,0.9990750846473266,1.0,0.838372960436664,0.06329204399781746,0.6513965732261001,0.7520984457534418,0.8514782885332562,0.9063050650853296,0.950210876696935,0.7913629567748726,0.06749658458290095,0.6640118913609583,0.7126139891097103,0.8099805788096242,0.8603913146055989,0.8808266821062378,0.419186480218332,0.03164602199890873,0.32569828661305006,0.3760492228767209,0.4257391442666281,0.4531525325426648,0.4751054383484675,0.3956814783874363,0.033748292291450474,0.33200594568047914,0.35630699455485515,0.4049902894048121,0.43019565730279946,0.4404133410531189,0.419186480218332,0.03164602199890873,0.32569828661305006,0.3760492228767209,0.4257391442666281,0.4531525325426648,0.4751054383484675,0.3956814783874363,0.033748292291450474,0.33200594568047914,0.35630699455485515,0.4049902894048121,0.43019565730279946,0.4404133410531189
cohesion_disabled,nq_192,50,True,15,5,2.0,1.0,5,0;3;6;13;37,3;11;22,1,1,3,1,1.9542509836729094,0.3908501967345819,10,7.762841816988372,3.881420908494186,3.881420908494186,1.9271699248212766,-48.07283007517872,-44.19140916668454,-44.19140916668454,True,1.9271699248212766,0.0,3003,0.14430088051580234,0.3031830452190974,0.003250597256065685,0.004076001336977908,0.017374292874895978,0.5369068168980936,1.0,0.3908501967345819,0.42885580929773853,0.003872266656092638,0.009273077143613974,0.11447918793529319,0.9274100944826511,1.0,0.8117167797592921,0.055032519209374145,0.6336708821690412,0.7375392126281956,0.8215084330880476,0.8667801245201116,0.9282989067069218,0.7762841816988372,0.06696776870339574,0.6336708821690412,0.7117629682467431,0.7796887096045608,0.8351210760079764,0.8861784256323648,0.40585838987964606,0.027516259604687072,0.3168354410845206,0.3687696063140978,0.4107542165440238,0.4333900622600558,0.4641494533534609,0.3881420908494186,0.03348388435169787,0.3168354410845206,0.35588148412337156,0.3898443548022804,0.4175605380039882,0.4430892128161824,0.40585838987964606,0.027516259604687072,0.3168354410845206,0.3687696063140978,0.4107542165440238,0.4333900622600558,0.4641494533534609,0.3881420908494186,0.03348388435169787,0.3168354410845206,0.35588148412337156,0.3898443548022804,0.4175605380039882,0.4430892128161824
cohesion_disabled,nq_193,50,True,15,5,2.0,1.0,5,5;8;29;31;41,,0,0,0,0,1.9492009203025176,0.3898401840605036,10,7.9725342969492425,3.9862671484746213,3.9862671484746213,2.0370662281721037,-47.9629337718279,-43.976666623353275,-43.976666623353275,True,2.0370662281721037,0.0,3003,0.15225003052805963,0.26133478658846815,0.0026815559412576937,0.002948962574423075,0.054674011144015315,0.40301738248234575,1.0,0.3898401840605036,0.3423533667949841,0.08518430106042374,0.0988759976832484,0.21872231746209625,0.810352303665005,1.0,0.8293139549958383,0.06546379415721089,0.6664616877247251,0.7469626323031171,0.8184856375518921,0.9110222935150468,0.9606280645615027,0.7972534296949243,0.05251397513317958,0.7280277928605742,0.7438111592636352,0.7898664524259311,0.8587962741058879,0.9057319459115851,0.41465697749791913,0.032731897078605444,0.33323084386236257,0.37348131615155855,0.40924281877594604,0.4555111467575234,0.48031403228075137,0.39862671484746215,0.02625698756658979,0.3640138964302871,0.3719055796318176,0.39493322621296556,0.42939813705294394,0.45286597295579256,0.41465697749791913,0.032731897078605444,0.33323084386236257,0.37348131615155855,0.40924281877594604,0.4555111467575234,0.48031403228075137,0.39862671484746215,0.02625698756658979,0.3640138964302871,0.3719055796318176,0.39493322621296556,0.42939813705294394,0.45286597295579256
cohesion_disabled,nq_194,50,True,15,5,2.0,1.0,5,0;1;15;19;40,0;1;19,1,1,3,3,2.9579913947709304,0.5915982789541862,10,7.197537680083782,3.598768840041891,3.598768840041891,0.6407774452709605,-49.35922255472904,-45.760453714687145,-45.760453714687145,True,0.6407774452709605,0.0,3003,0.19889853996873313,0.392047906923256,0.00025783971147591545,0.00036549925451448217,0.0037286003431412757,0.9791826624019266,1.0,0.5915982789541862,0.47934830775867016,0.0002760074379971123,0.0040452539776688525,0.9481354786276381,0.9999523139672476,1.0,0.7269382192822506,0.062987034280679,0.6176098455120703,0.6619028116434199,0.7203710146810354,0.8011492959699319,0.9943174468111927,0.7197537680083783,0.10035961128334694,0.6437493216649084,0.6440794051415545,0.6738526099344726,0.7997391001724067,0.9858582577058477,0.3634691096411253,0.0314935171403395,0.30880492275603516,0.33095140582170995,0.3601855073405177,0.40057464798496595,0.49715872340559636,0.35987688400418916,0.05017980564167347,0.3218746608324542,0.32203970257077724,0.3369263049672363,0.39986955008620334,0.49292912885292384,0.3634691096411253,0.0314935171403395,0.30880492275603516,0.33095140582170995,0.3601855073405177,0.40057464798496595,0.49715872340559636,0.35987688400418916,0.05017980564167347,0.3218746608324542,0.32203970257077724,0.3369263049672363,0.39986955008620334,0.49292912885292384
cohesion_disabled,nq_195,50,True,15,5,2.0,1.0,5,8;10;22;30;40,,0,0,0,0,1.8542219335881223,0.37084438671762443,10,9.412237308935344,4.706118654467672,4.706118654467672,2.85189672087955,-47.14810327912045,-42.44198462465278,-42.441984624652775,True,2.85189672087955,0.0,3003,0.16526835809746687,0.23734610744672022,0.016220548785174118,0.017620285112330988,0.09319303465162122,0.2673380195157178,1.0,0.37084438671762443,0.3197200621594834,0.10990113831259306,0.15130675814386288,0.25602672457569575,0.7099515531236265,1.0,0.9388646973439227,0.015801677950436646,0.8907180944202108,0.9204245923749419,0.9388147009452671,0.9587827613761741,0.9740944859292562,0.9412237308935344,0.012603699391947063,0.9255738342555417,0.9281598374174822,0.9402520224130534,0.9594938151152488,0.9607241427584309,0.4694323486719614,0.007900838975218323,0.4453590472101054,0.46021229618747095,0.46940735047263354,0.47939138068808707,0.4870472429646281,0.4706118654467672,0.006301849695973531,0.46278691712777087,0.4640799187087411,0.4701260112065267,0.4797469075576244,0.48036207137921544,0.4694323486719614,0.007900838975218323,0.4453590472101054,0.46021229618747095,0.46940735047263354,0.47939138068808707,0.4870472429646281,0.4706118654467672,0.006301849695973531,0.46278691712777087,0.4640799187087411,0.4701260112065267,0.4797469075576244,0.48036207137921544
cohesion_disabled,nq_196,50,True,15,5,2.0,1.0,5,0;11;12;16;46,0;1;5;6;10;12;15;16;22;26;37;38;45;46,1,1,9,4,4.1094968113042665,0.8218993622608535,10,7.703895960752088,3.851947980376044,3.851947980376044,-0.25754883092822256,-50.25754883092822,-46.405600850552176,-46.405600850552176,True,-0.25754883092822256,0.0,3003,0.3323353608344203,0.37189723668737973,0.03488359424570146,0.05950999066551177,0.13610943825519342,0.9677275443467585,1.0,0.8218993622608535,0.22823311323770792,0.3895951092491136,0.550890178885258,0.9425690344132441,0.9937999537209738,1.0,0.79924348349028,0.07418704489338092,0.618390669546667,0.7068031524849783,0.8050191415473004,0.8734435705010325,0.9850395099358101,0.7703895960752087,0.09067057163151057,0.625473691476947,0.6502011591014749,0.7700821330923476,0.8181768796556028,0.9850395099358101,0.39962174174514,0.03709352244669046,0.3091953347733335,0.35340157624248913,0.4025095707736502,0.43672178525051625,0.49251975496790507,0.38519479803760437,0.045335285815755286,0.3127368457384735,0.32510057955073746,0.3850410665461738,0.4090884398278014,0.49251975496790507,0.39962174174514,0.03709352244669046,0.3091953347733335,0.35340157624248913,0.4025095707736502,0.43672178525051625,0.49251975496790507,0.38519479803760437,0.045335285815755286,0.3127368457384735,0.32510057955073746,0.3850410665461738,0.4090884398278014,0.49251975496790507
cohesion_disabled,nq_197,50,True,15,5,2.0,1.0,5,1;3;4;12;32,1,1,1,1,1,3.0338340488706748,0.606766809774135,10,8.366675199396592,4.183337599698296,4.183337599698296,1.1495035508276215,-48.850496449172375,-44.667158849474085,-44.667158849474085,True,1.1495035508276215,0.0,3003,0.21113519399242398,0.3538172841919341,0.0008733009033719595,0.0009191803675002943,0.0041187091405731156,0.8485090712449073,1.0,0.606766809774135,0.3731487503582529,0.0009471358810006885,0.14365172148626473,0.7829895830620031,0.956875492013404,1.0,0.8307665565404094,0.07054647893343914,0.6375313092742788,0.7430644305543633,0.8274012824483625,0.9199940046067858,0.982304086126195,0.8366675199396593,0.09463757303228476,0.670603613411473,0.7425779432583413,0.8422637125680097,0.947913252057957,0.982304086126195,0.4153832782702047,0.03527323946671957,0.3187656546371394,0.37153221527718167,0.41370064122418126,0.4599970023033929,0.4911520430630975,0.41833375996982963,0.04731878651614238,0.3353018067057365,0.3712889716291706,0.42113185628400485,0.4739566260289785,0.4911520430630975,0.4153832782702047,0.03527323946671957,0.3187656546371394,0.37153221527718167,0.41370064122418126,0.4599970023033929,0.4911520430630975,0.41833375996982963,0.04731878651614238,0.3353018067057365,0.3712889716291706,0.42113185628400485,0.4739566260289785,0.4911520430630975
cohesion_disabled,nq_198,50,True,15,5,2.0,1.0,5,4;20;21;37;45,0;1;4;5;11;12;15;16;18;20;21;37;45;48,1,1,14,5,4.497473374262016,0.8994946748524033,10,8.340737711705756,4.170368855852878,4.170368855852878,-0.3271045184091381,-50.327104518409136,-46.15673566255626,-46.15673566255626,True,-0.3271045184091381,0.0,3003,0.6499456578317321,0.25683409253129325,0.0018002793060133023,0.3655438491040355,0.6751944472390685,0.9021866522169233,1.0,0.8994946748524033,0.05572441662860671,0.8472670770938318,0.8488869300664178,0.8857355018440469,0.9652616343195364,1.0,0.8376567060035737,0.06394880555391799,0.6754218006813958,0.7280425946102972,0.8468137040246383,0.9090377762987205,0.9428151480186957,0.8340737711705755,0.04342894269914589,0.7791128757121243,0.7910324719436175,0.8305096541511331,0.8763603060088531,0.9379473969300774,0.41882835300178684,0.031974402776958996,0.3377109003406979,0.3640212973051486,0.42340685201231915,0.45451888814936026,0.47140757400934785,0.41703688558528773,0.021714471349572946,0.38955643785606214,0.39551623597180874,0.41525482707556655,0.43818015300442653,0.4689736984650387,0.41882835300178684,0.031974402776958996,0.3377109003406979,0.3640212973051486,0.42340685201231915,0.45451888814936026,0.47140757400934785,0.41703688558528773,0.021714471349572946,0.38955643785606214,0.39551623597180874,0.41525482707556655,0.43818015300442653,0.4689736984650387
cohesion_disabled,nq_199,50,True,15,5,2.0,1.0,5,7;10;19;29;34,1;7;9;11;16;17;19;45,1,1,7,2,4.879598961921775,0.975919792384355,10,7.783596190717228,3.891798095358614,3.891798095358614,-0.9878008665631608,-50.98780086656316,-47.096002771204546,-47.096002771204546,True,-0.9878008665631608,0.0,3003,0.8524995835907525,0.2691780077071182,0.2093888624277644,0.3705173904337835,0.980031651558279,0.9997929716959272,1.0,0.975919792384355,0.02046722456636078,0.9393299537378131,0.9524588814599443,0.980031651558279,0.9952065902016465,0.9998627838431488,0.8320263269285668,0.06655562124422776,0.672332835355094,0.746093257836076,0.8334738437990069,0.9166084779775862,0.9906435147351497,0.7783596190717228,0.05631549708361128,0.7163282353438636,0.7213320396291322,0.7650616930222687,0.8353670037972669,0.9167755073305484,0.4160131634642834,0.03327781062211388,0.336166417677547,0.373046628918038,0.41673692189950345,0.4583042389887931,0.49532175736757483,0.3891798095358614,0.02815774854180564,0.3581641176719318,0.3606660198145661,0.38253084651113434,0.41768350189863346,0.4583877536652742,0.4160131634642834,0.03327781062211388,0.336166417677547,0.373046628918038,0.41673692189950345,0.4583042389887931,0.49532175736757483,0.3891798095358614,0.02815774854180564,0.3581641176719318,0.3606660198145661,0.38253084651113434,0.41768350189863346,0.4583877536652742
